-20 65 -1 -20.2981 65.4405 -1.62955 1300.41 -1548.06 119.292 -1548.06 2715.24 -125.83 119.292 -125.83 19.0141 
0 52 -2 -0.0918908 52.4627 -2.83704 890.438 1461.94 -215.362 1461.94 2483.79 127.903 -215.362 127.903 3333.19 
0 53 -2 -0.882427 53.2679 -2.79886 2755.65 -130.461 -1094.52 -130.461 17.3572 62.5229 -1094.52 62.5229 512.382 
-13 64 -3 -13.4499 64.4323 -3.84912 89.9038 -38.8781 642.067 -38.8781 66.6853 -365.693 642.067 -365.693 7380.22 
-11 67 -3 -11.478 67.4924 -3.66697 2959.27 -1759.03 89.8937 -1759.03 1084.66 464.696 89.8937 464.696 11403 
1 51 -3 1.75303 51.2904 -3.46897 636.341 815.145 -53.5535 815.145 1147.88 -108.901 -53.5535 -108.901 216.431 
-7 56 -3 -7.36956 56.7726 -3.81364 345.645 -681.228 -1307.46 -681.228 1504.67 2594.12 -1307.46 2594.12 30104.1 
-18 68 -3 -18.7449 68.6452 -3.92489 100.586 49.0306 -1014.85 49.0306 149.634 415.336 -1014.85 415.336 27816.2 
0 52 -3 -0.389783 52.6012 -3.34632 198.548 355.467 34.0205 355.467 660.48 62.7171 34.0205 62.7171 40.3101 
2 60 -3 2.59437 60.2646 -3.10514 126.55 71.8183 94.001 71.8183 68.4196 61.4032 94.001 61.4032 194.192 
