-147 -152 8 -147.48 -152.605 8.58325 38.0201 45.3236 79.3629 45.3236 1233.64 -436.114 79.3629 -436.114 553.664 
-144 -156 7 -144.194 -156.637 7.31167 447.129 -499.153 394.12 -499.153 934.557 -940.776 394.12 -940.776 1040.19 
-147 -163 7 -147.503 -163.241 7.35154 561.661 -1127.24 438.664 -1127.24 2402.73 -876.664 438.664 -876.664 352.194 
-146 -152 6 -146.135 -152.721 6.80792 223.144 -24.5161 -22.8298 -24.5161 168.172 -136.587 -22.8298 -136.587 283.46 
-147 -163 6 -147.124 -163.57 6.62981 101.601 4.25961 7.36055 4.25961 60.5291 -36.9466 7.36055 -36.9466 55.6049 
-146 -155 6 -146.483 -155.217 6.53121 205.074 32.5556 26.9886 32.5556 225.683 12.4908 26.9886 12.4908 16.41 
-146 -154 6 -146.281 -154.58 6.30397 179.458 41.9148 26.4261 41.9148 86.6606 -49.7884 26.4261 -49.7884 64.614 
-141 -158 5 -141.559 -158.197 5.5209 327.025 -461.975 162.485 -461.975 1353.36 -506.108 162.485 -506.108 214.819 
-144 -158 5 -144.799 -158.204 5.54208 88.5841 -1.90908 -35.4277 -1.90908 110.903 -35.8274 -35.4277 -35.8274 40.6397 
-143 -161 5 -143.397 -161.286 5.45792 146.392 576.539 -36.3983 576.539 7535.41 -1271.29 -36.3983 -1271.29 261.854 
-136 -157 3 -136.485 -157.598 3.50373 431.481 -209.672 -265.214 -209.672 1200.63 -219.463 -265.214 -219.463 285.031 
-145 -157 3 -145.457 -157.542 3.48432 275.918 367.967 -200.643 367.967 640.01 -429.42 -200.643 -429.42 331.526 
-145 -158 3 -145.516 -158.591 3.6288 13.8782 -15.9149 -5.96581 -15.9149 52.4085 12.6517 -5.96581 12.6517 12.1783 
-144 -151 2 -144.602 -151.663 2.61379 35.0268 29.9245 -33.7068 29.9245 37.6955 -37.7614 -33.7068 -37.7614 66.771 
-143 -152 2 -143.603 -152.661 2.33263 1347.88 -350.009 -952.295 -350.009 326.803 -38.6039 -952.295 -38.6039 1026.98 
-145 -158 4 -145.095 -158.533 4.39096 696.24 -562.194 110.525 -562.194 1060.4 -160.078 110.525 -160.078 37.1396 
-146 -157 0 -146.263 -157.143 0.313527 28.712 -36.2346 1.91524 -36.2346 2823.94 -154.626 1.91524 -154.626 15.0692 
-145 -152 1 -145.588 -152.519 1.55662 114.952 61.5528 -40.359 61.5528 47.918 -23.5006 -40.359 -23.5006 27.3842 
-143 -159 -5 -143.35 -159.955 -5.32917 380.157 -816.616 85.8763 -816.616 5665.45 -33.0497 85.8763 -33.0497 31.625 
-141 -159 -4 -141.829 -159.951 -4.75953 106.307 -200.103 -27.1119 -200.103 942.013 74.545 -27.1119 74.545 33.464 
-138 -153 5 -138.496 -153.546 5.75727 849.547 -1273.61 334.652 -1273.61 1943.05 -503.722 334.652 -503.722 215.61 
-144 -158 1 -144.914 -158.632 1.32833 879.333 -911.233 118.673 -911.233 1790.46 -352.514 118.673 -352.514 100.109 
-117 -153 -9 -117.256 -153.817 -9.50528 534.096 -438.693 202.566 -438.693 428.664 -195.32 202.566 -195.32 130.377 
-145 -156 0 -145.772 -156.604 -0.234639 154.838 -12.7724 -2.67493 -12.7724 67.009 -13.6196 -2.67493 -13.6196 5.95269 
-144 -154 9 -144.24 -154.477 9.33419 607.002 -1052.54 1383.78 -1052.54 2391.16 -3088.84 1383.78 -3088.84 4011.49 
-141 -158 3 -141.613 -158.858 3.57163 189.124 -298.86 25.0472 -298.86 738.524 -48.3848 25.0472 -48.3848 9.1035 
-143 -156 -1 -143.548 -156.845 -1.27996 402.976 653.945 -435.58 653.945 1541.51 -1209.15 -435.58 -1209.15 1028.69 
-146 -157 1 -146.548 -157.282 1.32041 9.45622 -1.08744 4.45648 -1.08744 225.861 110.9 4.45648 110.9 80.3635 
-145 -156 -6 -145.677 -156.891 -6.30573 51.0491 35.7537 44.8521 35.7537 731.94 131.594 44.8521 131.594 79.519 
-141 -158 1 -141.262 -158.659 1.5794 89.5781 -4.86615 -7.54365 -4.86615 22.1261 -8.54964 -7.54365 -8.54964 15.5983 
-144 -154 0 -144.124 -154.419 0.661315 879.814 3600.47 -4730.52 3600.47 18456.6 -23716.9 -4730.52 -23716.9 30675.1 
-146 -155 5 -146.267 -155.492 5.53215 232.801 21.4796 -89.3623 21.4796 62.1186 -71.057 -89.3623 -71.057 108.833 
-141 -158 4 -141.611 -158.524 4.37998 1897.54 -2108.38 1456.37 -2108.38 2547.66 -1711.53 1456.37 -1711.53 1167.31 
-140 -157 2 -140.924 -157.573 2.63139 639.644 -31.9319 -2.85624 -31.9319 136.425 -141.735 -2.85624 -141.735 168.735 
-142 -160 -5 -142.326 -160.072 -5.37755 15.6257 -22.3771 -8.37183 -22.3771 335.595 10.8468 -8.37183 10.8468 14.0947 
-142 -159 -8 -142.421 -159.942 -8.6126 26.6474 -165.317 8.56905 -165.317 3147.94 -88.3473 8.56905 -88.3473 66.6357 
-144 -159 -2 -144.113 -159.265 -2.3367 121.018 -60.3541 33.0368 -60.3541 910.043 -327.112 33.0368 -327.112 125.415 
-146 -163 6 -146.844 -163.355 6.39441 1316.76 -1418.83 -220.817 -1418.83 1696.01 207.043 -220.817 207.043 70.618 
-141 -152 6 -141.46 -152.142 6.36977 247.978 -367.1 135.203 -367.1 1963.21 -554.513 135.203 -554.513 203.583 
-139 -163 -5 -139.677 -163.683 -5.77055 1664.72 -3222.9 -361.654 -3222.9 6604.1 420.274 -361.654 420.274 334.004 
-138 -158 1 -138.258 -158.737 1.42343 201.725 -537.205 37.2212 -537.205 2650.79 -563.785 37.2212 -563.785 231.96 
-142 -160 -7 -142.492 -160.074 -7.50324 32.3683 -101.734 0.389215 -101.734 952.765 -63.6711 0.389215 -63.6711 13.2645 
-143 -160 -6 -143.217 -160.058 -6.25091 169.483 -183.439 -11.6957 -183.439 1853.79 148.109 -11.6957 148.109 36.3035 
-146 -156 0 -146.522 -156.499 0.192918 11.0052 2.52983 1.09833 2.52983 20.3747 5.94227 1.09833 5.94227 6.96916 
-147 -156 0 -147.23 -156.786 -0.12944 326.249 -401.163 -78.0911 -401.163 552.755 97.629 -78.0911 97.629 30.78 
-142 -159 -5 -142.076 -159.952 -5.60632 1007.75 -1627.04 -161.905 -1627.04 3467.54 309.051 -161.905 309.051 39.373 
-143 -157 -1 -143.434 -157.386 -1.66859 46.9694 -33.143 36.4997 -33.143 630.19 -279.475 36.4997 -279.475 203.69 
-109 -163 -8 -109.127 -163.33 -8.50879 413.631 -119.648 118.944 -119.648 69.6356 -32.7108 118.944 -32.7108 95.4476 
-148 -156 -7 -148.325 -156.247 -7.42221 62.762 184.793 -76.5798 184.793 892.357 -261.049 -76.5798 -261.049 114.654 
-94 -157 -8 -94.3182 -157.367 -8.70571 40.6359 59.4783 -68.0094 59.4783 144.796 -150.299 -68.0094 -150.299 181.948 
-146 -156 2 -146.572 -156.859 2.33345 24.2987 -87.694 -5.33971 -87.694 620.623 39.0026 -5.33971 39.0026 21.7096 
-139 -159 0 -139.388 -159.153 0.300816 245.841 -567.542 -52.2833 -567.542 1614.36 9.20469 -52.2833 9.20469 73.2417 
-117 -153 -8 -117.173 -153.849 -8.83921 940.032 -551.81 -301.892 -551.81 493.115 110.897 -301.892 110.897 197.446 
-94 -154 -8 -94.1377 -154.601 -8.81747 674.625 -3878.13 1043.91 -3878.13 32261.3 -10199.1 1043.91 -10199.1 3459.68 
-142 -160 -8 -142.598 -160.09 -8.48846 23.4403 -61.4017 3.01485 -61.4017 284.899 -20.6753 3.01485 -20.6753 18.7765 
-144 -154 1 -144.25 -154.652 1.2864 176.719 -35.9677 -7.89498 -35.9677 20.9169 -1.31382 -7.89498 -1.31382 14.1419 
-108 -163 -8 -108.901 -163.21 -8.58349 6169.58 -3118.68 -27.0273 -3118.68 1644.95 34.4966 -27.0273 34.4966 35.7094 
-141 -159 -5 -141.871 -159.921 -5.36834 144.053 132.051 -19.8152 132.051 832.438 -36.4207 -19.8152 -36.4207 19.8225 
-143 -159 -4 -143.431 -159.742 -4.44047 213.647 -18.4633 -60.0114 -18.4633 62.8266 -38.7673 -60.0114 -38.7673 64.4517 
-146 -157 -4 -146.368 -157.196 -4.33123 509.432 -2941.25 77.6031 -2941.25 21819.5 -719.605 77.6031 -719.605 123.475 
-141 -159 -1 -141.459 -159.672 -1.50481 46.8809 -160.549 43.8104 -160.549 2323.52 -774.421 43.8104 -774.421 271.087 
-137 -158 2 -137.283 -158.221 2.42293 253.204 -35.421 -279.862 -35.421 172.407 -49.275 -279.862 -49.275 374.705 
-143 -159 -3 -143.647 -159.617 -3.3659 53.2058 76.7815 -2.62965 76.7815 431.119 -106.955 -2.62965 -106.955 47.792 
-146 -163 5 -146.479 -163.224 5.55577 490.472 -425.012 58.1047 -425.012 646.419 -4.01749 58.1047 -4.01749 22.5814 
-145 -158 1 -145.15 -158.662 1.59269 436.895 -518.042 97.9863 -518.042 822.297 -179.907 97.9863 -179.907 58.5682 
-141 -159 -3 -141.742 -159.938 -3.44462 78.197 82.0324 -16.085 82.0324 707.123 -84.4011 -16.085 -84.4011 20.1029 
-142 -159 -6 -142.254 -159.932 -6.48326 17.9821 -47.3388 -2.93036 -47.3388 482.531 18.2126 -2.93036 18.2126 8.31046 
-141 -159 -2 -141.678 -159.866 -2.46177 100.679 -205.574 20.9031 -205.574 745.601 -107.874 20.9031 -107.874 26.9861 
-141 -158 2 -141.4 -158.708 2.44919 153.789 -104.228 -2.62961 -104.228 88.549 13.1255 -2.62961 13.1255 13.9024 
-143 -158 -2 -143.587 -158.62 -2.32764 110.424 -88.3622 152.32 -88.3622 228.394 -381.005 152.32 -381.005 693.048 
-141 -156 6 -141.478 -156.674 6.66874 525.884 -185.685 152.417 -185.685 475.329 -459.736 152.417 -459.736 461.403 
-145 -156 -1 -145.466 -156.753 -1.57034 233.857 584.959 251.598 584.959 1612.3 647.939 251.598 647.939 297.189 
-146 -156 -1 -146.359 -156.377 -1.37242 76.4464 41.1546 29.875 41.1546 32.0831 14.8412 29.875 14.8412 22.98 
-142 -160 -4 -142.146 -160.063 -4.75125 231.886 -348.241 -46.4185 -348.241 1039.09 128.718 -46.4185 128.718 31.0804 
-144 -159 0 -144.588 -159.076 -0.687387 147.571 -340.009 82.1163 -340.009 6735.75 -1055.55 82.1163 -1055.55 186.992 
-145 -158 2 -145.154 -158.525 2.63149 333.188 -208.985 67.0723 -208.985 201.165 -45.2556 67.0723 -45.2556 26.1782 
-137 -158 1 -137.739 -158.585 1.65903 716.878 -1765.94 317.093 -1765.94 4696.42 -882.165 317.093 -882.165 199.086 
-144 -153 1 -144.106 -153.404 1.4972 3293.04 -1822.47 2550.34 -1822.47 1192.87 -1673.27 2550.34 -1673.27 2367.52 
-143 -162 0 -143.306 -162.427 -0.338137 110.227 25.9681 35.5533 25.9681 28.4024 8.57583 35.5533 8.57583 18.4553 
-144 -158 0 -144.698 -158.882 0.0937425 254.889 -654.458 199.547 -654.458 2514.79 -656.975 199.547 -656.975 184.574 
-141 -159 0 -141.238 -159.143 0.221147 108.469 -226.752 23.5578 -226.752 862.427 -119.142 23.5578 -119.142 26.9903 
-144 -155 0 -144.093 -155.346 0.366969 256.125 33.905 5.75207 33.905 44.9797 -4.65635 5.75207 -4.65635 8.55296 
-146 -156 1 -146.585 -156.547 1.53339 18.9107 8.47648 5.7892 8.47648 48.1478 30.9632 5.7892 30.9632 30.5448 
-140 -154 4 -140.777 -154.559 4.75283 140.917 67.7377 -135.269 67.7377 110.283 -108.677 -135.269 -108.677 207.354 
-147 -157 1 -147.104 -157.428 1.413 552.571 -270.119 -69.2301 -270.119 272.714 -3.413 -69.2301 -3.413 32.6123 
