-62 60 0 -62.4485 60.1639 -0.656542 19.0993 38.8621 8.91538 38.8621 129.847 18.4154 8.91538 18.4154 24.6762 
-61 59 -2 -61.7068 59.3792 -2.19984 33.5834 6.33881 -30.401 6.33881 110.185 -259.599 -30.401 -259.599 715.479 
-66 58 -2 -66.3873 58.8518 -2.21901 54.389 -209.715 126.687 -209.715 1835.31 -1477.47 126.687 -1477.47 1365.91 
-136 64 -2 -136.344 64.9491 -2.28486 58.1072 -127.043 50.7996 -127.043 980.195 -98.5269 50.7996 -98.5269 76.3694 
-67 59 0 -67.4985 59.5241 -0.233357 10.125 -6.9361 2.2837 -6.9361 51.4926 -11.089 2.2837 -11.089 4.93666 
-66 59 -2 -66.7153 59.7928 -2.61492 136.649 -110.748 144.061 -110.748 155 -114.726 144.061 -114.726 205.588 
-62 59 -2 -62.8326 59.4704 -2.1054 152.015 -338.09 296.852 -338.09 1112.66 -891.145 296.852 -891.145 837.632 
-66 59 0 -66.851 59.7321 -0.712967 54.0663 -16.812 -4.73869 -16.812 59.0896 -14.8831 -4.73869 -14.8831 13.9685 
-136 64 -1 -136.392 64.9534 -1.72348 167.181 -1826.65 59.8967 -1826.65 25057.7 -905.257 59.8967 -905.257 62.3414 
-61 59 -3 -61.8858 59.7568 -3.60942 2940.25 -2907.17 -2821.72 -2907.17 3031.44 2935.88 -2821.72 2935.88 2862.07 
-67 58 -3 -67.732 58.3882 -3.48273 28.8604 8.82889 -453.293 8.82889 61.133 -305.777 -453.293 -305.777 15928.7 
-67 59 -1 -67.4099 59.5323 -1.39434 127.585 -183.488 65.4895 -183.488 299.989 -84.9387 65.4895 -84.9387 61.3839 
-53 65 -2 -53.7494 65.2668 -2.7325 67.2631 -19.8983 -15.1242 -19.8983 21.9641 3.32023 -15.1242 3.32023 19.0656 
-62 60 -1 -62.3615 60.2149 -1.38754 620.093 -616.646 -376.66 -616.646 806.584 504.102 -376.66 504.102 478.1 
