-175 -150 1 -175.406 -150.41 1.66748 41.1386 8.02788 33.0387 8.02788 30.7974 5.28456 33.0387 5.28456 38.4432 
-182 -150 1 -182.485 -150.835 1.47258 23.5504 13.6635 6.74589 13.6635 68.5107 -10.8139 6.74589 -10.8139 17.7642 
-182 -151 1 -182.643 -151.053 1.20242 165.802 170.862 27.7291 170.862 2746.47 74.0051 27.7291 74.0051 25.9098 
-236 -151 1 -236.817 -151.511 1.41306 1366.71 3324.28 -261.037 3324.28 8587.62 -632.977 -261.037 -632.977 60.2553 
-158 -152 0 -158.656 -152.82 0.856652 54.2929 -217.476 129.792 -217.476 4171.75 -3409.04 129.792 -3409.04 2907.57 
-244 -153 1 -244.361 -153.409 1.3368 21.1743 5.57059 -6.33758 5.57059 24.2263 8.60189 -6.33758 8.60189 20.4806 
-175 -153 1 -175.768 -153.479 1.53448 51.6029 -24.6315 -21.3012 -24.6315 32.4061 11.9306 -21.3012 11.9306 17.9863 
-172 -150 8 -172.702 -150.814 8.61604 159.077 -293.41 -51.0264 -293.41 666.083 128.883 -51.0264 128.883 105.758 
-221 -153 1 -221.552 -153.581 1.46097 48.9562 -27.0334 5.60155 -27.0334 39.4817 -16.7998 5.60155 -16.7998 20.3368 
-181 -154 1 -181.38 -154.28 1.51948 43.1351 -10.3672 6.81026 -10.3672 59.4362 8.40034 6.81026 8.40034 15.3421 
-178 -154 1 -178.7 -154.603 1.29051 19.9957 0.0512518 -13.9733 0.0512518 15.754 3.47631 -13.9733 3.47631 25.6773 
-163 -157 1 -163.151 -157.103 1.42164 415.308 -307.59 -126.25 -307.59 420.018 107.777 -126.25 107.777 54.3654 
-222 -152 0 -222.886 -152.368 -0.093821 3047.9 -1064.84 375.224 -1064.84 423.95 -123.184 375.224 -123.184 51.0689 
-172 -151 9 -172.64 -151.675 9.57581 56.692 -13.8934 1.27896 -13.8934 75.8267 37.6938 1.27896 37.6938 26.494 
-160 -153 0 -160.739 -153.505 0.390815 75.1194 -4.97875 -15.0928 -4.97875 32.2991 -23.5752 -15.0928 -23.5752 30.7605 
-249 -163 -2 -249.401 -163.508 -2.64455 73.9396 -17.0023 -282.244 -17.0023 58.5857 -22.9496 -282.244 -22.9496 1405.45 
-177 -151 0 -177.598 -151.337 0.215061 796.038 -841.598 -1315.79 -841.598 1122.16 1698.06 -1315.79 1698.06 2592.78 
-192 -163 7 -192.336 -163.475 7.76721 1762.49 -706.139 402.057 -706.139 413.927 -257.048 402.057 -257.048 221.584 
-244 -166 -2 -244.615 -166.405 -2.66803 302.299 -523.426 1541.47 -523.426 1811.66 1046.09 1541.47 1046.09 29335.4 
-237 -152 3 -237.527 -152.27 3.35334 501.945 -612.425 503.375 -612.425 795.02 -619.426 503.375 -619.426 532.978 
-179 -152 0 -179.404 -152.496 0.33132 26.0051 9.77669 -14.9462 9.77669 13.632 -10.9547 -14.9462 -10.9547 19.3236 
-225 -153 12 -225.302 -153.557 12.1175 9313.06 1266.39 17907.5 1266.39 251.262 2405.19 17907.5 2405.19 34691.7 
-242 -154 0 -242.583 -154.256 -0.124825 19.8214 5.65418 0.226435 5.65418 26.0892 -8.85767 0.226435 -8.85767 12.9977 
-237 -152 0 -237.615 -152.258 0.0471458 22.1553 -17.3539 2.5912 -17.3539 82.1396 -5.20957 2.5912 -5.20957 4.38775 
-244 -152 0 -244.579 -152.56 0.294752 14.4196 -1.15567 -2.07794 -1.15567 13.942 -3.42098 -2.07794 -3.42098 5.87591 
-224 -154 10 -224.894 -154.768 10.7462 587.037 -70.4449 247.508 -70.4449 555.962 -525.473 247.508 -525.473 579.646 
-220 -154 0 -220.778 -154.705 -0.211169 155.741 70.8133 6.0318 70.8133 230.914 -85.5097 6.0318 -85.5097 43.2347 
-163 -156 0 -163.574 -156.673 -0.00521656 15.6449 -7.65953 -3.81385 -7.65953 15.0235 2.1222 -3.81385 2.1222 3.54686 
-179 -154 0 -179.649 -154.423 0.0590854 39.4991 -37.0782 -35.396 -37.0782 117.165 64.9823 -35.396 64.9823 46.1501 
-177 -152 10 -177.743 -152.93 10.6066 72.6576 -71.1348 -14.7898 -71.1348 511.745 65.0857 -14.7898 65.0857 39.506 
-180 -150 0 -180.726 -150.208 0.150513 32.5078 27.2383 -7.75034 27.2383 52.8967 -14.606 -7.75034 -14.606 6.91534 
-209 -151 0 -209.62 -151.764 -0.170334 169.605 26.4835 103.103 26.4835 33.9682 12.6964 103.103 12.6964 66.3615 
-238 -152 0 -238.395 -152.313 -0.00478673 23.4972 12.0997 4.30076 12.0997 145.116 18.3313 4.30076 18.3313 4.30993 
-180 -152 0 -180.451 -152.559 0.0250125 27.6653 8.11467 -0.0681031 8.11467 34.7304 -2.53686 -0.0681031 -2.53686 4.02519 
-181 -153 0 -181.392 -153.665 -0.0126628 43.9226 -14.9033 -6.19456 -14.9033 48.5702 11.8405 -6.19456 11.8405 6.74527 
-151 -150 0 -151.407 -150.597 -0.0210588 10.2737 -6.25033 -0.982041 -6.25033 23.8913 -4.62185 -0.982041 -4.62185 5.20764 
-219 -155 0 -219.538 -155.369 -0.105625 23.556 -15.1973 -8.77324 -15.1973 26.1279 6.97553 -8.77324 6.97553 7.62027 
-222 -157 1 -222.81 -157.189 1.50967 63.5777 86.7254 -9.73945 86.7254 471.749 -45.739 -9.73945 -45.739 12.607 
-183 -151 1 -183.729 -151.627 1.23402 1834.56 547.819 -21.3649 547.819 180.91 -21.2906 -21.3649 -21.2906 44.7674 
-177 -153 1 -177.479 -153.229 1.43258 19.9308 -19.4399 -3.78227 -19.4399 84.4778 32.3726 -3.78227 32.3726 47.1894 
-243 -152 -1 -243.292 -152.724 -1.14136 201.909 -164.269 319.982 -164.269 149.574 -267.599 319.982 -267.599 546.71 
-218 -154 2 -218.781 -154.559 2.54909 187.506 -173.011 -0.821584 -173.011 312.254 -51.2166 -0.821584 -51.2166 35.3023 
-181 -151 -7 -181.538 -151.48 -7.19335 40.6023 33.4769 -0.786319 33.4769 36.4294 -3.98307 -0.786319 -3.98307 58.6591 
-180 -151 3 -180.452 -151.56 3.52668 43.028 28.5103 -8.04568 28.5103 34.4284 4.27255 -8.04568 4.27255 20.0002 
-161 -155 0 -161.855 -155.23 0.418895 68.9783 46.0485 -0.937736 46.0485 99.1573 -16.8198 -0.937736 -16.8198 12.8583 
-221 -157 8 -221.886 -157.035 8.62357 1350.7 5169.03 -853.751 5169.03 23639 -3577.09 -853.751 -3577.09 592.998 
-179 -150 0 -179.857 -150.755 -0.00597704 158.316 45.3371 -11.1853 45.3371 270.166 50.8911 -11.1853 50.8911 14.4538 
-236 -151 -1 -236.712 -151.617 -1.36734 20.9126 -5.99704 -9.72434 -5.99704 25.3999 6.76939 -9.72434 6.76939 19.8298 
-217 -151 7 -217.441 -151.763 7.86929 206.418 39.9859 -97.7672 39.9859 217.116 -249.248 -97.7672 -249.248 575.709 
-219 -155 -1 -219.691 -155.412 -1.465 55.7565 31.6745 -22.9922 31.6745 408.427 -143.031 -22.9922 -143.031 75.6098 
-179 -150 -5 -179.424 -150.639 -5.37393 38.6023 14.2104 62.9661 14.2104 12.1308 27.574 62.9661 27.574 171.959 
-182 -150 -1 -182.207 -150.95 -1.48378 167.458 120.598 -18.5196 120.598 873.783 -53.2575 -18.5196 -53.2575 18.9546 
-178 -151 -1 -178.677 -151.717 -1.4549 29.1797 11.568 3.3747 11.568 203.876 69.4348 3.3747 69.4348 40.4596 
-243 -153 -3 -243.555 -153.304 -3.68239 8.98819 4.07548 1.78119 4.07548 15.2622 1.82989 1.78119 1.82989 19.1915 
-222 -157 -1 -222.792 -157.105 -1.47274 27.2217 -17.3883 1.38918 -17.3883 128.774 5.21933 1.38918 5.21933 11.7702 
-161 -154 7 -161.719 -154.383 7.56117 237.703 812.808 -379.874 812.808 4327.53 -1959.35 -379.874 -1959.35 895.239 
-151 -150 -1 -151.719 -150.698 -1.4526 33.0927 -10.0747 5.55272 -10.0747 18.3318 1.08111 5.55272 1.08111 9.90502 
-176 -152 -1 -176.681 -152.637 -1.41082 626.726 -331.169 91.2008 -331.169 228.302 -75.489 91.2008 -75.489 36.5979 
-218 -153 5 -218.664 -153.704 5.38339 131.501 82.1961 -69.7491 82.1961 277.945 -140.045 -69.7491 -140.045 90.6708 
-176 -150 0 -176.725 -150.635 -0.154869 43.3887 9.19707 -1.38813 9.19707 20.1927 -5.39264 -1.38813 -5.39264 8.00721 
-182 -151 -2 -182.237 -151.108 -2.42659 56.3101 -20.9729 4.94007 -20.9729 60.9639 2.55834 4.94007 2.55834 8.80938 
-181 -153 -1 -181.325 -153.303 -1.51201 165.984 19.4383 -13.2299 19.4383 149.256 23.7701 -13.2299 23.7701 16.4411 
-175 -151 1 -175.549 -151.291 1.50286 746.412 -616.668 122.813 -616.668 854.477 -202.365 122.813 -202.365 107.09 
-151 -150 -2 -151.838 -150.857 -2.56032 1080.99 -3287.3 -131.163 -3287.3 10455.5 373.836 -131.163 373.836 30.1242 
-243 -152 -4 -243.433 -152.897 -4.18263 45.3537 -101.665 4.14848 -101.665 356.162 15.3472 4.14848 15.3472 69.5528 
-246 -163 -3 -246.391 -163.499 -3.16883 7.02028 8.06977 22.9016 8.06977 84.7525 218.215 22.9016 218.215 613.039 
-181 -151 -4 -181.947 -151.231 -4.40062 2333.67 586.037 67.1239 586.037 192.583 4.77322 67.1239 4.77322 11.7416 
-162 -156 5 -162.54 -156.605 5.58032 51.8419 12.2863 -7.19816 12.2863 30.5541 -0.458374 -7.19816 -0.458374 14.3354 
-181 -152 -1 -181.572 -152.302 -1.35736 70.7521 6.94734 -81.0429 6.94734 9.28953 -9.70233 -81.0429 -9.70233 115.118 
-179 -153 0 -179.486 -153.32 0.49545 10.0083 1.52443 -0.591992 1.52443 24.7355 3.46006 -0.591992 3.46006 9.70912 
-162 -155 0 -162.066 -155.275 -0.361759 3491.3 102.836 -196.889 102.836 3185.16 -237.719 -196.889 -237.719 31.5774 
-182 -151 0 -182.38 -151.126 -0.194195 32.5356 -16.6426 -2.59358 -16.6426 21.8787 0.462907 -2.59358 0.462907 4.47989 
-163 -155 0 -163.314 -155.911 0.0208356 343.893 480.516 -156.218 480.516 946.379 -218.663 -156.218 -218.663 77.2525 
-182 -151 9 -182.844 -151.026 9.42697 3165.99 -3978.87 -230.944 -3978.87 9697.03 458.735 -230.944 458.735 41.2685 
-184 -150 0 -184.382 -150.486 0.0232615 299.046 145.67 133.149 145.67 92.7882 63.9077 133.149 63.9077 61.8739 
-155 -154 0 -155.429 -154.434 -0.133151 141.627 -77.2023 118.426 -77.2023 3309.64 -422.339 118.426 -422.339 144.575 
-168 -150 -2 -168.674 -150.136 -2.46942 123.965 -246.307 35.7158 -246.307 629.595 -94.2586 35.7158 -94.2586 30.0296 
-245 -153 -2 -245.304 -153.778 -2.62662 59.3239 -68.2999 62.1351 -68.2999 153.087 -135.184 62.1351 -135.184 145.585 
-178 -152 1 -178.285 -152.337 1.42422 24.6961 -4.07465 -0.0540994 -4.07465 51.7826 -0.967707 -0.0540994 -0.967707 13.4433 
-181 -150 -2 -181.622 -150.061 -2.59806 1348.45 -1222.43 -129.465 -1222.43 2140.13 64.7571 -129.465 64.7571 28.5877 
-177 -152 5 -177.728 -152.194 5.5186 97.1957 -41.8292 -8.83134 -41.8292 232.132 22.9493 -8.83134 22.9493 11.7566 
-177 -152 -2 -177.081 -152.491 -2.57773 2929.43 -469.632 -136.474 -469.632 107.657 20.3184 -136.474 20.3184 17.4288 
-222 -152 2 -222.311 -152.612 2.50715 94.4175 46.0119 151.461 46.0119 59.0038 19.3785 151.461 19.3785 440.129 
-238 -152 -2 -238.733 -152.576 -2.53379 12.5195 -7.01338 1.2449 -7.01338 18.7802 -1.67674 1.2449 -1.67674 8.10284 
-222 -157 2 -222.711 -157.134 2.28624 287.092 623.503 40.4293 623.503 1760.23 79.9048 40.4293 79.9048 41.057 
-244 -153 -2 -244.63 -153.541 -2.6257 526.216 -279.227 536.173 -279.227 178.017 -312.79 536.173 -312.79 591.552 
-242 -152 1 -242.499 -152.503 1.30289 31.329 12.1661 18.3626 12.1661 48.5785 0.686091 18.3626 0.686091 39.6107 
-151 -150 -4 -151.708 -150.322 -4.66041 9.54708 -0.773116 0.481742 -0.773116 39.5306 15.4667 0.481742 15.4667 15.2037 
-169 -150 -4 -169.634 -150.187 -4.39193 59.5999 55.3337 18.6143 55.3337 207.96 -16.347 18.6143 -16.347 31.0717 
-236 -158 -2 -236.521 -158.347 -2.70294 298.816 623.109 191.962 623.109 1410.87 395.901 191.962 395.901 133.324 
-222 -156 -3 -222.5 -156.62 -3.65404 85.6892 -5.20295 -311.168 -5.20295 15.4613 12.2189 -311.168 12.2189 1210.68 
-222 -157 3 -222.81 -157.122 3.41332 96.7683 143.313 -1.39682 143.313 375.372 6.35743 -1.39682 6.35743 11.0007 
-223 -157 3 -223.38 -157.346 3.66896 14.8156 -1.71333 5.45237 -1.71333 15.2334 1.15347 5.45237 1.15347 14.0465 
-169 -159 0 -169.748 -159.526 -0.104238 30.9948 -22.0939 1.76303 -22.0939 74.8823 -91.7819 1.76303 -91.7819 235.604 
-162 -151 0 -162.508 -151.531 0.249066 2336.76 -1722.51 278.781 -1722.51 1277.36 -199.97 278.781 -199.97 54.0154 
-175 -151 -4 -175.657 -151.388 -4.58605 66.6624 14.9813 -68.1779 14.9813 25.1076 -21.8261 -68.1779 -21.8261 83.4489 
-182 -151 -1 -182.398 -151.131 -1.44288 25.2907 -12.2154 -5.97474 -12.2154 29.6703 -0.0332095 -5.97474 -0.0332095 14.6175 
-245 -163 -3 -245.43 -163.464 -3.27874 11.0186 15.2539 21.8745 15.2539 97.8479 46.8094 21.8745 46.8094 158.584 
-245 -153 0 -245.316 -153.257 0.0423842 90.655 15.273 -2.35886 15.273 41.2441 -12.8855 -2.35886 -12.8855 9.33037 
-154 -155 -2 -154.358 -155.183 -2.65716 159.942 -347.157 162.613 -347.157 1225.37 -412.672 162.613 -412.672 178.035 
-152 -150 0 -152.278 -150.658 0.113394 297.36 124.584 64.2174 124.584 131.739 3.249 64.2174 3.249 23.9655 
-248 -160 -3 -248.743 -160.668 -3.32102 136.358 -134.317 179.629 -134.317 169.566 -135.742 179.629 -135.742 316.493 
-182 -150 -2 -182.334 -150.936 -2.61348 28.8293 70.9267 -15.6911 70.9267 563.224 50.2582 -15.6911 50.2582 47.8057 
-182 -150 -4 -182.344 -150.743 -4.62521 304.753 423.44 -176.118 423.44 629.239 -254.876 -176.118 -254.876 121.759 
-181 -152 -3 -181.385 -152.807 -3.4922 23.1827 -75.5091 -25.3189 -75.5091 1639.23 520.289 -25.3189 520.289 174.319 
-162 -157 2 -162.872 -157.224 2.68651 2832.99 -4866.59 -1082.21 -4866.59 8673.16 1982.26 -1082.21 1982.26 477.051 
-179 -151 -4 -179.276 -151.445 -4.38683 55.035 19.0066 -6.61936 19.0066 245.053 46.0115 -6.61936 46.0115 19.2374 
-237 -151 1 -237.672 -151.505 1.42453 15.5004 0.989593 1.38194 0.989593 16.6361 -6.49048 1.38194 -6.49048 17.6188 
-242 -151 0 -242.503 -151.427 0.158719 30.4708 13.4802 1.67053 13.4802 16.0707 0.553528 1.67053 0.553528 8.65754 
-237 -152 -3 -237.508 -152.402 -3.60989 21.3815 -1.40956 -3.11981 -1.40956 19.0642 -1.64203 -3.11981 -1.64203 17.4208 
-222 -154 1 -222.553 -154.41 1.54299 145.224 -232.553 -13.5831 -232.553 509.274 -12.3154 -13.5831 -12.3154 65.416 
-180 -152 -1 -180.399 -152.725 -1.70969 90.3852 78.288 -52.7595 78.288 821.256 -651.728 -52.7595 -651.728 530.672 
-173 -150 -5 -173.226 -150.286 -5.10518 39.5962 13.3368 -133.963 13.3368 67.0053 -108.103 -133.963 -108.103 786.88 
-175 -150 -5 -175.831 -150.518 -5.40781 689.602 266.2 583.31 266.2 120.854 243.93 583.31 243.93 533.353 
-172 -150 7 -172.661 -150.255 7.79282 109.731 34.987 -10.491 34.987 101.288 54.0791 -10.491 54.0791 59.0152 
-183 -152 -6 -183.474 -152.449 -6.5868 728.2 -2256.58 -857.078 -2256.58 7094.89 2670.93 -857.078 2670.93 1071.46 
-177 -151 -6 -177.247 -151.342 -6.53912 38.1687 -90.192 8.44793 -90.192 1341.09 -1.03617 8.44793 -1.03617 25.5258 
-182 -150 3 -182.562 -150.721 3.49654 61.6011 -11.0525 -6.13328 -11.0525 68.5476 -5.44173 -6.13328 -5.44173 13.6488 
-245 -155 -4 -245.595 -155.515 -4.25585 23.0073 -2.3247 -14.4171 -2.3247 20.9691 -42.9041 -14.4171 -42.9041 296.056 
-237 -150 0 -237.291 -150.933 -0.606302 53.5738 60.3607 31.5832 60.3607 506.556 98.1768 31.5832 98.1768 48.0682 
-242 -152 -1 -242.6 -152.503 -1.50649 17.8245 -2.051 -14.8106 -2.051 21.1774 5.29317 -14.8106 5.29317 55.0519 
-237 -151 -1 -237.417 -151.667 -1.43832 20.403 13.1212 -5.71535 13.1212 20.8832 1.33932 -5.71535 1.33932 11.2636 
-223 -151 3 -223.372 -151.446 3.22251 100.728 43.8174 -100.076 43.8174 150.458 -88.3087 -100.076 -88.3087 226.135 
-243 -152 4 -243.613 -152.76 4.34089 1719.75 -1140.82 55.8016 -1140.82 850.461 -90.6977 55.8016 -90.6977 171.999 
-152 -150 -5 -152.163 -150.927 -5.51678 144.125 89.4928 -9.98248 89.4928 1095.67 32.627 -9.98248 32.627 15.1214 
-181 -152 -5 -181.319 -152.251 -5.63702 39.1367 13.4067 12.0231 13.4067 286.388 143.704 12.0231 143.704 90.9593 
-218 -152 6 -218.735 -152.577 6.65033 622.97 187.149 -73.4114 187.149 71.7611 -41.2012 -73.4114 -41.2012 62.2515 
-176 -153 0 -176.308 -153.177 0.113368 290.665 -328.408 -200.398 -328.408 583.467 269.402 -200.398 269.402 149.865 
-157 -152 2 -157.433 -152.589 2.291 318.557 362.665 -127.129 362.665 629.502 -160.12 -127.129 -160.12 73.275 
-161 -155 1 -161.801 -155.185 1.60224 158.986 265.773 -66.7597 265.773 1254.31 -231.367 -66.7597 -231.367 61.7821 
-180 -151 0 -180.446 -151.357 -0.084188 61.9333 28.1154 -41.9558 28.1154 26.1771 -17.1235 -41.9558 -17.1235 57.8777 
-182 -150 9 -182.815 -150.342 9.20754 220.844 20.8421 54.9202 20.8421 9.28456 -1.90243 54.9202 -1.90243 71.0778 
-164 -153 6 -164.262 -153.912 6.55489 154.108 -333.754 83.94 -333.754 960.888 -207.212 83.94 -207.212 54.6599 
-182 -150 -5 -182.313 -150.325 -5.74674 709.201 -468.764 -648.223 -468.764 483.817 512.228 -648.223 512.228 655.717 
-178 -152 3 -178.117 -152.582 3.51984 77.2603 2.58817 6.50524 2.58817 9.90932 9.65581 6.50524 9.65581 40.2524 
-185 -150 0 -185.537 -150.37 -0.106759 16.3052 -13.1734 -1.09023 -13.1734 46.5819 18.9716 -1.09023 18.9716 14.3659 
-218 -154 4 -218.457 -154.226 4.42123 85.7232 152.444 -22.9943 152.444 338.336 -42.5714 -22.9943 -42.5714 20.1018 
-182 -150 -6 -182.597 -150.13 -6.22995 176.1 -381.633 -145.806 -381.633 2859.4 777.337 -145.806 777.337 242.483 
-216 -153 6 -216.78 -153.946 6.70429 41.8521 182.124 -38.9311 182.124 2992.96 -296.934 -38.9311 -296.934 57.9166 
-181 -152 -6 -181.25 -152.159 -6.30969 49.5015 31.7862 5.22675 31.7862 112.913 10.3549 5.22675 10.3549 14.5877 
-163 -153 4 -163.633 -153.49 4.56529 177.044 -53.6277 32.8555 -53.6277 30.2248 -10.9054 32.8555 -10.9054 17.012 
-185 -150 -6 -185.499 -150.587 -6.67963 2501.7 -1006.01 -687.719 -1006.01 412.288 262.491 -687.719 262.491 268.94 
-186 -150 10 -186.775 -150.533 10.166 137.277 229.421 459.186 229.421 633.695 1135.24 459.186 1135.24 2124.61 
-222 -157 5 -222.789 -157.065 5.42199 116.396 72.1597 5.68551 72.1597 386.416 4.89534 5.68551 4.89534 11.7692 
-238 -151 1 -238.172 -151.328 1.44145 265.741 -197.359 -133.088 -197.359 205.091 147.707 -133.088 147.707 120.799 
-181 -151 -6 -181.512 -151.67 -6.62186 96.5898 58.0443 12.6881 58.0443 42.471 5.86086 12.6881 5.86086 15.1866 
-225 -157 -4 -225.393 -157.286 -4.22992 290.254 47.7645 1498.11 47.7645 17.8575 241.282 1498.11 241.282 8083.54 
-182 -151 -6 -182.253 -151.349 -6.43988 49.1918 -75.0979 10.7952 -75.0979 144.046 -25.7022 10.7952 -25.7022 17.1331 
-179 -151 0 -179.418 -151.769 0.224359 12.7501 0.218372 -2.66243 0.218372 33.3615 4.68313 -2.66243 4.68313 6.95906 
-216 -155 8 -216.204 -155.247 8.26901 220.488 497.559 1607.95 497.559 1547.81 5085.44 1607.95 5085.44 17138.3 
-182 -151 -4 -182.137 -151.097 -4.42473 127.892 -37.085 2.47312 -37.085 298.409 -15.6303 2.47312 -15.6303 11.6206 
-163 -154 0 -163.264 -154.088 -0.188405 99.0851 -88.9392 11.3205 -88.9392 386.593 -34.5623 11.3205 -34.5623 6.61249 
-220 -155 -3 -220.331 -155.635 -3.51061 27.0344 -38.1182 13.4366 -38.1182 323.204 -40.6267 13.4366 -40.6267 17.3979 
-179 -153 1 -179.339 -153.614 1.43722 2986.87 -2185.54 81.7337 -2185.54 2022.59 309.347 81.7337 309.347 334.656 
-177 -153 11 -177.868 -153.083 11.4156 70.4341 -280.264 -55.2932 -280.264 3843.31 1021.02 -55.2932 1021.02 295.672 
-152 -159 5 -152.529 -159.148 5.27712 267.97 -327.232 154.851 -327.232 1577.74 272.768 154.851 272.768 305.945 
-241 -152 0 -241.743 -152.362 -0.136384 34.1272 2.83419 -2.34448 2.83419 24.3506 -6.19163 -2.34448 -6.19163 4.65273 
-243 -152 0 -243.652 -152.631 -0.163247 16.2774 -3.37264 3.07139 -3.37264 8.03911 -2.17273 3.07139 -2.17273 3.27036 
-187 -150 -6 -187.254 -150.588 -6.60837 94.3517 49.6111 25.7146 49.6111 43.3434 10.3432 25.7146 10.3432 14.2965 
-152 -150 -8 -152.154 -150.633 -8.68385 716.773 119.799 200.465 119.799 51.9726 58.0029 200.465 58.0029 97.8846 
-194 -165 0 -194.661 -165.301 0.460658 15.4826 25.4928 -9.35156 25.4928 103.549 -26.2083 -9.35156 -26.2083 12.8979 
-182 -151 -5 -182.25 -151.33 -5.369 36.0456 -24.6415 -1.16009 -24.6415 40.8149 -1.50345 -1.16009 -1.50345 11.8855 
-243 -153 0 -243.498 -153.435 0.0152333 27.9315 2.68313 3.64285 2.68313 10.2618 1.98828 3.64285 1.98828 4.87835 
-222 -152 3 -222.33 -152.68 3.40392 24.2432 5.16658 13.2753 5.16658 22.5699 -1.01874 13.2753 -1.01874 18.7247 
-233 -160 -3 -233.571 -160.658 -3.58924 28.5722 12.3921 28.3383 12.3921 12.1747 11.3156 28.3383 11.3156 302.7 
-151 -150 -6 -151.743 -150.636 -6.23614 223.833 -613.344 65.3387 -613.344 1759.67 -242.247 65.3387 -242.247 111.453 
-175 -150 -3 -175.602 -150.481 -3.62486 17.8247 1.01053 9.20525 1.01053 44.9764 -25.4853 9.20525 -25.4853 29.8994 
-181 -152 -4 -181.307 -152.586 -4.52792 40.0774 29.2093 9.03182 29.2093 167.483 38.6812 9.03182 38.6812 17.6647 
-181 -150 -5 -181.8 -150.49 -5.48643 251.002 43.8786 -60.1729 43.8786 1256.73 -202.164 -60.1729 -202.164 53.1594 
-236 -152 0 -236.381 -152.487 -0.0857127 246.491 878.507 -148.71 878.507 8541.57 -250.435 -148.71 -250.435 118.507 
-182 -150 7 -182.542 -150.525 7.50952 25.2857 11.2191 0.373824 11.2191 62.7921 -7.96465 0.373824 -7.96465 14.1202 
-220 -155 -2 -220.294 -155.542 -2.32596 887.389 -2172.16 179.661 -2172.16 5790.66 -584.132 179.661 -584.132 89.9338 
-218 -153 4 -218.74 -153.932 4.72008 297.313 -126.854 -59.2306 -126.854 861.07 -153.286 -59.2306 -153.286 71.9687 
-183 -150 3 -183.344 -150.645 3.43591 15.0755 24.7678 14.1516 24.7678 241.243 -37.355 14.1516 -37.355 63.1556 
-242 -153 -3 -242.522 -153.316 -3.29655 20.0418 -14.7672 -14.3073 -14.7672 43.0612 15.3144 -14.3073 15.3144 21.4764 
-177 -152 -7 -177.257 -152.378 -7.46544 90.2493 -84.1217 3.13464 -84.1217 155.187 55.943 3.13464 55.943 96.9932 
-243 -153 -4 -243.785 -153.031 -4.20446 174.929 -490.057 -71.3347 -490.057 3271.16 472.208 -71.3347 472.208 108.939 
-179 -151 -5 -179.481 -151.349 -5.53668 35.4816 25.7594 -2.89029 25.7594 53.9022 2.95774 -2.89029 2.95774 11.6541 
-223 -151 -4 -223.493 -151.456 -4.53757 2217.89 -1785 -1049.76 -1785 1453.33 850.715 -1049.76 850.715 503.8 
-180 -153 -2 -180.484 -153.317 -2.57033 100.152 -105.704 -152.088 -105.704 133.682 178.887 -152.088 178.887 266.876 
-221 -151 5 -221.31 -151.384 5.79994 65.4883 55.1463 34.5915 55.1463 95.4436 143.726 34.5915 143.726 424.855 
-243 -153 2 -243.519 -153.184 2.26923 21.2975 -9.04639 17.0381 -9.04639 36.0597 -17.7878 17.0381 -17.7878 32.2087 
-238 -152 -3 -238.335 -152.541 -3.5731 48.7273 21.5835 32.9382 21.5835 39.9899 14.7236 32.9382 14.7236 32.004 
-192 -159 -5 -192.545 -159.401 -5.21514 6.87081 -4.64999 -6.30371 -4.64999 23.5978 12.023 -6.30371 12.023 25.8697 
-162 -151 7 -162.491 -151.649 7.49033 1892.97 -824.104 -1355.96 -824.104 909.63 97.6216 -1355.96 97.6216 1421.82 
-179 -151 -2 -179.054 -151.656 -2.79765 9291.91 -1129.63 150.99 -1129.63 255.825 -24.0009 150.99 -24.0009 168.7 
-177 -153 -5 -177.61 -153.62 -5.44744 381.997 209.744 -138.788 209.744 172.887 -75.2607 -138.788 -75.2607 57.788 
-152 -150 -6 -152.181 -150.844 -6.34596 64.5184 -32.0805 -33.8847 -32.0805 108.62 15.3619 -33.8847 15.3619 29.7008 
-181 -150 -7 -181.746 -150.711 -7.31106 24.4695 -4.44877 -1.10171 -4.44877 42.5351 -8.6678 -1.10171 -8.6678 51.9302 
-194 -165 4 -194.462 -165.248 4.44047 83.9092 -114.711 -16.5453 -114.711 179.854 21.5343 -16.5453 21.5343 25.9767 
-214 -151 7 -214.478 -151.652 7.61032 550.434 -799.349 -13.102 -799.349 1177.34 23.9161 -13.102 23.9161 35.8609 
-183 -152 0 -183.607 -152.335 0.437024 42.7564 -39.7281 -3.85335 -39.7281 52.3127 3.20315 -3.85335 3.20315 2.63089 
-244 -153 2 -244.469 -153.301 2.33561 24.9338 -24.2141 -19.9456 -24.2141 56.3291 44.2181 -19.9456 44.2181 72.1775 
-182 -151 -3 -182.146 -151.075 -3.47947 331.536 446.605 39.4952 446.605 1219.29 86.2778 39.4952 86.2778 17.0092 
-180 -151 1 -180.227 -151.791 1.59692 4891.14 -2219.24 -706.772 -2219.24 1065.86 302.985 -706.772 302.985 121.458 
-183 -150 -4 -183.529 -150.628 -4.64537 19.3496 -11.4863 -14.2865 -11.4863 26.0429 -0.84367 -14.2865 -0.84367 56.3729 
-163 -153 1 -163.334 -153.842 1.46087 121.136 -107.013 35.1484 -107.013 413.562 -45.9626 35.1484 -45.9626 26.6096 
-236 -151 0 -236.712 -151.792 -0.292577 36.687 8.70138 9.0789 8.70138 42.7674 1.67952 9.0789 1.67952 4.55763 
-244 -152 -2 -244.414 -152.43 -2.5121 137.88 -43.9841 41.1231 -43.9841 21.4286 -12.7473 41.1231 -12.7473 31.6252 
-184 -150 7 -184.375 -150.199 7.2974 14.1967 54.7016 -16.1166 54.7016 1703.78 -471.413 -16.1166 -471.413 187.757 
-222 -157 8 -222.237 -157.103 8.45058 376.401 -481.251 -147.681 -481.251 2968.98 55.4599 -147.681 55.4599 84.3364 
-161 -155 3 -161.481 -155.279 3.71624 53.9775 30.9085 -9.03486 30.9085 33.7895 -0.731183 -9.03486 -0.731183 14.9967 
-176 -152 0 -176.574 -152.7 -0.559606 25.2122 -10.5626 -10.6961 -10.5626 15.9088 10.5619 -10.6961 10.5619 17.0059 
-181 -151 -2 -181.962 -151.142 -2.80819 3523.52 -241.333 -1036.8 -241.333 338.989 116.083 -1036.8 116.083 381.057 
-176 -154 7 -176.745 -154.142 7.38134 328.153 9.64222 -18.0649 9.64222 250.846 42.9136 -18.0649 42.9136 25.1931 
-194 -165 5 -194.545 -165.175 5.22904 14.7814 -42.7259 15.4086 -42.7259 603.765 -101.446 15.4086 -101.446 84.3279 
-177 -152 6 -177.749 -152.317 6.61622 107.326 -128.518 -11.2897 -128.518 545.612 52.6741 -11.2897 52.6741 17.2083 
-178 -154 0 -178.714 -154.367 0.320696 25.5723 -70.7397 -16.8919 -70.7397 474.875 65.8989 -16.8919 65.8989 17.6925 
-163 -154 -1 -163.228 -154.275 -1.46857 1150.96 1279.08 -640.022 1279.08 1548.87 -743.559 -640.022 -743.559 382.139 
-223 -157 -1 -223.165 -157.32 -1.30775 7379.42 -4585.08 -9929.58 -4585.08 3295.99 6275.94 -9929.58 6275.94 13445.9 
-151 -151 -8 -151.673 -151.172 -8.93052 55.0182 100.906 72.7899 100.906 302.891 105.554 72.7899 105.554 217.348 
-244 -154 0 -244.717 -154.541 -0.350518 20.8033 16.2369 -17.9523 16.2369 33.0201 1.34355 -17.9523 1.34355 110.586 
-180 -150 -3 -180.453 -150.27 -3.71757 477.439 -438.518 1365.03 -438.518 411.982 -1266.61 1365.03 -1266.61 4124.32 
-161 -155 5 -161.653 -155.086 5.34355 480.01 -263.485 -83.8468 -263.485 295.488 22.2218 -83.8468 22.2218 38.7635 
-249 -159 -3 -249.895 -159.721 -3.49922 9124.65 -1498.94 -3213.94 -1498.94 395.096 562.707 -3213.94 562.707 1152.29 
-157 -152 1 -157.593 -152.684 1.6467 134.201 -58.4601 11.5302 -58.4601 119.554 4.53128 11.5302 4.53128 13.198 
-179 -151 -3 -179.179 -151.503 -3.51074 216.873 -15.1812 -49.0481 -15.1812 161.245 13.0497 -49.0481 13.0497 30.9392 
-176 -151 0 -176.612 -151.299 -0.578737 36.9234 19.7846 0.641546 19.7846 18.559 3.57153 0.641546 3.57153 19.5101 
-177 -152 7 -177.752 -152.395 7.44699 85.0541 33.2992 6.09165 33.2992 575.372 14.0562 6.09165 14.0562 9.59816 
-222 -156 -2 -222.538 -156.767 -2.78184 3133.73 -1890.14 504.4 -1890.14 1159.82 -265.827 504.4 -265.827 194.708 
-151 -155 0 -151.195 -155.403 0.524306 1012.03 597.643 -125.803 597.643 799.625 -230.658 -125.803 -230.658 77.9757 
-247 -155 -4 -247.211 -155.62 -4.22853 220.942 -179.252 -106.641 -179.252 161.206 85.0829 -106.641 85.0829 176.72 
-176 -151 -7 -176.826 -151.852 -7.65949 500.604 139.746 378.356 139.746 221.148 116.753 378.356 116.753 415.212 
-152 -156 -4 -152.33 -156.662 -4.56865 123.048 -28.0272 23.5165 -28.0272 23.8824 -2.31318 23.5165 -2.31318 12.0417 
-244 -153 -4 -244.383 -153.55 -4.20318 32.6941 12.2078 -0.397256 12.2078 14.5675 -1.27368 -0.397256 -1.27368 77.0777 
-181 -152 1 -181.37 -152.732 1.39469 19.8785 12.3838 -12.2961 12.3838 21.0518 -11.319 -12.2961 -11.319 14.5957 
-177 -152 -6 -177.318 -152.531 -6.48026 16.6131 17.5322 4.64283 17.5322 1430.89 32.6802 4.64283 32.6802 7.46926 
-186 -153 5 -186.229 -153.611 5.42741 8233.89 5042.84 -6336.33 5042.84 3110.84 -3889.55 -6336.33 -3889.55 4953.16 
-185 -152 7 -185.281 -152.296 7.62354 22.5858 22.653 4.5381 22.653 127.893 30.2866 4.5381 30.2866 20.3816 
-156 -164 0 -156.211 -164.092 -0.523255 2394.39 762.826 1183.8 762.826 582.543 498.514 1183.8 498.514 639.999 
-193 -165 1 -193.538 -165.201 1.70199 33.8712 45.8863 17.5374 45.8863 97.5191 25.4453 17.5374 25.4453 29.1027 
-184 -151 6 -184.58 -151.874 6.26297 541.773 -498.186 113.544 -498.186 576.005 -28.9061 113.544 -28.9061 111.542 
-164 -153 8 -164.703 -153.733 8.25714 251.003 31.0111 71.7608 31.0111 451.936 11.8172 71.7608 11.8172 41.9202 
-179 -151 -7 -179.681 -151.484 -7.19813 24.9641 -0.864057 5.67699 -0.864057 106.003 -7.28104 5.67699 -7.28104 32.6105 
-248 -155 -4 -248.604 -155.853 -4.16523 13.3629 37.6187 2.0366 37.6187 474.895 9.89064 2.0366 9.89064 232.016 
-241 -153 0 -241.727 -153.336 -0.111406 41.3989 4.71939 6.49545 4.71939 27.3975 7.12705 6.49545 7.12705 4.7269 
-222 -157 6 -222.542 -157.501 6.5277 99.3912 61.9854 9.37315 61.9854 65.4223 25.9884 9.37315 25.9884 24.4814 
-178 -151 0 -178.691 -151.83 -0.350131 19.5634 -11.5427 2.16992 -11.5427 48.1488 -3.44678 2.16992 -3.44678 3.74807 
-237 -151 0 -237.647 -151.563 0.0864162 11.6502 4.9159 -0.0248847 4.9159 21.1476 0.266993 -0.0248847 0.266993 2.98481 
-218 -153 7 -218.511 -153.677 7.44207 65.5658 7.45794 -10.4582 7.45794 320.379 2.59251 -10.4582 2.59251 11.3844 
-159 -153 0 -159.357 -153.136 0.752946 1624.12 -3460.06 1385.03 -3460.06 7452.91 -3029.02 1385.03 -3029.02 1345.34 
-222 -157 7 -222.468 -157.471 7.31623 1066.18 442.593 -550.771 442.593 203.386 -250.033 -550.771 -250.033 328.151 
-181 -152 0 -181.412 -152.809 0.520691 37.4667 46.2908 1.76748 46.2908 474.325 67.4619 1.76748 67.4619 12.9669 
-248 -156 -4 -248.229 -156.315 -4.08 31.4082 33.2419 315.943 33.2419 425.614 3011.68 315.943 3011.68 27388.5 
-237 -151 -2 -237.538 -151.523 -2.5724 148.043 -190.611 -217.127 -190.611 280.506 283.344 -217.127 283.344 332.857 
-183 -151 3 -183.215 -151.172 3.54902 48.9485 -21.1752 9.25792 -21.1752 141.612 -10.8742 9.25792 -10.8742 17.4291 
-176 -150 -4 -176.454 -150.802 -4.22024 26.8439 -7.74299 -46.9631 -7.74299 65.7412 18.0779 -46.9631 18.0779 104.497 
-183 -160 5 -183.319 -160.632 5.85997 1919.62 -1544.72 3792.94 -1544.72 1264.98 -3079.26 3792.94 -3079.26 7570.53 
-163 -151 8 -163.572 -151.852 8.47807 219.237 83.6132 -31.9286 83.6132 211.014 -87.8557 -31.9286 -87.8557 65.7551 
-167 -150 -4 -167.434 -150.129 -4.49423 115.446 87.6984 -41.1481 87.6984 468.997 254.101 -41.1481 254.101 260.786 
-244 -152 -3 -244.411 -152.429 -3.44018 339.241 229.877 -590.136 229.877 169.23 -413.218 -590.136 -413.218 1061.01 
-217 -152 10 -217.565 -152.386 10.3086 158.55 -82.5438 -79.6188 -82.5438 53.2029 40.3077 -79.6188 40.3077 60.8188 
-245 -153 -4 -245.402 -153.602 -4.32485 102.498 53.1752 19.096 53.1752 63.7033 -23.9872 19.096 -23.9872 62.922 
-181 -150 1 -181.901 -150.882 1.56543 140.881 34.1508 3.92939 34.1508 132.434 0.269344 3.92939 0.269344 10.7418 
-180 -153 -6 -180.209 -153.155 -6.54841 641.072 780.176 4.31316 780.176 1242.9 -40.3129 4.31316 -40.3129 40.2627 
-245 -152 -1 -245.385 -152.567 -1.28328 34.9062 -39.8283 -5.1751 -39.8283 70.8897 -6.65216 -5.1751 -6.65216 56.3312 
-245 -152 -4 -245.201 -152.186 -4.20437 252.245 -134.433 -6.17769 -134.433 221.55 -49.2021 -6.17769 -49.2021 73.2711 
-237 -152 -4 -237.431 -152.444 -4.11198 28.1296 13.4676 -13.0465 13.4676 23.5148 -3.55499 -13.0465 -3.55499 57.9331 
-160 -162 1 -160.667 -162.873 1.34159 338.79 -796.811 -126.16 -796.811 2281.29 271.793 -126.16 271.793 77.672 
-151 -150 -5 -151.554 -150.491 -5.55947 28.0834 -45.1239 -1.27543 -45.1239 118.6 10.8458 -1.27543 10.8458 8.99447 
-222 -157 0 -222.693 -157.117 0.13959 41.406 -8.711 3.83355 -8.711 142.255 2.59715 3.83355 2.59715 3.79493 
-183 -150 7 -183.352 -150.089 7.07484 82.3314 -35.9092 -61.3901 -35.9092 241.078 -20.7115 -61.3901 -20.7115 261.684 
-180 -150 11 -180.685 -150.378 11.2737 2847.76 722.271 -1280.05 722.271 192.126 -324.844 -1280.05 -324.844 586.968 
-162 -156 4 -162.569 -156.563 4.43993 75.1132 -25.9824 -4.37042 -25.9824 114.131 9.40135 -4.37042 9.40135 9.84228 
-228 -161 -3 -228.561 -161.551 -3.61126 64.8096 6.3515 5.95269 6.3515 14.3219 -12.3388 5.95269 -12.3388 45.4879 
-222 -156 -4 -222.94 -156.515 -4.11143 13787.8 -1210.65 511.577 -1210.65 123.408 -47.5944 511.577 -47.5944 171.168 
-193 -164 0 -193.22 -164.874 0.762747 1350.31 -777.78 636.524 -777.78 615.504 -346.08 636.524 -346.08 432.596 
-164 -153 9 -164.884 -153.695 9.2675 1212.98 -1360.8 581.01 -1360.8 1736.16 -763.495 581.01 -763.495 365.792 
-178 -152 0 -178.456 -152.271 0.391607 27.9114 0.964651 -7.02985 0.964651 26.3598 -0.148415 -7.02985 -0.148415 6.03024 
-161 -154 -1 -161.51 -154.598 -1.50732 395.507 -202.627 20.6922 -202.627 358.176 233.838 20.6922 233.838 241.165 
-177 -152 2 -177.911 -152.262 2.6187 188.477 33.6911 -8.87702 33.6911 276.994 -20.9767 -8.87702 -20.9767 10.9432 
-177 -151 -1 -177.613 -151.77 -1.46424 19.4613 -47.0689 25.5917 -47.0689 305.156 -100.958 25.5917 -100.958 51.9185 
-177 -152 4 -177.769 -152.206 4.43638 135.211 26.7331 -13.2449 26.7331 253.791 -15.2821 -13.2449 -15.2821 12.7054 
-178 -150 -4 -178.538 -150.397 -4.49783 16.3353 -12.7907 3.61717 -12.7907 24.4685 -12.9538 3.61717 -12.9538 18.0129 
-153 -154 -2 -153.842 -154.203 -2.88827 162.158 15.2111 -166.808 15.2111 5439.64 -1310.29 -166.808 -1310.29 609.933 
-168 -156 -4 -168.231 -156.421 -4.40248 5877.04 3683.08 -984.261 3683.08 2323.85 -610.499 -984.261 -610.499 186.223 
-187 -153 9 -187.451 -153.226 9.40802 57.6534 221.285 139.512 221.285 5313.6 49.5036 139.512 49.5036 449.367 
-163 -153 5 -163.761 -153.48 5.32806 113.78 -55.39 15.3591 -55.39 37.5722 -1.92333 15.3591 -1.92333 23.0737 
-181 -150 -4 -181.766 -150.368 -4.48669 171.209 -57.766 1.55868 -57.766 43.8238 -3.11665 1.55868 -3.11665 10.5533 
-244 -152 1 -244.5 -152.539 1.62201 237.09 -43.4662 262.711 -43.4662 23.7473 -36.8935 262.711 -36.8935 315.33 
-242 -152 0 -242.315 -152.456 -0.592634 13.0096 -2.63613 -5.18801 -2.63613 12.8924 2.18127 -5.18801 2.18127 11.2701 
-221 -154 -3 -221.702 -154.541 -3.89331 369.536 1469.29 939.987 1469.29 6120.41 3895.7 939.987 3895.7 2706.79 
-243 -152 -3 -243.427 -152.608 -3.30873 19.5099 0.281746 3.4071 0.281746 19.0118 -9.68676 3.4071 -9.68676 22.3666 
-169 -150 -3 -169.484 -150.444 -3.47122 24.9537 -14.2681 -5.29474 -14.2681 24.9194 -1.80233 -5.29474 -1.80233 17.8992 
-180 -152 2 -180.472 -152.453 2.5214 18.5171 -8.7352 3.35413 -8.7352 59.8589 -14.2641 3.35413 -14.2641 10.8069 
-151 -150 -3 -151.833 -150.562 -3.284 2729.28 -1019.73 26.5079 -1019.73 387.572 -10.7244 26.5079 -10.7244 23.8723 
-177 -152 0 -177.547 -152.437 -0.0447457 45.8235 25.8853 0.584145 25.8853 26.7798 4.85417 0.584145 4.85417 4.83359 
-244 -153 -3 -244.393 -153.465 -3.45564 49.141 -22.0114 -8.14372 -22.0114 37.573 20.5015 -8.14372 20.5015 20.6667 
-217 -151 8 -217.312 -151.451 8.25734 1556.27 80.0858 1066.52 80.0858 29.4259 31.5493 1066.52 31.5493 792.399 
-178 -151 -3 -178.769 -151.587 -3.44346 61.768 96.8802 -24.3754 96.8802 215.124 -44.2345 -24.3754 -44.2345 20.0864 
-244 -151 0 -244.54 -151.436 0.126525 15.0111 -5.15706 -0.656879 -5.15706 20.8604 1.86681 -0.656879 1.86681 5.72634 
-177 -151 -2 -177.34 -151.32 -2.43941 24.1733 -49.111 4.78445 -49.111 223.456 -56.811 4.78445 -56.811 26.1979 
-182 -150 0 -182.345 -150.87 0.116625 54.3608 24.3348 5.51426 24.3348 37.2507 4.56718 5.51426 4.56718 3.89335 
-180 -152 -2 -180.36 -152.893 -2.40631 2096.25 5912.92 -2098.5 5912.92 22317.3 -7222.13 -2098.5 -7222.13 2432.81 
-244 -151 -3 -244.594 -151.725 -3.35455 21.3383 -19.0167 -7.85387 -19.0167 31.9016 4.79263 -7.85387 4.79263 13.4483 
-178 -153 12 -178.197 -153.127 12.2439 237.471 -291.643 -160.49 -291.643 527.438 266.294 -160.49 266.294 168.012 
-239 -151 -2 -239.324 -151.631 -2.65728 100.347 -12.1815 -39.6974 -12.1815 31.3003 -13.5078 -39.6974 -13.5078 37.6083 
-160 -152 1 -160.512 -152.684 1.41602 215.144 13.9028 -28.8874 13.9028 115.028 -83.2926 -28.8874 -83.2926 84.4838 
-237 -152 1 -237.53 -152.405 1.5235 15.578 -4.94547 2.34036 -4.94547 18.338 -0.0825168 2.34036 -0.0825168 14.6751 
-236 -152 -3 -236.632 -152.578 -3.45753 236.167 -177.229 -466.774 -177.229 155.929 365.045 -466.774 365.045 982.09 
-162 -156 1 -162.752 -156.551 1.56675 161.692 -70.0388 -15.1554 -70.0388 54.4024 23.9132 -15.1554 23.9132 41.5289 
-243 -152 1 -243.559 -152.537 1.69251 27.4124 -5.23803 -6.89384 -5.23803 14.2207 4.76873 -6.89384 4.76873 19.9913 
-177 -152 1 -177.935 -152.275 1.75545 449.268 -980.105 247.143 -980.105 10935.5 -3141.21 247.143 -3141.21 918.671 
-243 -151 1 -243.49 -151.849 1.6483 30.3997 -39.4881 -19.6739 -39.4881 144.933 17.4627 -19.6739 17.4627 32.8419 
-218 -154 1 -218.797 -154.772 1.64379 2707.48 6181.23 -3552.6 6181.23 15657.2 -9055.71 -3552.6 -9055.71 5285.88 
-222 -152 1 -222.818 -152.451 1.56893 13584.5 13406.6 1697.45 13406.6 13376.2 1796.42 1697.45 1796.42 408.706 
-177 -151 -7 -177.595 -151.375 -7.34496 31.0159 -4.65977 -11.2651 -4.65977 182.163 0.821473 -11.2651 0.821473 19.606 
-150 -150 1 -150.733 -150.295 1.54326 58.9634 -50.1518 -88.212 -50.1518 82.6426 81.0788 -88.212 81.0788 434.564 
-184 -151 5 -184.353 -151.703 5.59152 168.292 -197.179 -17.5864 -197.179 277.79 46.513 -17.5864 46.513 62.8388 
-237 -152 2 -237.458 -152.378 2.51967 13.9689 2.9126 5.76855 2.9126 66.1024 -30.878 5.76855 -30.878 28.6647 
-194 -164 6 -194.428 -164.447 6.67466 98.3933 -49.9628 -84.2193 -49.9628 37.2549 28.278 -84.2193 28.278 128.687 
-223 -157 2 -223.278 -157.506 2.54435 164.421 -112.637 15.0306 -112.637 100.973 -26.74 15.0306 -26.74 21.3191 
-152 -150 -7 -152.264 -150.82 -7.41679 130.451 -26.8309 -3.70923 -26.8309 315.524 12.0607 -3.70923 12.0607 13.7004 
-162 -156 2 -162.687 -156.596 2.48961 41.6628 -11.4055 -9.14203 -11.4055 19.9556 2.13528 -9.14203 2.13528 11.3928 
-238 -151 0 -238.238 -151.403 -0.183472 33.054 15.5868 -3.93923 15.5868 28.5946 -1.90273 -3.93923 -1.90273 5.06077 
-219 -156 2 -219.351 -156.177 2.43341 104.808 -6.58135 -46.347 -6.58135 470.417 95.2771 -46.347 95.2771 48.9571 
-181 -154 2 -181.546 -154.563 2.42177 39.4812 -21.0529 0.184107 -21.0529 111.509 23.093 0.184107 23.093 15.8457 
-159 -151 3 -159.712 -151.738 3.68487 42.2805 -52.9307 -2.10873 -52.9307 94.1491 9.0196 -2.10873 9.0196 11.959 
-163 -153 2 -163.527 -153.8 2.52015 116.674 116.049 3.15284 116.049 1075.91 -123.236 3.15284 -123.236 26.6917 
-242 -153 2 -242.805 -153.427 2.40888 599.15 -119.837 -139.745 -119.837 47.8422 29.5196 -139.745 29.5196 48.0048 
-186 -152 6 -186.517 -152.489 6.44118 43.1161 -89.778 34.7958 -89.778 327.73 -117.974 34.7958 -117.974 73.1648 
-180 -152 1 -180.502 -152.567 1.45902 106.024 -86.2136 -20.166 -86.2136 87.528 15.5415 -20.166 15.5415 17.9142 
-243 -152 2 -243.499 -152.558 2.58113 8.95866 -2.27661 0.464422 -2.27661 19.7147 3.75289 0.464422 3.75289 14.3761 
-178 -152 2 -178.136 -152.539 2.38912 170.256 -41.2784 -11.0177 -41.2784 30.8951 9.51764 -11.0177 9.51764 13.3954 
-244 -152 2 -244.185 -152.373 2.45877 55.7574 0.786689 -15.6681 0.786689 20.2585 1.61676 -15.6681 1.61676 16.7301 
-223 -151 2 -223.679 -151.377 2.62372 56.3112 14.0408 19.7935 14.0408 26.3466 14.4547 19.7935 14.4547 26.2191 
-187 -151 8 -187.27 -151.619 8.14907 213.813 541.46 -259.561 541.46 2534.22 0.191643 -259.561 0.191643 867.027 
-181 -150 2 -181.764 -150.912 2.5626 488.423 250.95 -56.8297 250.95 843.887 51.8676 -56.8297 51.8676 28.3693 
-175 -153 2 -175.568 -153.449 2.22725 16.986 -25.02 -16.0452 -25.02 219.289 463.911 -16.0452 463.911 1205.8 
-177 -152 -3 -177.247 -152.665 -3.45123 469.614 -1082.85 38.812 -1082.85 2545.96 -81.1859 38.812 -81.1859 8.87171 
-242 -152 -4 -242.555 -152.421 -4.4078 121.736 -13.0882 95.5644 -13.0882 15.3222 -32.5113 95.5644 -32.5113 367.247 
-178 -150 2 -178.672 -150.224 2.41704 64.3402 49.8346 3.98351 49.8346 148.553 -75.3191 3.98351 -75.3191 609.404 
-239 -152 -2 -239.422 -152.545 -2.52681 952.259 165.73 -130.653 165.73 245.072 -159.745 -130.653 -159.745 143.679 
-186 -152 8 -186.183 -152.408 8.58983 2469.71 1151.38 437.33 1151.38 585.977 232.312 437.33 232.312 100.507 
-220 -153 2 -220.88 -153.285 2.84859 466.07 -650.626 239.836 -650.626 2873.23 -2603.7 239.836 -2603.7 2887.2 
-214 -155 9 -214.587 -155.482 9.6407 67.2362 69.2436 -80.5654 69.2436 1077.75 -217.662 -80.5654 -217.662 131.816 
-162 -156 3 -162.471 -156.597 3.6792 33.2672 -39.415 -16.1164 -39.415 152.872 9.87409 -16.1164 9.87409 32.0509 
-221 -151 4 -221.421 -151.687 4.43565 46.402 9.94391 -54.6128 9.94391 39.6263 -4.93711 -54.6128 -4.93711 83.7217 
-185 -152 6 -185.685 -152.429 6.37514 102.569 61.7973 -150.259 61.7973 81.6807 -120.737 -150.259 -120.737 249.205 
-177 -150 0 -177.222 -150.708 0.146927 67.1115 -25.2602 -34.3787 -25.2602 20.0481 18.0582 -34.3787 18.0582 44.6628 
-181 -156 9 -181.76 -156.49 9.3555 273.471 -660.238 -136.935 -660.238 2361.15 552.842 -136.935 552.842 151.214 
-218 -154 3 -218.604 -154.35 3.53115 45.4105 24.7787 -15.9072 24.7787 194.854 -50.3099 -15.9072 -50.3099 26.2779 
-163 -153 3 -163.516 -153.684 3.53382 35.9754 -18.7432 0.677573 -18.7432 124.156 5.53992 0.677573 5.53992 7.28319 
-244 -151 -2 -244.517 -151.522 -2.49764 15.5952 12.591 1.205 12.591 28.096 -3.69432 1.205 -3.69432 13.6231 
-249 -161 -3 -249.564 -161.178 -3.30288 34.9752 -84.8619 99.1732 -84.8619 319.334 -317.974 99.1732 -317.974 388.019 
-177 -157 8 -177.542 -157.748 8.45784 472.604 -331.346 -67.6107 -331.346 321.166 81.0124 -67.6107 81.0124 30.3393 
-243 -152 3 -243.51 -152.669 3.59766 30.6749 5.74302 4.56056 5.74302 37.5278 5.10679 4.56056 5.10679 11.4963 
-177 -152 3 -177.865 -152.369 3.53642 191.455 -2.8558 -25.0462 -2.8558 13.7065 0.589369 -25.0462 0.589369 15.323 
-180 -152 3 -180.53 -152.437 3.36121 9.44335 3.71103 -1.63478 3.71103 10.5192 -4.00172 -1.63478 -4.00172 23.4806 
-160 -151 3 -160.091 -151.903 3.3654 218.656 -362.648 -48.6575 -362.648 1098.98 105.258 -48.6575 105.258 23.6767 
-242 -151 1 -242.665 -151.697 1.56747 22.521 -12.739 -4.27101 -12.739 37.3762 29.3968 -4.27101 29.3968 34.3458 
-179 -152 3 -179.706 -152.275 3.59163 59.0077 21.5094 -57.4842 21.5094 61.4074 -48.6163 -57.4842 -48.6163 78.5319 
-181 -151 -5 -181.879 -151.182 -5.567 263.909 341.643 -8.15383 341.643 1468.31 -43.9887 -8.15383 -43.9887 16.6277 
-181 -151 3 -181.575 -151.416 3.55528 81.9734 93.1 38.5586 93.1 126.819 74.8454 38.5586 74.8454 76.8286 
-203 -169 6 -203.475 -169.476 6.44048 697.537 492.436 48.6101 492.436 356.61 35.4188 48.6101 35.4188 11.5003 
-191 -164 -4 -191.593 -164.408 -4.42976 25.6893 -20.3069 -14.6446 -20.3069 30.071 -5.76511 -14.6446 -5.76511 65.8827 
-194 -165 3 -194.236 -165.121 3.57107 72.0657 -43.4707 12.9912 -43.4707 257.828 -33.0625 12.9912 -33.0625 16.7683 
-194 -165 2 -194.454 -165.195 2.7371 138.448 363.311 51.3207 363.311 1348 55.5538 51.3207 55.5538 85.1698 
-181 -152 3 -181.439 -152.391 3.6911 139.123 151.053 204.974 151.053 191.249 238.534 204.974 238.534 321.072 
-192 -166 3 -192.546 -166.433 3.53642 92.3354 -53.5413 3.85605 -53.5413 97.295 -0.371587 3.85605 -0.371587 66.0125 
-152 -159 3 -152.261 -159.435 3.67812 946.194 -3332.39 627.609 -3332.39 16855.6 -3561.7 627.609 -3561.7 793.976 
-161 -154 3 -161.628 -154.873 3.55337 93.3479 -31.3489 -20.0909 -31.3489 279.1 55.4289 -20.0909 55.4289 36.7568 
-178 -153 3 -178.106 -153.476 3.69787 6028.52 58.2556 -379.927 58.2556 21.6749 23.8326 -379.927 23.8326 80.2707 
-238 -153 0 -238.487 -153.236 -0.0377349 24.0722 24.3035 -4.95171 24.3035 55.724 -9.56745 -4.95171 -9.56745 3.59135 
-161 -155 8 -161.275 -155.143 8.74601 1681.7 -1934.74 -1145.38 -1934.74 7441.25 -93.7756 -1145.38 -93.7756 1304.65 
-181 -155 3 -181.468 -155.323 3.78972 127.244 28.3849 136.166 28.3849 21.7767 6.75572 136.166 6.75572 244.032 
-177 -153 3 -177.839 -153.114 3.81419 866.054 -497.699 -373.765 -497.699 440.014 153.69 -373.765 153.69 254.247 
-161 -154 5 -161.537 -154.872 5.53657 91.9066 -267.833 84.8517 -267.833 5491.97 -1687.94 84.8517 -1687.94 527.52 
-217 -157 3 -217.188 -157.631 3.78506 184.698 28.6353 19.0129 28.6353 19.7386 0.156418 19.0129 0.156418 90.0903 
-219 -157 4 -219.38 -157.546 4.47133 70.624 -101.463 -16.8739 -101.463 450.622 146.848 -16.8739 146.848 67.2087 
-224 -155 9 -224.303 -155.721 9.44792 87.3656 173.956 -66.5498 173.956 444.343 -172.677 -66.5498 -172.677 77.6569 
-159 -151 4 -159.871 -151.796 4.41534 293.984 -47.2547 -37.1984 -47.2547 48.5676 -1.3157 -37.1984 -1.3157 20.2028 
-177 -152 8 -177.705 -152.51 8.50585 252.636 -274.179 -75.7967 -274.179 695.885 167.463 -75.7967 167.463 50.1651 
-178 -151 1 -178.777 -151.643 1.31924 2380.37 -512.73 -2229.49 -512.73 126.223 432.13 -2229.49 432.13 2317.92 
-183 -150 6 -183.182 -150.202 6.45586 113.924 -22.5453 11.5376 -22.5453 192.166 -38.2289 11.5376 -38.2289 18.4192 
-193 -165 4 -193.77 -165.569 4.41702 579.928 405.082 161.638 405.082 291.733 113.3 161.638 113.3 51.7907 
-221 -156 9 -221.469 -156.874 9.2451 197.492 -426.563 -90.9874 -426.563 1165.77 141.571 -90.9874 141.571 76.2951 
-223 -158 4 -223.773 -158.624 4.32011 1202 -845.984 -467.409 -845.984 634.455 371.232 -467.409 371.232 250.007 
-162 -157 4 -162.551 -157.399 4.22104 26.0391 4.77264 -8.41891 4.77264 13.068 3.35055 -8.41891 3.35055 17.7013 
-181 -155 4 -181.534 -155.114 4.56655 144.455 73.1315 -65.5865 73.1315 327.405 79.1973 -65.5865 79.1973 188.815 
-224 -157 4 -224.461 -157.1 4.39149 28.913 -120.796 30.5469 -120.796 1760.94 -86.8968 30.5469 -86.8968 51.5301 
-222 -157 4 -222.861 -157.087 4.46657 41.4541 28.5253 -6.055 28.5253 240.031 -23.4283 -6.055 -23.4283 13.2414 
-177 -153 4 -177.679 -153.468 4.4439 737.738 -380.898 -245.951 -380.898 213.325 134.866 -245.951 134.866 101.026 
-183 -151 4 -183.539 -151.269 4.48866 122.521 -222.654 23.7628 -222.654 695.05 10.6968 23.7628 10.6968 23.8258 
-182 -150 4 -182.606 -150.609 4.48421 51.6762 27.928 -2.89897 27.928 186.552 -28.604 -2.89897 -28.604 15.9784 
-181 -154 3 -181.404 -154.809 3.58839 80.8742 -56.1362 -2.33837 -56.1362 437.517 140.523 -2.33837 140.523 65.6462 
-162 -156 6 -162.543 -156.731 6.19244 1724.03 248.511 1536.45 248.511 153.816 140.575 1536.45 140.575 1452.54 
-221 -152 4 -221.357 -152.487 4.27279 433.816 -3.45904 -158.042 -3.45904 34.1024 84.1191 -158.042 84.1191 329.729 
-205 -170 4 -205.659 -170.852 4.39233 478.958 1645.81 -195.49 1645.81 8346.39 -379.286 -195.49 -379.286 187.725 
-243 -154 0 -243.486 -154.399 -0.0419294 14.4681 -2.75911 0.915745 -2.75911 27.6338 -0.888913 0.915745 -0.888913 8.82024 
-161 -155 4 -161.712 -155.054 4.66995 515.734 -76.7141 17.1071 -76.7141 1428.46 -34.9274 17.1071 -34.9274 12.8339 
-179 -151 -6 -179.511 -151.414 -6.46482 44.3538 -9.75447 0.106328 -9.75447 235.651 2.95411 0.106328 2.95411 12.761 
-221 -154 0 -221.326 -154.408 0.605658 51.0283 18.1182 8.83039 18.1182 960.616 -382.988 8.83039 -382.988 161.522 
-181 -150 0 -181.425 -150.505 -0.355663 18.6408 -3.66845 5.7731 -3.66845 7.4177 0.353471 5.7731 0.353471 6.55013 
-163 -157 4 -163.642 -157.85 4.6797 794.1 -629.495 -188.095 -629.495 661.345 235.627 -188.095 235.627 117.975 
-176 -154 8 -176.475 -154.597 8.61299 150.061 139.288 39.0157 139.288 367.672 158.041 39.0157 158.041 90.725 
-222 -156 4 -222.858 -156.825 4.611 229.251 10.5759 -18.9541 10.5759 460.589 -273.339 -18.9541 -273.339 182.084 
-247 -159 11 -247.423 -159.641 11.3942 2798.52 -45.6396 -3027.28 -45.6396 189.596 -172.143 -3027.28 -172.143 3564.82 
-160 -155 4 -160.86 -155.531 4.63748 493.376 -110.503 -379.629 -110.503 961.447 -601.015 -379.629 -601.015 900.42 
-194 -163 7 -194.413 -163.92 7.58722 216.201 -600.585 312.116 -600.585 1863.55 -906.014 312.116 -906.014 468.54 
-194 -165 1 -194.597 -165.209 1.79111 485.465 187.965 145.823 187.965 517.602 39.7415 145.823 39.7415 61.6033 
-181 -151 -3 -181.904 -151.142 -3.62606 380.641 110.741 -6.22889 110.741 242.668 4.40737 -6.22889 4.40737 18.0035 
-160 -155 5 -160.579 -155.467 5.36991 273.999 -386.498 36.3862 -386.498 1343.9 -329.85 36.3862 -329.85 112.793 
-183 -151 5 -183.885 -151.438 5.26453 2154.66 -1112.21 2734.15 -1112.21 1336.19 688.799 2734.15 688.799 10333.2 
-182 -150 5 -182.705 -150.506 5.4937 68.4035 83.6958 -2.78717 83.6958 179.573 4.12885 -2.78717 4.12885 13.9735 
-181 -155 5 -181.745 -155.435 5.42701 72.8545 -22.2677 -3.78739 -22.2677 160.967 52.7054 -3.78739 52.7054 28.0811 
-177 -153 5 -177.298 -153.581 5.54711 58.1784 5.6099 -9.98527 5.6099 309.388 85.5832 -9.98527 85.5832 38.459 
-177 -151 5 -177.801 -151.736 5.64696 157.667 30.5097 -11.7408 30.5097 73.5618 -7.67248 -11.7408 -7.67248 17.1228 
-243 -153 -1 -243.49 -153.268 -1.52353 16.7798 13.8096 8.86083 13.8096 27.095 8.6002 8.86083 8.6002 16.1891 
-180 -153 9 -180.558 -153.144 9.51756 210.479 -387.26 -28.144 -387.26 799.854 80.7108 -28.144 80.7108 43.9526 
-226 -157 5 -226.095 -157.255 5.56486 2036.12 -4076.41 612.093 -4076.41 10946.7 -1421.29 612.093 -1421.29 215.219 
-155 -163 5 -155.074 -163.088 5.69715 9430.45 4497.45 52.5708 4497.45 2593.07 -47.0739 52.5708 -47.0739 37.9811 
-162 -155 1 -162.604 -155.758 1.37731 2602.19 -2916.65 -217.678 -2916.65 3284.07 248.643 -217.678 248.643 34.4085 
-181 -153 -2 -181.28 -153.275 -2.51254 69.2078 -0.902148 10.357 -0.902148 15.9251 2.89281 10.357 2.89281 16.8261 
-183 -157 3 -183.262 -157.381 3.60016 791.108 -752.376 -352.925 -752.376 725.829 351.67 -352.925 351.67 259.998 
-224 -159 6 -224.514 -159.743 6.4171 67.4438 -64.7184 8.8837 -64.7184 93.4049 0.530992 8.8837 0.530992 19.4206 
-181 -155 6 -181.746 -155.576 6.35126 102.062 -170.184 -40.9803 -170.184 351.432 96.8608 -40.9803 96.8608 42.8669 
-177 -153 6 -177.184 -153.895 6.39683 60.3684 -112.119 -34.0851 -112.119 439.911 91.7009 -34.0851 91.7009 34.5736 
-221 -152 6 -221.594 -152.618 6.28516 42.6043 -5.23127 33.6382 -5.23127 718.824 -73.8395 33.6382 -73.8395 97.321 
-182 -150 6 -182.621 -150.528 6.49132 37.858 8.95054 -10.9292 8.95054 37.2675 -1.81479 -10.9292 -1.81479 16.5925 
-245 -154 -2 -245.253 -154.283 -2.80231 101.656 -150.503 21.0532 -150.503 252.894 -33.0562 21.0532 -33.0562 41.3406 
-217 -154 5 -217.683 -154.422 5.52646 115.823 -20.246 -49.2191 -20.246 120.614 13.1438 -49.2191 13.1438 34.2236 
-222 -155 6 -222.737 -155.578 6.36928 234.414 -97.5956 17.3352 -97.5956 135.579 -29.9566 17.3352 -29.9566 27.9283 
-217 -154 6 -217.378 -154.481 6.4761 116.68 -70.9657 -127.37 -70.9657 53.7435 84.8319 -127.37 84.8319 171.271 
-176 -153 6 -176.939 -153.883 6.4717 4408.94 -742.626 -357.029 -742.626 347.034 71.1898 -357.029 71.1898 44.2964 
-187 -153 6 -187.708 -153.32 6.58398 315.246 -467.773 517.218 -467.773 850.515 -869.352 517.218 -869.352 939.976 
-218 -153 6 -218.493 -153.399 6.60743 74.5269 -66.522 -42.1552 -66.522 75.3897 45.312 -42.1552 45.312 51.2055 
-223 -155 11 -223.285 -155.668 11.6195 236.323 69.9369 -10.3115 69.9369 112.387 -56.3077 -10.3115 -56.3077 45.662 
-223 -156 6 -223.096 -156.856 6.71663 326.602 169.776 -92.8966 169.776 599.377 -237.977 -92.8966 -237.977 115.086 
-179 -151 1 -179.422 -151.711 1.77853 565.188 -615.078 -1228.83 -615.078 1186.53 1884.37 -1228.83 1884.37 3265.73 
-184 -152 6 -184.85 -152.099 6.86687 1387.98 -3836.57 695.885 -3836.57 12280.3 -1901.14 695.885 -1901.14 394.556 
-226 -154 10 -226.235 -154.488 10.2832 124.659 528.661 -32.3189 528.661 2881.45 -275.418 -32.3189 -275.418 59.9488 
-157 -152 0 -157.489 -152.685 0.35866 53.7569 37.2606 11.6707 37.2606 54.3069 7.34381 11.6707 7.34381 12.2043 
-223 -156 7 -223.243 -156.468 7.60067 192.106 92.0511 37.7086 92.0511 78.7126 3.56081 37.7086 3.56081 25.2721 
-177 -153 -2 -177.392 -153.5 -2.85503 282.912 31.3376 348.832 31.3376 13.406 46.5234 348.832 46.5234 480.926 
-181 -155 7 -181.854 -155.886 7.14263 1110.55 -2401.22 -1671.08 -2401.22 5673.86 3924.1 -1671.08 3924.1 2808.06 
-217 -152 7 -217.717 -152.578 7.47199 30.6919 10.3449 -20.8352 10.3449 38.1177 -32.6936 -20.8352 -32.6936 46.8001 
-163 -152 7 -163.512 -152.44 7.48067 187.815 -176.53 114.41 -176.53 181.267 -115.214 114.41 -115.214 87.1227 
-249 -155 11 -249.273 -155.533 11.6501 17935.3 5687.33 -4871.09 5687.33 1999.43 -1631.67 -4871.09 -1631.67 1387.64 
-227 -157 7 -227.417 -157.14 7.49104 32.9682 -234.35 -36.4509 -234.35 4890.39 1218.18 -36.4509 1218.18 338.241 
-182 -156 7 -182.409 -156.277 7.46687 17.9608 -5.56942 -13.0293 -5.56942 14.9837 -4.10226 -13.0293 -4.10226 24.1765 
-221 -151 6 -221.658 -151.437 6.32995 63.1212 -49.3848 26.6254 -49.3848 80.4027 -25.3323 26.6254 -25.3323 40.0992 
-224 -159 7 -224.75 -159.855 7.47966 358.016 -821.246 -76.9056 -821.246 4152.48 432.746 -76.9056 432.746 55.1477 
-227 -156 7 -227.423 -156.861 7.50518 4270.45 -2289.49 2705.02 -2289.49 1482.77 -1279.92 2705.02 -1279.92 1854.44 
-155 -162 0 -155.165 -162.955 0.335872 1510.25 -224.714 125.676 -224.714 1250.99 -78.079 125.676 -78.079 15.0209 
-224 -159 5 -224.298 -159.504 5.55216 337.218 -469.436 -226.336 -469.436 768.205 318.605 -226.336 318.605 160.538 
-216 -152 7 -216.672 -152.6 7.65781 114.493 -58.6026 71.6755 -58.6026 921.775 -105.302 71.6755 -105.302 70.7448 
-181 -150 -6 -181.83 -150.651 -6.54923 107.229 26.0257 -1.91751 26.0257 45.8982 0.414461 -1.91751 0.414461 9.41907 
-182 -151 3 -182.876 -151.045 3.17214 609.65 697.527 128.237 697.527 2078.48 326.717 128.237 326.717 78.5334 
-173 -150 7 -173.239 -150.196 7.63471 756.306 -849.02 23.4463 -849.02 1119.6 52.3082 23.4463 52.3082 90.3423 
-161 -153 8 -161.704 -153.466 8.44753 5360.04 57.5742 -3666.87 57.5742 42.3393 -64.1788 -3666.87 -64.1788 2584.95 
-215 -152 7 -215.49 -152.23 7.78572 151.513 -442.507 45.2133 -442.507 1358.87 -158.142 45.2133 -158.142 91.1652 
-216 -155 7 -216.491 -155.193 7.81992 7496.43 2234.26 -8505.66 2234.26 870.236 -2485.08 -8505.66 -2485.08 9746.79 
-218 -153 9 -218.333 -153.238 9.25895 31.6467 19.6793 35.6234 19.6793 96.3278 17.8779 35.6234 17.8779 58.0866 
-194 -163 8 -194.672 -163.613 8.11809 671.888 -103.925 -1156.36 -103.925 32.9752 197.628 -1156.36 197.628 2123.24 
-218 -153 8 -218.3 -153.495 8.60893 38.7954 -13.7881 9.16106 -13.7881 116.768 -41.6788 9.16106 -41.6788 28.9927 
-225 -154 11 -225.079 -154.212 11.2352 213.633 42.4661 -29.8178 42.4661 48.3505 -34.1947 -29.8178 -34.1947 41.761 
-223 -156 8 -223.461 -156.342 8.44869 63.1248 58.6833 15.0267 58.6833 65.8689 18.3863 15.0267 18.3863 15.4783 
-182 -150 8 -182.48 -150.473 8.50232 10.9951 4.78164 2.12941 4.78164 14.8197 0.821929 2.12941 0.821929 15.547 
-169 -150 -2 -169.222 -150.132 -2.41569 697.535 2737.79 -1077.5 2737.79 12201.3 -4838.95 -1077.5 -4838.95 1937.52 
-181 -150 8 -181.908 -150.565 8.65191 628.745 -160.277 30.9174 -160.277 363.935 31.6059 30.9174 31.6059 20.7193 
-242 -153 0 -242.594 -153.755 -0.151113 22.6827 12.8619 -5.43659 12.8619 32.1321 -5.59086 -5.43659 -5.59086 11.6228 
-179 -152 8 -179.241 -152.807 8.53713 1424.28 -2367.66 -66.8299 -2367.66 4197.55 208.667 -66.8299 208.667 47.9173 
-216 -150 8 -216.59 -150.473 8.49273 96.9053 -52.9125 -151.33 -52.9125 39.8872 97.89 -151.33 97.89 269.52 
-170 -152 -4 -170.635 -152.316 -4.15395 84.6216 -46.2764 -99.5204 -46.2764 726.092 255.083 -99.5204 255.083 275.75 
-158 -152 1 -158.138 -152.71 1.16293 4179.2 7925.21 -4896.98 7925.21 17210.4 -10191.6 -4896.98 -10191.6 6284.33 
-227 -159 8 -227.158 -159.525 8.67072 762.827 -1637.49 -532.074 -1637.49 3834.09 1241.52 -532.074 1241.52 473.156 
-188 -151 8 -188.316 -151.237 8.26467 173.418 -146.557 -21.7543 -146.557 878.903 151.914 -21.7543 151.914 51.4305 
-161 -155 2 -161.754 -155.065 2.35635 1254.56 -31.6279 298.436 -31.6279 545.285 -32.3341 298.436 -32.3341 90.8609 
-163 -157 0 -163.32 -157.321 -0.17153 48.2628 9.39976 8.05218 9.39976 11.13 1.30914 8.05218 1.30914 4.21706 
-179 -151 3 -179.787 -151.538 3.67874 45.6106 15.9406 -7.67769 15.9406 53.9363 13.3704 -7.67769 13.3704 24.702 
-162 -156 0 -162.819 -156.386 0.152755 179.689 51.615 -6.13144 51.615 46.2395 -2.84378 -6.13144 -2.84378 2.8088 
-229 -156 10 -229.756 -156.109 10.4717 272.199 467.086 76.0999 467.086 1063.95 91.0693 76.0999 91.0693 44.8144 
-223 -156 9 -223.067 -156.591 9.48385 720.208 14.3368 0.070617 14.3368 995.032 -201.667 0.070617 -201.667 48.6003 
-176 -154 9 -176.357 -154.834 9.50321 3289.73 -817.344 -464.751 -817.344 294.754 131.989 -464.751 131.989 75.0107 
-177 -152 9 -177.733 -152.789 9.39433 124.491 -118.024 -19.1857 -118.024 264.044 52.6015 -19.1857 52.6015 22.6453 
-186 -152 9 -186.338 -152.718 9.42476 274.903 -519.232 92.1082 -519.232 1543.35 -66.7019 92.1082 -66.7019 66.9683 
-181 -150 10 -181.211 -150.545 10.3762 39.7387 50.5093 -32.3583 50.5093 1112.46 -160.931 -32.3583 -160.931 59.2608 
-181 -150 9 -181.643 -150.54 9.49422 45.6539 -3.35575 -19.3361 -3.35575 557.799 -7.02422 -19.3361 -7.02422 19.6077 
-182 -156 9 -182.72 -156.638 9.38361 1011.8 -829.921 65.5426 -829.921 769.654 -49.4478 65.5426 -49.4478 25.5328 
-161 -155 9 -161.337 -155.214 9.32025 86.8153 29.9189 16.4084 29.9189 73.8774 13.8184 16.4084 13.8184 28.5389 
-163 -151 9 -163.677 -151.222 9.5706 643.415 -102.279 95.393 -102.279 2506.71 -1572.63 95.393 -1572.63 1006.52 
-178 -152 7 -178.459 -152.512 7.60908 95.7155 -183.104 13.1836 -183.104 1032.62 208.669 13.1836 208.669 93.3338 
-220 -156 9 -220.807 -156.628 9.80645 650.86 -538.433 -193.244 -538.433 715.225 -164.774 -193.244 -164.774 643.531 
-213 -155 9 -213.291 -155.392 9.78117 14.2757 7.69109 -18.9607 7.69109 122.769 101.278 -18.9607 101.278 199.369 
-175 -150 -4 -175.6 -150.69 -4.20725 715.616 265.575 -313.547 265.575 121.477 -136.213 -313.547 -136.213 179.996 
-223 -156 10 -223.21 -156.283 10.5093 142.874 66.7053 -6.30224 66.7053 235.293 -54.8716 -6.30224 -54.8716 26.7845 
-186 -152 10 -186.822 -152.782 10.2059 156.023 -129.373 67.1027 -129.373 692.693 -60.044 67.1027 -60.044 72.7989 
-224 -155 10 -224.589 -155.198 10.4328 273.193 198.92 -13.6038 198.92 274.948 -87.9052 -13.6038 -87.9052 60.236 
-176 -155 10 -176.198 -155.162 10.3917 1385.31 -2076.75 -753.343 -2076.75 3303.82 1165.56 -753.343 1165.56 424.825 
-218 -152 10 -218.927 -152.667 10.3777 406.893 -6.29486 26.8837 -6.29486 110.635 -90.2921 26.8837 -90.2921 86.488 
-223 -151 4 -223.414 -151.308 4.34638 7.20262 -12.6522 9.16991 -12.6522 232.011 -172.742 9.16991 -172.742 184.925 
-181 -156 10 -181.707 -156.715 10.5664 8971.35 3140.96 2026.24 3140.96 1778.02 834.031 2026.24 834.031 491.797 
-172 -152 10 -172.468 -152.127 10.7295 3383.79 -3677.19 -1152.99 -3677.19 4655.17 1350.11 -1152.99 1350.11 415.792 
-160 -152 2 -160.329 -152.142 2.34764 408.143 -347.013 -82.9407 -347.013 645.168 -84.2639 -82.9407 -84.2639 125.483 
-223 -156 11 -223.316 -156.199 11.2377 601.131 -667.276 277.758 -667.276 794.512 -301.563 277.758 -301.563 177.064 
-177 -152 11 -177.623 -152.943 11.39 167.23 -1328.14 -249.057 -1328.14 11776.7 2152.84 -249.057 2152.84 413.56 
-243 -151 0 -243.428 -151.575 0.215104 10.569 1.4618 1.78886 1.4618 17.7375 -1.43192 1.78886 -1.43192 3.1334 
-183 -151 11 -183.337 -151.406 11.4051 30.9655 -24.9448 -6.46886 -24.9448 65.4891 10.6416 -6.46886 10.6416 9.3323 
-225 -153 11 -225.283 -153.82 11.7117 13885.9 22820.7 -1148.62 22820.7 37712.2 -1888.05 -1148.62 -1888.05 162.087 
-182 -150 2 -182.584 -150.834 2.48034 43.3414 15.0039 -2.07837 15.0039 173.675 1.12606 -2.07837 1.12606 11.2619 
-178 -151 -2 -178.651 -151.607 -2.51737 65.805 166.158 -0.831508 166.158 521.973 1.5709 -0.831508 1.5709 11.0087 
-176 -153 1 -176.273 -153.496 1.62501 24.9088 4.69565 15.0583 4.69565 11.7203 2.69054 15.0583 2.69054 27.6482 
-177 -150 -4 -177.29 -150.587 -4.38314 20.1958 29.7035 -8.39753 29.7035 113.164 -7.06637 -8.39753 -7.06637 16.8498 
-203 -170 13 -203.441 -170.783 13.1865 711.247 3053.68 -342.704 3053.68 14139.9 -1875.79 -342.704 -1875.79 373.731 
-223 -154 13 -223.387 -154.495 13.2273 677.897 170.756 -984.613 170.756 851.41 -2343.28 -984.613 -2343.28 6926.95 
