-192 56 3 -192.683 56.4035 3.3576 1021.17 -131.379 23.926 -131.379 26.6816 -14.8249 23.926 -14.8249 34.1578 
-192 57 2 -192.651 57.4766 2.44467 747.75 19.3803 -136.624 19.3803 12.4348 -10.7561 -136.624 -10.7561 43.1897 
-192 56 1 -192.686 56.6098 1.40987 4199.4 -1649.02 698.588 -1649.02 736.481 -262.847 698.588 -262.847 127.38 
-192 57 0 -192.599 57.5244 0.24999 209.935 -29.1145 -0.654489 -29.1145 13.2475 0.393469 -0.654489 0.393469 3.34258 
-223 53 -4 -223.57 53.6487 -4.50002 13.3031 -35.4034 10.1968 -35.4034 734.948 -65.9406 10.1968 -65.9406 133.348 
-188 65 -4 -188.197 65.4144 -4.43765 162.321 47.094 110.343 47.094 30.4103 42.7391 110.343 42.7391 113.04 
-163 55 -3 -163.286 55.7787 -3.44261 85.9497 99.8677 -6.44105 99.8677 230.721 -10.3776 -6.44105 -10.3776 17.0547 
-224 52 -4 -224.738 52.6095 -4.39875 328.046 -4.57735 6.86815 -4.57735 14.4743 25.4776 6.86815 25.4776 103.312 
-188 61 -4 -188.494 61.5208 -4.26845 69.7214 -14.774 26.0305 -14.774 23.1541 -16.2104 26.0305 -16.2104 51.6051 
-165 60 -4 -165.137 60.9206 -4.4249 907.622 583.887 -162.563 583.887 943.771 -114.626 -162.563 -114.626 54.1522 
-165 56 -3 -165.547 56.1842 -3.35587 24.4082 12.0098 -5.54635 12.0098 42.9847 5.38779 -5.54635 5.38779 23.7894 
-181 51 -4 -181.365 51.5548 -4.88372 1598.75 -1633.36 -7072.26 -1633.36 2600.86 6853.21 -7072.26 6853.21 32363.7 
-188 64 -3 -188.538 64.4651 -3.83654 279.161 -167.983 56.222 -167.983 114.449 -30.6997 56.222 -30.6997 77.3418 
-224 53 -4 -224.32 53.6083 -4.36396 50.5368 -42.8018 68.076 -42.8018 172.152 -6.33344 68.076 -6.33344 195.002 
-188 62 -4 -188.441 62.3619 -4.26028 780.416 -205.863 243.616 -205.863 102.639 -104.869 243.616 -104.869 136.218 
-222 53 -4 -222.492 53.6089 -4.40211 45.5473 507.794 -199.491 507.794 10341.2 -2698.9 -199.491 -2698.9 1356.55 
-191 54 -3 -191.464 54.4092 -3.72798 557.692 -317.658 1555.09 -317.658 190.152 -884.287 1555.09 -884.287 4421.58 
-189 54 -4 -189.802 54.7147 -4.36067 212.397 -166.762 503.981 -166.762 438.822 -289.296 503.981 -289.296 1644.36 
-221 53 -4 -221.573 53.5564 -4.39092 18.1136 215.699 -11.4887 215.699 6786.89 214.348 -11.4887 214.348 88.8832 
