-281 -151 12 -281.45 -151.621 12.4169 15.2153 -0.575366 20.9199 -0.575366 657.967 -369.968 20.9199 -369.968 263.625 
-264 -154 11 -264.707 -154.061 11.4993 1027.8 2769.57 1415.55 2769.57 10017.2 4316.24 1415.55 4316.24 2153.57 
-262 -153 11 -262.711 -153.43 11.672 385.066 129.305 60.9726 129.305 249.073 122.704 60.9726 122.704 68.1416 
-274 -156 10 -274.679 -156.587 10.5859 83.8291 -114.324 64.1238 -114.324 205.512 -121.321 64.1238 -121.321 96.5339 
-272 -159 3 -272.52 -159.239 3.26275 197.075 236.844 206.965 236.844 412.207 228.508 206.965 228.508 237.908 
-265 -160 7 -265.654 -160.206 7.72584 662.506 -181.213 163.95 -181.213 730.62 -134.226 163.95 -134.226 66.9771 
-276 -159 4 -276.204 -159.333 4.50739 404.066 -755.095 121.047 -755.095 3045.92 -64.7614 121.047 -64.7614 72.0427 
-257 -151 -2 -257.538 -151.281 -2.58056 19.4563 180.381 -36.8667 180.381 3381.83 -788.326 -36.8667 -788.326 821.733 
-276 -159 6 -276.266 -159.383 6.51375 879.943 132.123 318.338 132.123 117.829 27.441 318.338 27.441 127.092 
-263 -150 2 -263.53 -150.643 2.71056 282.635 50.571 124.68 50.571 21.5152 4.62989 124.68 4.62989 112.897 
-285 -151 2 -285.405 -151.394 2.65562 21.9901 -6.61427 5.30343 -6.61427 49.7699 11.8621 5.30343 11.8621 14.5588 
-273 -158 2 -273.709 -158.458 2.3198 44.8543 60.7605 -21.6821 60.7605 251.501 -165.279 -21.6821 -165.279 158.111 
-276 -159 2 -276.912 -159.226 2.28964 1636.41 1093.46 288.87 1093.46 988.456 174.022 288.87 174.022 94.1398 
-279 -152 7 -279.622 -152.578 7.41882 735.059 680.616 -615.13 680.616 889.915 -650.387 -615.13 -650.387 552.398 
-271 -159 2 -271.78 -159.413 2.43763 85.5159 -10.9141 -15.9745 -10.9141 37.6362 15.502 -15.9745 15.502 16.5261 
-262 -150 2 -262.818 -150.86 2.21408 85.129 -133.6 -128.516 -133.6 340.12 199.694 -128.516 199.694 269.387 
-264 -153 10 -264.156 -153.933 10.3414 2296.03 2797.52 1525.16 2797.52 5198.48 2038.41 1525.16 2038.41 1041.47 
-263 -152 2 -263.631 -152.382 2.30913 66.1026 -39.8638 -79.4537 -39.8638 33.1018 52.2019 -79.4537 52.2019 123.366 
-277 -152 2 -277.496 -152.613 2.02052 168.032 102.923 956.393 102.923 717.192 -887.793 956.393 -887.793 13971.2 
-268 -158 2 -268.145 -158.604 2.33452 516.734 -235.589 -61.7576 -235.589 391.62 13.2622 -61.7576 13.2622 18.6758 
-260 -150 1 -260.842 -150.698 1.75997 7454.51 -8143.42 -467.829 -8143.42 9284.27 505.221 -467.829 505.221 51.134 
-284 -151 7 -284.446 -151.422 7.57262 121.26 -89.637 104.898 -89.637 120.148 -86.8296 104.898 -86.8296 106.437 
-266 -150 1 -266.406 -150.18 1.82525 511.521 1256.11 -616.92 1256.11 3330.2 -1685.7 -616.92 -1685.7 880.398 
-262 -151 2 -262.715 -151.676 2.35575 23.2978 9.77478 -2.71598 9.77478 17.6459 -3.51721 -2.71598 -3.51721 16.4128 
-257 -150 -2 -257.673 -150.172 -2.4979 507.819 1302.13 138.972 1302.13 3435.29 361.374 138.972 361.374 45.9957 
-262 -153 7 -262.732 -153.209 7.62699 84.598 -55.8885 25.3197 -55.8885 139.419 -15.7116 25.3197 -15.7116 19.942 
-269 -150 2 -269.342 -150.283 2.46262 2417.32 2977.16 2110.65 2977.16 6382.87 1911.33 2110.65 1911.33 2039.63 
-256 -150 -2 -256.496 -150.256 -2.48696 38.9367 -13.1322 -12.7963 -13.1322 20.6395 -5.37267 -12.7963 -5.37267 30.5896 
-268 -158 4 -268.391 -158.522 4.38526 3262.15 4688.56 943.227 4688.56 6836.9 1354.7 943.227 1354.7 284.352 
-277 -159 7 -277.788 -159.199 7.45493 568.791 723.059 46.0222 723.059 1103.49 9.1082 46.0222 9.1082 25.5887 
-263 -150 1 -263.508 -150.698 1.33449 17.6885 -8.46544 2.86064 -8.46544 24.6478 8.02325 2.86064 8.02325 43.0417 
-276 -159 1 -276.772 -159.245 1.58144 497.71 759.13 50.3843 759.13 2143.55 57.2286 50.3843 57.2286 11.5987 
-277 -159 3 -277.322 -159.274 3.55753 25.9956 -38.939 6.70999 -38.939 203.171 9.39223 6.70999 9.39223 15.6491 
-274 -154 7 -274.675 -154.512 7.68091 34.8292 -1.2826 -3.84861 -1.2826 16.1894 -22.2111 -3.84861 -22.2111 56.9855 
-253 -160 -3 -253.549 -160.267 -3.49617 198.592 86.4728 -86.7626 86.4728 52.9972 -38.1207 -86.7626 -38.1207 53.3068 
-275 -159 3 -275.543 -159.284 3.63517 45.6588 35.3468 -20.9985 35.3468 205.055 -51.5944 -20.9985 -51.5944 29.3896 
-250 -159 -3 -250.39 -159.457 -3.47196 27.4732 5.99107 17.5232 5.99107 17.3113 16.5619 17.5232 16.5619 38.6898 
-263 -151 2 -263.541 -151.437 2.59531 22.4343 -5.69968 1.42955 -5.69968 14.2918 -3.79187 1.42955 -3.79187 11.8886 
-285 -153 10 -285.499 -153.811 10.2622 321.965 -217.212 239.455 -217.212 1007.56 -647.366 239.455 -647.366 465.288 
-263 -152 0 -263.486 -152.464 0.52878 31.6656 -0.952938 -0.91316 -0.952938 8.28876 0.721308 -0.91316 0.721308 13.2744 
-255 -156 11 -255.369 -156.296 11.3273 557.078 -1544.31 -66.0182 -1544.31 4837.07 90.707 -66.0182 90.707 30.6189 
-250 -159 0 -250.6 -159.723 0.598342 21.6128 -22.9514 7.22269 -22.9514 355.82 0.54966 7.22269 0.54966 9.71211 
-251 -150 0 -251.368 -150.313 -0.0165275 363.793 -665.363 -768.468 -665.363 1338.61 1534.83 -768.468 1534.83 1846.3 
-265 -151 1 -265.335 -151.846 1.52923 279.725 182.203 -247.347 182.203 144.968 -173.503 -247.347 -173.503 292.479 
-262 -153 0 -262.156 -153.25 0.103137 2730.38 122.593 291.649 122.593 65.8459 22.7145 291.649 22.7145 35.5548 
-257 -150 0 -257.656 -150.263 0.237595 490.187 -899.056 -8.45213 -899.056 1791.18 32.1892 -8.45213 32.1892 5.8196 
-263 -154 0 -263.337 -154.086 -0.213129 159.475 157.23 -156.031 157.23 1504.96 -310.394 -156.031 -310.394 284.411 
-279 -151 8 -279.779 -151.478 8.48381 267.308 202.168 -89.5705 202.168 539.265 86.6462 -89.5705 86.6462 105.465 
-267 -159 4 -267.272 -159.261 4.62394 659.28 -2224.87 -55.1495 -2224.87 8726.88 137.345 -55.1495 137.345 16.3821 
-262 -150 0 -262.569 -150.599 0.411746 20.6298 -2.45142 0.397066 -2.45142 26.038 -3.53194 0.397066 -3.53194 6.89096 
-268 -153 0 -268.882 -153.732 -0.189355 7005.94 -1775.9 642.149 -1775.9 473.345 -181.745 642.149 -181.745 89.7065 
-257 -150 2 -257.167 -150.341 2.72692 444.955 40.8776 -101.281 40.8776 374.801 -44.814 -101.281 -44.814 60.5932 
-276 -159 5 -276.261 -159.353 5.53964 382.193 662.773 46.9367 662.773 1221.08 101.993 46.9367 101.993 18.1855 
-261 -151 2 -261.325 -151.368 2.4348 909.552 466.22 -646.774 466.22 250.929 -333.56 -646.774 -333.56 467.405 
-260 -150 0 -260.637 -150.369 0.348545 16.2803 4.97314 2.27632 4.97314 16.8622 -2.44157 2.27632 -2.44157 5.56826 
-261 -150 2 -261.421 -150.885 2.45317 10.0948 70.1248 0.152614 70.1248 1827.28 17.0418 0.152614 17.0418 14.224 
-255 -155 -3 -255.288 -155.687 -3.76911 23.2208 -8.12008 -18.0552 -8.12008 45.3229 30.5047 -18.0552 30.5047 43.7078 
-278 -159 3 -278.413 -159.399 3.85347 48.2014 -114.157 180.582 -114.157 884.965 -662.871 180.582 -662.871 985.58 
-250 -155 8 -250.699 -155.394 8.30512 171.116 -262.331 -20.1989 -262.331 445.997 41.5562 -20.1989 41.5562 13.0885 
-283 -151 2 -283.898 -151.449 2.29436 287.203 23.9193 -40.469 23.9193 87.9961 -92.1414 -40.469 -92.1414 139.832 
-263 -151 1 -263.484 -151.522 1.53425 8.99804 5.11776 0.917874 5.11776 34.6033 22.9804 0.917874 22.9804 34.0332 
-272 -159 4 -272.579 -159.451 4.58139 74.327 13.1837 0.611717 13.1837 58.0279 119.81 0.611717 119.81 369.971 
-283 -152 4 -283.227 -152.046 4.80536 19.5042 -26.4058 7.24509 -26.4058 781.943 -75.8667 7.24509 -75.8667 114.569 
-280 -150 -1 -280.743 -150.539 -1.5815 90.421 73.6109 20.5927 73.6109 901.939 -102.154 20.5927 -102.154 49.5459 
-264 -151 0 -264.388 -151.538 0.287501 26.5693 -28.2967 -16.1042 -28.2967 42.7131 23.3359 -16.1042 23.3359 16.7732 
-259 -159 8 -259.551 -159.399 8.4745 2113.97 -2239.65 -569.808 -2239.65 5068.69 1147.01 -569.808 1147.01 305.142 
-256 -152 -3 -256.619 -152.369 -3.63797 78.1015 83.1329 -143.937 83.1329 117.735 -146.913 -143.937 -146.913 386.561 
-274 -158 3 -274.239 -158.18 3.44872 133.854 -132.973 -12.2832 -132.973 666.606 31.7093 -12.2832 31.7093 15.9488 
-297 -156 4 -297.498 -156.486 4.06058 13055.9 2200.96 -7291.34 2200.96 445.313 -1179.83 -7291.34 -1179.83 4679.86 
-251 -162 -3 -251.766 -162.349 -3.39301 118.45 64.5045 152.15 64.5045 67.3292 88.9335 152.15 88.9335 475.786 
-250 -155 -4 -250.39 -155.511 -4.17327 26.5767 1.69453 8.98796 1.69453 8.4196 12.419 8.98796 12.419 213.705 
-260 -159 3 -260.255 -159.188 3.38525 1517.27 1434.11 71.1199 1434.11 1553.65 108.518 71.1199 108.518 25.1769 
-280 -150 0 -280.577 -150.457 -0.254573 105.466 -120.046 -7.19748 -120.046 188.68 7.90836 -7.19748 7.90836 3.47462 
-262 -153 10 -262.623 -153.314 10.5585 218.513 -341.976 9.47224 -341.976 1112.09 -54.5982 9.47224 -54.5982 16.2099 
-282 -152 4 -282.912 -152.216 4.75162 98.9818 14.1004 5.49736 14.1004 19.1377 19.8993 5.49736 19.8993 54.9432 
-278 -150 2 -278.178 -150.113 2.71978 1229.07 -1604.09 -331.379 -1604.09 3818.03 328.655 -331.379 328.655 113.127 
-264 -150 1 -264.243 -150.852 1.46991 942.624 -1619.32 468.756 -1619.32 4168.11 -2499.08 468.756 -2499.08 2390.82 
-253 -156 -4 -253.659 -156.236 -4.08933 108.152 10.1164 525.703 10.1164 691.776 4289.77 525.703 4289.77 30648.9 
-256 -155 -4 -256.464 -155.303 -4.15997 29.0214 -10.971 52.395 -10.971 71.0595 87.8821 52.395 87.8821 429.557 
-263 -151 3 -263.369 -151.566 3.24134 23.7624 -10.293 -9.57845 -10.293 28.8253 24.2916 -9.57845 24.2916 43.7338 
-256 -150 -4 -256.974 -150.216 -4.21589 4076.31 955.795 -525.69 955.795 653.552 -284.532 -525.69 -284.532 208.668 
-264 -151 1 -264.281 -151.345 1.48506 41.7308 8.65274 2.55301 8.65274 16.471 12.3767 2.55301 12.3767 31.5835 
-262 -151 1 -262.707 -151.473 1.59237 23.5367 -3.29422 2.31706 -3.29422 28.9473 -15.8078 2.31706 -15.8078 19.5921 
-262 -151 8 -262.331 -151.361 8.47241 350.121 -43.3552 22.0697 -43.3552 220.964 -149.804 22.0697 -149.804 113.349 
-250 -154 -4 -250.475 -154.664 -4.38628 26.0672 42.6987 344.235 42.6987 109.188 778.132 344.235 778.132 7829.1 
-276 -150 4 -276.407 -150.086 4.78419 12.1446 4.9426 49.8532 4.9426 718.684 247.526 49.8532 247.526 806.506 
-260 -150 2 -260.69 -150.597 2.5179 65.1863 0.05546 21.0577 0.05546 75.5469 -29.0107 21.0577 -29.0107 34.9647 
-251 -159 6 -251.527 -159.132 6.38596 119.204 668.294 -167.825 668.294 6794.31 -1848.78 -167.825 -1848.78 522.644 
-273 -157 11 -273.625 -157.668 11.4013 4984.23 -3655.65 343.516 -3655.65 3440.07 -387.078 343.516 -387.078 56.0061 
-252 -155 -4 -252.668 -155.501 -4.19484 31.9354 -35.1625 -78.8355 -35.1625 97.9078 202.777 -78.8355 202.777 627.381 
-251 -156 -4 -251.346 -156.355 -4.04821 25.889 5.48676 -326.44 5.48676 46.7994 -256.952 -326.44 -256.952 6107.19 
-263 -152 3 -263.41 -152.119 3.45027 176.752 -818.106 624.263 -818.106 3947.03 -3021.92 624.263 -3021.92 2344.82 
-286 -150 4 -286.249 -150.733 4.62923 10.6815 26.3665 -10.8676 26.3665 458.025 -270.684 -10.8676 -270.684 186.377 
-280 -151 6 -280.173 -151.164 6.36468 65.981 14.0524 -9.68783 14.0524 30.7723 7.43336 -9.68783 7.43336 12.744 
-252 -158 -3 -252.542 -158.689 -3.54607 18.9133 13.8784 20.8678 13.8784 21.8245 24.3898 20.8678 24.3898 47.0577 
-280 -151 7 -280.171 -151.142 7.69628 144.321 7.89631 25.5516 7.89631 43.4747 -32.7131 25.5516 -32.7131 43.2865 
-284 -152 2 -284.551 -152.357 2.56846 1057.1 -1598.48 322.934 -1598.48 2543.55 -515.501 322.934 -515.501 122.583 
-260 -152 9 -260.251 -152.176 9.67085 657.004 -599.169 -234.814 -599.169 956.728 25.2045 -234.814 25.2045 197.108 
-258 -158 2 -258.698 -158.314 2.60342 1121.96 483.793 -615.823 483.793 428.236 -290.799 -615.823 -290.799 347.536 
-253 -159 -3 -253.471 -159.412 -3.4874 27.3054 -20.9674 -11.834 -20.9674 28.2612 12.7241 -11.834 12.7241 23.2758 
-277 -150 4 -277.451 -150.305 4.57672 21.7232 15.9813 -35.3852 15.9813 44.798 -70.9869 -35.3852 -70.9869 147.373 
-267 -150 2 -267.742 -150.358 2.22693 126.051 -84.5174 -191.708 -84.5174 64.3464 143.055 -191.708 143.055 401.16 
-254 -156 -3 -254.717 -156.338 -3.88526 59.9797 -40.8306 -88.2163 -40.8306 42.6211 97.2313 -88.2163 97.2313 501.574 
-283 -151 5 -283.355 -151.918 5.58149 233.445 210.628 83.6721 210.628 752.996 -16.7388 83.6721 -16.7388 58.9259 
-285 -150 8 -285.099 -150.824 8.88292 26890.1 -43865.2 20257.2 -43865.2 72855.6 -33130.6 20257.2 -33130.6 15443.8 
-262 -153 6 -262.788 -153.236 6.30475 38.4173 -20.0599 5.39095 -20.0599 87.2193 -14.9504 5.39095 -14.9504 17.6888 
-253 -155 -4 -253.631 -155.396 -4.13325 27.5852 43.5231 136.33 43.5231 94.3186 126.085 136.33 126.085 3651.39 
-267 -156 9 -267.614 -156.415 9.53791 237.619 301.239 -160.251 301.239 613.571 -254.581 -160.251 -254.581 133.068 
-263 -153 9 -263.504 -153.791 9.4948 265.672 -376.657 123.205 -376.657 858.635 -68.8985 123.205 -68.8985 122.608 
-253 -159 -2 -253.587 -159.707 -2.52362 45.2052 -6.7225 -0.283613 -6.7225 5.95672 1.18893 -0.283613 1.18893 8.12667 
-278 -150 3 -278.872 -150.119 3.85237 359.092 -371.851 -436.091 -371.851 2501.6 -176.089 -436.091 -176.089 823.898 
-288 -152 7 -288.33 -152.759 7.18828 146.704 504.788 -229.171 504.788 1870.27 -812.379 -229.171 -812.379 414.441 
-280 -150 -2 -280.716 -150.486 -2.46615 26.6179 -27.4966 -20.6769 -27.4966 64.7898 41.2377 -20.6769 41.2377 46.2328 
-275 -156 5 -275.282 -156.537 5.59009 456.515 122.487 -112.762 122.487 88.67 11.3958 -112.762 11.3958 65.0517 
-280 -150 1 -280.44 -150.35 1.27818 87.3756 -58.0247 -14.5192 -58.0247 112.164 -139.534 -14.5192 -139.534 346.646 
-272 -159 2 -272.5 -159.415 2.44842 33.4081 -46.8037 2.10705 -46.8037 114.423 -21.4706 2.10705 -21.4706 16.1287 
-251 -155 -4 -251.448 -155.702 -4.20123 23.6151 -39.1946 300.922 -39.1946 157.732 -929.706 300.922 -929.706 6228.29 
-265 -158 5 -265.367 -158.383 5.14903 487.391 -123.978 416.817 -123.978 301.569 -170.769 416.817 -170.769 401.386 
-264 -150 0 -264.364 -150.479 0.149164 22.3627 -5.21859 -5.5637 -5.21859 29.253 2.4638 -5.5637 2.4638 3.91265 
-268 -151 6 -268.334 -151.808 6.31945 181.124 -123.084 -2.66256 -123.084 1641.81 -117.241 -2.66256 -117.241 25.6803 
-250 -161 -3 -250.232 -161.271 -3.48022 224.838 3.9785 400.495 3.9785 318.885 1217.9 400.495 1217.9 5761.89 
-251 -160 -3 -251.405 -160.489 -3.44883 90.95 124.088 -35.2038 124.088 208.78 -78.6675 -35.2038 -78.6675 52.2253 
-263 -150 0 -263.525 -150.5 0.236937 11.6836 -0.488119 -1.36111 -0.488119 14.1761 1.01816 -1.36111 1.01816 3.8554 
-263 -152 1 -263.695 -152.6 1.60412 83.7186 -69.0149 47.4976 -69.0149 69.5224 -45.4968 47.4976 -45.4968 38.322 
-262 -153 9 -262.615 -153.383 9.49031 151.118 -73.8041 5.35971 -73.8041 1402.57 -8.17734 5.35971 -8.17734 11.4454 
-266 -151 1 -266.751 -151.855 1.42193 118.612 200.892 31.1064 200.892 574.502 38.6197 31.1064 38.6197 19.8051 
-254 -160 -3 -254.311 -160.601 -3.50597 31.9001 -31.0875 -35.9006 -31.0875 61.2809 53.4183 -35.9006 53.4183 70.3734 
-252 -160 6 -252.661 -160.54 6.32796 101.089 -213.742 92.1794 -213.742 511.927 -225.921 92.1794 -225.921 108.719 
-275 -150 5 -275.623 -150.736 5.42031 27.2987 160.002 98.5181 160.002 1439.24 802.414 98.5181 802.414 479.983 
-255 -152 -3 -255.524 -152.291 -3.58957 16.9542 8.58216 0.917954 8.58216 15.7113 2.13352 0.917954 2.13352 11.451 
-283 -152 7 -283.595 -152.822 7.24426 54.7439 28.3398 24.645 28.3398 48.7401 21.3229 24.645 21.3229 20.2483 
-261 -152 8 -261.357 -152.613 8.68587 1202.64 -3418.38 216.477 -3418.38 10793.9 -1315.26 216.477 -1315.26 548.944 
-284 -154 9 -284.481 -154.122 9.46464 48.316 266.398 65.138 266.398 2829.23 910.972 65.138 910.972 342.723 
-252 -159 1 -252.323 -159.252 1.28458 216.903 -138.999 -296.645 -138.999 158.441 263.774 -296.645 263.774 527.012 
-257 -152 -4 -257.319 -152.252 -4.12072 141.122 -692.807 275.869 -692.807 3735.93 -1414.25 275.869 -1414.25 596.314 
-261 -150 0 -261.176 -150.557 -0.21068 17.3863 0.626586 -0.351087 0.626586 24.3831 -5.83807 -0.351087 -5.83807 5.02707 
-259 -150 0 -259.575 -150.592 -0.31943 454.241 -313.802 -245.958 -313.802 229.131 169.524 -245.958 169.524 137.115 
-273 -156 10 -273.382 -156.154 10.2154 327.95 1194.01 -221.309 1194.01 4894.53 -1174.86 -221.309 -1174.86 427.23 
-266 -151 0 -266.465 -151.598 0.23034 33.0189 -9.87256 2.4081 -9.87256 57.6477 4.70668 2.4081 4.70668 3.74685 
-267 -151 3 -267.472 -151.616 3.51827 93.195 123.276 27.8387 123.276 263.409 41.1996 27.8387 41.1996 20.9116 
-280 -150 3 -280.605 -150.928 3.43061 79.961 72.9319 -3.12009 72.9319 2051.86 114.778 -3.12009 114.778 12.902 
-260 -150 3 -260.694 -150.423 3.55653 37.9963 31.2378 3.61682 31.2378 65.0495 -14.7073 3.61682 -14.7073 21.8089 
-282 -151 2 -282.108 -151.644 2.79338 276.166 163.474 150.358 163.474 569.204 312.326 150.358 312.326 275.588 
-279 -150 3 -279.323 -150.178 3.34721 595.611 870.285 -626.83 870.285 1920.3 -995.224 -626.83 -995.224 697.059 
-273 -159 3 -273.199 -159.576 3.4765 164.812 -54.7473 54.2914 -54.7473 30.3354 -24.2932 54.2914 -24.2932 41.4562 
-268 -158 8 -268.433 -158.417 8.63459 912.01 127.999 -156.783 127.999 1567.67 -412.078 -156.783 -412.078 138.815 
-268 -158 3 -268.165 -158.508 3.63719 281.314 -187.361 -1.71 -187.361 765.84 -15.7235 -1.71 -15.7235 18.0151 
-267 -157 3 -267.611 -157.405 3.61651 403.759 -797.256 379.843 -797.256 2327.31 -942.905 379.843 -942.905 426.136 
-262 -153 3 -262.863 -153.734 3.54585 365.555 -21.3826 187.818 -21.3826 44.8091 -24.7096 187.818 -24.7096 158.499 
-279 -150 7 -279.743 -150.846 7.61712 261.83 35.3467 -132.741 35.3467 755.958 -181.107 -132.741 -181.107 118.093 
-267 -156 7 -267.603 -156.901 7.6899 1024.4 -133.424 290.987 -133.424 618.696 -120.564 290.987 -120.564 102.812 
-268 -158 10 -268.603 -158.191 10.137 4421.44 1174.05 140.724 1174.05 355.001 9.52663 140.724 9.52663 196.658 
-273 -160 3 -273.758 -160.195 3.49603 94.3426 -151.29 -28.5482 -151.29 293.773 49.0161 -28.5482 49.0161 15.766 
-252 -160 4 -252.524 -160.368 4.41968 52.0462 -54.5726 -8.17265 -54.5726 153.932 10.2048 -8.17265 10.2048 5.88404 
-277 -159 4 -277.529 -159.388 4.27805 391.499 -321.241 93.8514 -321.241 322.53 -35.5745 93.8514 -35.5745 62.1139 
-260 -159 4 -260.147 -159.108 4.63884 438.555 429.054 -94.6858 429.054 934.157 -93.2612 -94.6858 -93.2612 27.4702 
-262 -153 4 -262.846 -153.639 4.41558 92.7316 -80.6464 -7.62123 -80.6464 304.94 -30.9307 -7.62123 -30.9307 17.3469 
-280 -150 4 -280.473 -150.938 4.4717 181.253 199.855 -41.7743 199.855 1207.95 -25.351 -41.7743 -25.351 20.0767 
-278 -150 4 -278.288 -150.083 4.22891 192.482 744.77 -238.873 744.77 5470.59 -1199.83 -238.873 -1199.83 358.636 
-286 -150 5 -286.39 -150.329 5.60331 258.313 -57.874 10.2174 -57.874 189.864 -34.1014 10.2174 -34.1014 22.2705 
-263 -151 0 -263.519 -151.324 0.219835 23.8553 -13.7793 19.111 -13.7793 32.936 -24.729 19.111 -24.729 28.7425 
-303 -150 4 -303.856 -150.645 4.27751 4016.16 1720.68 -1783.84 1720.68 853.911 -792.484 -1783.84 -792.484 876.077 
-275 -157 4 -275.318 -157.692 4.48784 402.794 83.4342 -238.961 83.4342 40.6448 -59.8717 -238.961 -59.8717 169.817 
-267 -157 4 -267.577 -157.21 4.59407 319.532 38.1612 -59.2571 38.1612 407.935 -67.8045 -59.2571 -67.8045 35.0391 
-297 -156 5 -297.332 -156.365 5.35985 108.522 -113.251 -32.2986 -113.251 155.188 30.1883 -32.2986 30.1883 25.2212 
-275 -159 4 -275.437 -159.275 4.56219 181.964 -895.296 148.89 -895.296 4621.4 -784.768 148.89 -784.768 151.457 
-282 -151 5 -282.661 -151.332 5.52988 86.3532 245.282 188.826 245.282 1047.34 817.915 188.826 817.915 652.043 
-254 -150 0 -254.572 -150.372 0.186073 129.444 165.767 -134.93 165.767 248.383 -188.103 -134.93 -188.103 149.106 
-280 -151 4 -280.418 -151.092 4.78601 25.7859 22.8935 -9.00365 22.8935 708.906 -89.8695 -9.00365 -89.8695 39.4309 
-276 -159 7 -276.51 -159.455 7.37847 685.363 154.291 74.6154 154.291 494.576 -109.716 74.6154 -109.716 59.2087 
-267 -156 10 -267.541 -156.277 10.3512 137.933 112.164 29.1744 112.164 938.017 11.855 29.1744 11.855 12.6598 
-275 -150 4 -275.733 -150.072 4.69905 63.8498 125.499 -105.35 125.499 731.911 -294.726 -105.35 -294.726 421.76 
-274 -158 8 -274.348 -158.352 8.75121 3788.24 149.951 -1073.11 149.951 276.796 -122.397 -1073.11 -122.397 335.478 
-254 -155 -4 -254.41 -155.347 -4.08906 18.2456 10.3619 54.1662 10.3619 81.2753 -455.134 54.1662 -455.134 3729.19 
-283 -152 8 -283.795 -152.833 8.22084 477.571 981.396 -487.097 981.396 4298.47 -2453.19 -487.097 -2453.19 1449.91 
-273 -160 5 -273.629 -160.633 5.3501 967.35 314.238 -442.654 314.238 355.11 -84.3898 -442.654 -84.3898 224.075 
-277 -159 5 -277.483 -159.285 5.33954 57.8474 26.3529 28.0236 26.3529 363.882 74.825 28.0236 74.825 43.7968 
-267 -157 5 -267.525 -157.166 5.36064 637.119 -774.436 -425.012 -774.436 1669.15 736.067 -425.012 736.067 368.513 
-282 -153 5 -282.388 -153.428 5.44925 3132.12 1312.02 507.293 1312.02 589.595 191.496 507.293 191.496 100.683 
-283 -152 5 -283.204 -152.117 5.36102 88.6926 46.8383 22.4681 46.8383 134.947 52.6659 22.4681 52.6659 35.1318 
-252 -160 5 -252.6 -160.534 5.69914 292.692 -318.073 -5.33954 -318.073 358.129 30.4708 -5.33954 30.4708 176.783 
-278 -157 11 -278.185 -157.507 11.7152 88.0544 -30.5791 18.3191 -30.5791 71.0391 -38.0823 18.3191 -38.0823 48.6744 
-281 -150 -2 -281.311 -150.425 -2.46283 48.0124 0.916973 -41.2655 0.916973 18.6825 25.9162 -41.2655 25.9162 99.4856 
-280 -150 5 -280.478 -150.901 5.48278 31.1219 56.6242 3.91176 56.6242 465.661 -22.7276 3.91176 -22.7276 13.4261 
-262 -153 8 -262.776 -153.416 8.5934 48.9426 -52.8097 -20.4774 -52.8097 356.706 47.8214 -20.4774 47.8214 43.1158 
-269 -153 1 -269.308 -153.89 1.75685 693.926 498.773 53.5448 498.773 2381.42 445.134 53.5448 445.134 100.71 
-262 -150 10 -262.123 -150.301 10.149 509.997 -402.65 338.287 -402.65 613.428 -504.875 338.287 -504.875 466.578 
-268 -158 5 -268.315 -158.564 5.21921 236.575 -806.796 141.858 -806.796 7327.61 -1.33241 141.858 -1.33241 287.573 
-276 -150 5 -276.248 -150.536 5.44504 2745.79 3438.23 669.522 3438.23 4324.66 846.409 669.522 846.409 214.568 
-275 -159 5 -275.118 -159.185 5.51702 9418.44 -11815.5 -6181.14 -11815.5 15064.8 7883.4 -6181.14 7883.4 4163.47 
-280 -150 6 -280.237 -150.889 6.33087 52.5057 114.25 -19.636 114.25 407.4 -37.3837 -19.636 -37.3837 20.8783 
-279 -151 9 -279.407 -151.791 9.25622 727.128 -43.0032 -99.0083 -43.0032 315.23 -30.27 -99.0083 -30.27 60.1297 
-262 -153 5 -262.774 -153.429 5.4692 71.3087 18.0818 2.44303 18.0818 218.854 -5.51169 2.44303 -5.51169 66.1392 
-268 -151 5 -268.127 -151.828 5.58346 3168.72 3482.92 1045.25 3482.92 4808.29 1005.35 1045.25 1005.35 395.015 
-260 -150 4 -260.362 -150.41 4.58325 1050.22 955.54 -377.879 955.54 1240.39 -322.041 -377.879 -322.041 150.235 
-284 -151 6 -284.356 -151.64 6.83656 34.9311 -128.024 13.6808 -128.024 1840.63 -925.998 13.6808 -925.998 645.788 
-253 -160 5 -253.146 -160.883 5.74915 2089.12 5181.32 -3931.58 5181.32 13674.9 -10294.6 -3931.58 -10294.6 7792.49 
-296 -152 7 -296.457 -152.123 7.24698 770.105 388.759 -1138.05 388.759 225.744 -579.299 -1138.05 -579.299 1702.75 
-283 -151 6 -283.813 -151.654 6.46126 520.538 505.12 79.6288 505.12 1474.67 -260.205 79.6288 -260.205 144.477 
-262 -151 0 -262.725 -151.246 -0.0153813 91.97 105.394 -3.8284 105.394 383.621 -32.2743 -3.8284 -32.2743 5.43581 
-263 -153 8 -263.028 -153.497 8.59127 5487.97 -1221.45 -451.207 -1221.45 587.338 216.354 -451.207 216.354 86.3153 
-260 -150 6 -260.249 -150.052 6.46047 225.585 57.0353 41.6151 57.0353 336.185 -1.01893 41.6151 -1.01893 33.441 
-268 -158 6 -268.454 -158.545 6.4938 490.703 138.094 -17.3933 138.094 626.603 26.8991 -17.3933 26.8991 17.919 
-277 -159 6 -277.63 -159.416 6.34183 86.7177 -0.816126 7.80265 -0.816126 105.187 7.39301 7.80265 7.39301 10.1182 
-281 -150 6 -281.514 -150.52 6.48351 191.914 -63.3194 203.247 -63.3194 106.852 -96.8197 203.247 -96.8197 241.916 
-251 -160 6 -251.808 -160.438 6.70321 183.339 -324.993 -184.767 -324.993 1031.87 438.164 -184.767 438.164 247.372 
-262 -152 6 -262.532 -152.756 6.67792 89.0351 -177.93 84.0844 -177.93 765.208 -362.599 84.0844 -362.599 241.396 
-253 -158 -3 -253.365 -158.327 -3.71962 335.421 -15.6199 -130.959 -15.6199 36.1013 26.7357 -130.959 26.7357 67.6923 
-285 -151 6 -285.541 -151.376 6.53661 288.522 216.021 -299.766 216.021 295.691 -72.6546 -299.766 -72.6546 654.556 
-304 -151 6 -304.843 -151.403 6.71136 6314.26 2135.44 2178.51 2135.44 943.359 1494.48 2178.51 1494.48 3464.6 
-252 -156 7 -252.5 -156.281 7.51997 66.3093 -120.75 31.3075 -120.75 251.583 -86.4905 31.3075 -86.4905 118.056 
-274 -157 1 -274.352 -157.525 1.45603 82.0029 19.6927 86.1903 19.6927 17.3569 24.6539 86.1903 24.6539 117.794 
-274 -158 7 -274.552 -158.438 7.4206 5205.54 152.063 -1224.52 152.063 88.0956 -27.2396 -1224.52 -27.2396 294.789 
-275 -155 7 -275.202 -155.736 7.28382 89.2542 154.432 -39.3648 154.432 345.072 -72.0597 -39.3648 -72.0597 28.6558 
-274 -155 7 -274.851 -155.46 7.17617 12450 -4806.99 5063.39 -4806.99 2018.86 -2203.81 5063.39 -2203.81 2499.84 
-262 -152 7 -262.427 -152.31 7.35745 147.673 -78.8687 35.0027 -78.8687 100.985 -35.1991 35.0027 -35.1991 32.1512 
-250 -158 7 -250.587 -158.315 7.52622 1067.43 220.583 1161.65 220.583 504.445 231.957 1161.65 231.957 1272.38 
-280 -150 7 -280.121 -150.972 7.46779 5785.85 1167.03 232.733 1167.03 1614.56 102.88 232.733 102.88 20.9465 
-282 -151 3 -282.473 -151.712 3.50772 48.1179 -3.83834 30.3073 -3.83834 31.1464 -9.22575 30.3073 -9.22575 29.7634 
-267 -159 7 -267.161 -159.557 7.46675 5217.08 -2911.37 -144.675 -2911.37 2845.37 -83.0678 -144.675 -83.0678 49.3366 
-251 -155 7 -251.639 -155.894 7.55947 52.4172 -176.804 4.41756 -176.804 852.084 -0.299492 4.41756 -0.299492 15.457 
-274 -157 8 -274.553 -157.651 8.4102 247.336 395.757 -198.423 395.757 1701.93 -887.57 -198.423 -887.57 473.253 
-279 -150 2 -279.819 -150.205 2.61942 7153.01 -484.371 -3801.33 -484.371 208.446 150.146 -3801.33 150.146 2121.91 
-261 -150 1 -261.555 -150.615 1.70553 8.94958 7.90248 -15.2118 7.90248 20.1765 -22.7444 -15.2118 -22.7444 51.9367 
-283 -153 8 -283.86 -153.478 8.1866 415.726 -266.189 -213.189 -266.189 302.948 76.5636 -213.189 76.5636 164.652 
-286 -152 8 -286.473 -152.232 8.12253 236.187 -413.109 -220.456 -413.109 1156.39 -244.852 -220.456 -244.852 1362.93 
-285 -151 8 -285.403 -151.835 8.15227 369.939 -1201.47 -275.727 -1201.47 4754.37 1827.88 -275.727 1827.88 1486.21 
-280 -150 8 -280.551 -150.76 8.50611 158.219 -31.5274 100.919 -31.5274 614.952 -233.406 100.919 -233.406 152.274 
-279 -150 8 -279.396 -150.564 8.39084 288.599 -74.5129 -128.769 -74.5129 47.8978 30.7797 -128.769 30.7797 75.0477 
-278 -158 8 -278.077 -158.936 8.63108 724.524 -564.63 16.795 -564.63 2723.6 -47.2956 16.795 -47.2956 13.9167 
-284 -151 8 -284.731 -151.054 8.248 257.586 -481.769 379.508 -481.769 6914.69 -3377.15 379.508 -3377.15 1870.37 
-284 -153 8 -284.069 -153.827 8.55081 979.98 805.585 514.381 805.585 986.708 513.333 514.381 513.333 325.578 
-254 -157 8 -254.414 -157.621 8.7646 51.9349 -41.3141 -87.9963 -41.3141 389.685 -63.0464 -87.9963 -63.0464 261.455 
-251 -154 -4 -251.454 -154.325 -4.38769 32.0525 -39.1151 -13.4629 -39.1151 206.699 264.503 -13.4629 264.503 527.948 
-278 -158 9 -278.195 -158.738 9.42138 2013.91 235.647 34.7568 235.647 318.184 -101.305 34.7568 -101.305 48.6826 
-260 -150 5 -260.281 -150.254 5.49644 319.152 -259.62 76.5538 -259.62 900.236 -206.436 76.5538 -206.436 60.892 
-262 -150 9 -262.349 -150.778 9.53357 56.2352 -96.8594 60.3825 -96.8594 308.639 -152.615 60.3825 -152.615 93.1847 
-285 -150 9 -285.497 -150.791 9.33457 84.5583 -307.419 160.037 -307.419 1304.99 -651.786 160.037 -651.786 350.995 
-279 -150 9 -279.116 -150.415 9.12706 1029.56 567.206 -1188.33 567.206 3074.56 -2285.38 -1188.33 -2285.38 2469.79 
-286 -150 9 -286.397 -150.763 9.58543 709.767 1132.2 159.272 1132.2 1910.46 328.126 159.272 328.126 94.7695 
-252 -156 11 -252.337 -156.624 11.2037 14.6141 -12.4956 4.60996 -12.4956 168.149 -84.2194 4.60996 -84.2194 69.4218 
-281 -150 9 -281.182 -150.184 9.55419 702.599 -453.261 386.78 -453.261 1748.56 -736.723 386.78 -736.723 406.067 
-263 -152 7 -263.511 -152.836 7.21991 1930.87 4913.73 -1976.58 4913.73 13720.8 -6135.12 -1976.58 -6135.12 3118.19 
-264 -151 2 -264.364 -151.7 2.30509 21.0559 -16.0622 -5.64784 -16.0622 49.3583 -11.3452 -5.64784 -11.3452 40.7238 
-267 -158 1 -267.204 -158.931 1.6172 522.82 -1577.88 -237.983 -1577.88 7578.47 969.222 -237.983 969.222 139.088 
-282 -150 7 -282.477 -150.178 7.48181 35.0211 92.6761 5.13528 92.6761 537.346 -76.7955 5.13528 -76.7955 49.0654 
-286 -150 10 -286.537 -150.655 10.3918 190.578 -134.992 157.957 -134.992 102.889 -109.708 157.957 -109.708 149.526 
-278 -158 10 -278.253 -158.618 10.4926 266.242 -25.5066 30.716 -25.5066 34.0656 32.3022 30.716 32.3022 58.072 
