-306 59 -1 -306.361 59.5353 -1.64314 586.237 -82.3286 85.1617 -82.3286 17.7872 -11.8532 85.1617 -11.8532 26.2936 
-313 52 2 -313.454 52.8332 2.20028 862.172 837.747 214.3 837.747 984.631 334.697 214.3 334.697 208.195 
-306 62 -2 -306.322 62.4102 -2.44161 655.866 157.696 20.5937 157.696 60.0655 -10.359 20.5937 -10.359 42.8871 
-313 53 -2 -313.131 53.43 -2.57375 177.349 54.9868 -16.1371 54.9868 70.6193 33.0107 -16.1371 33.0107 42.3886 
-306 63 0 -306.326 63.5309 -0.614618 3377.86 475.045 224.506 475.045 89.881 39.2929 224.506 39.2929 21.4206 
-345 72 4 -345.511 72.4847 4.2987 144.471 -240.697 -16.5188 -240.697 471.398 0.179696 -16.5188 0.179696 27.591 
-306 52 -3 -306.584 52.2706 -3.28846 440.891 211.805 -206.716 211.805 189.203 -152.444 -206.716 -152.444 158.6 
-335 68 -4 -335.804 68.4791 -4.64285 2333.15 -3649.65 -2391.98 -3649.65 6311.01 3683.17 -2391.98 3683.17 2502.66 
-304 50 -4 -304.844 50.4006 -4.17459 204.133 -32.9832 13.8011 -32.9832 12.8822 -12.4395 13.8011 -12.4395 241.217 
-304 51 -4 -304.881 51.4223 -4.16341 9807.88 -140.512 -174.415 -140.512 15.0924 40.2501 -174.415 40.2501 12956.8 
-346 72 -3 -346.164 72.6536 -3.44542 75.7063 -112.593 1.72185 -112.593 858.992 -5.09314 1.72185 -5.09314 14.8802 
-306 54 -3 -306.583 54.5455 -3.49447 577.79 -87.5337 -109.99 -87.5337 30.0574 25.6003 -109.99 25.6003 57.9425 
-306 55 -3 -306.632 55.2831 -3.65035 22046.5 -2235.45 -5721.69 -2235.45 267.033 569.603 -5721.69 569.603 1517.95 
-306 57 -3 -306.447 57.5293 -3.33359 131.932 3.3156 10.5125 3.3156 8.79515 12.7836 10.5125 12.7836 41.1565 
-306 56 -3 -306.45 56.5572 -3.46661 179.321 4.81085 -23.1858 4.81085 15.2988 15.8166 -23.1858 15.8166 55.6817 
