-437 50 11 -437.661 50.2375 11.4037 311.067 478.146 79.2008 478.146 2659.57 590.544 79.2008 590.544 145.456 
-436 50 10 -436.412 50.7107 10.3294 1482.76 1846.92 36.7212 1846.92 2855.29 185.606 36.7212 185.606 43.7882 
-413 59 7 -413.633 59.1319 7.61335 352.132 455.151 135.001 455.151 682.43 189.034 135.001 189.034 70.7427 
-443 57 7 -443.186 57.7973 7.50278 284.805 -121.459 134.515 -121.459 2087.97 -193.662 134.515 -193.662 101.546 
-389 51 7 -389.331 51.4926 7.56502 1955.74 1315.02 413.048 1315.02 1429.26 434.938 413.048 434.938 139.844 
-429 53 7 -429.35 53.514 7.4874 241.227 -288.398 -111.193 -288.398 1806.2 611.219 -111.193 611.219 215.742 
-370 52 7 -370.46 52.5544 7.4426 149.959 -210.1 -283.036 -210.1 369.293 449.531 -283.036 449.531 578.621 
-437 50 6 -437.178 50.7784 6.63818 237.831 286.512 -8.5475 286.512 1483.09 -31.0015 -8.5475 -31.0015 13.1734 
-443 57 6 -443.245 57.8303 6.41179 124.95 143.614 15.4778 143.614 296.751 31.0618 15.4778 31.0618 13.3806 
-428 54 6 -428.771 54.2169 6.25614 40.23 -0.687026 -1.33017 -0.687026 211.263 -79.8115 -1.33017 -79.8115 54.6086 
-371 53 5 -371.803 53.1169 5.57992 61.8656 180.534 4.97464 180.534 1811.22 134.047 4.97464 134.047 32.4659 
-387 56 5 -387.232 56.1687 5.20968 50.9562 -51.1186 40.3817 -51.1186 260.502 -16.2381 40.3817 -16.2381 226.003 
-429 53 5 -429.334 53.826 5.39631 39.3944 -53.769 12.6092 -53.769 235.618 -19.7243 12.6092 -19.7243 14.6505 
-437 50 5 -437.154 50.8582 5.32582 142.214 -58.5232 -26.5637 -58.5232 315.552 32.1221 -26.5637 32.1221 15.4217 
-430 61 4 -430.607 61.9514 4.8506 3173.79 9791.89 1939.87 9791.89 31672.7 6103.69 1939.87 6103.69 1237.48 
-394 60 4 -394.294 60.2256 4.44891 193.077 -115.209 -42.9048 -115.209 1238.08 -32.3245 -42.9048 -32.3245 38.9668 
-419 56 4 -419.811 56.1779 4.52039 36.4376 38.098 -12.1972 38.098 181.027 -16.598 -12.1972 -16.598 18.8068 
-419 55 4 -419.635 55.9577 4.34918 358.751 -566.962 -116.272 -566.962 2142.92 229.796 -116.272 229.796 86.8712 
-372 53 4 -372.339 53.2854 4.48887 61.8801 101.151 0.654953 101.151 454.23 -66.6926 0.654953 -66.6926 35.8929 
-448 68 4 -448.483 68.0874 4.47736 265.976 712.393 -21.7569 712.393 4659.86 -247.577 -21.7569 -247.577 22.8435 
-443 58 4 -443.33 58.1471 4.50799 336.762 602.477 227.792 602.477 1376.86 439.032 227.792 439.032 166.29 
-387 56 4 -387.274 56.2076 4.52643 206.448 -622.742 -33.1808 -622.742 3760.06 146.76 -33.1808 146.76 10.9348 
-429 53 4 -429.367 53.7917 4.42428 70.2924 -109.941 -2.49999 -109.941 418.292 23.6662 -2.49999 23.6662 12.8749 
-437 50 4 -437.291 50.849 4.39453 68.5245 -27.1456 2.14657 -27.1456 778.745 66.0977 2.14657 66.0977 20.7261 
-442 57 6 -442.946 57.7358 6.61227 416.618 -81.9608 7.54878 -81.9608 461.953 129.982 7.54878 129.982 75.1672 
-358 54 3 -358.829 54.3468 3.54239 978.415 2034.21 356.284 2034.21 4840.58 1067.31 356.284 1067.31 338.039 
-419 56 3 -419.89 56.1171 3.43929 949.259 42.4711 -169.604 42.4711 248.534 -0.889265 -169.604 -0.889265 59.5244 
-390 53 3 -390.542 53.3311 3.49847 179.044 487.141 -20.4143 487.141 2462.01 -148.243 -20.4143 -148.243 27.4738 
-447 50 3 -447.169 50.0612 3.49747 590.917 -385.946 -208.476 -385.946 1511.89 146.541 -208.476 146.541 104.2 
-437 50 3 -437.255 50.9133 3.57732 252.491 -186.05 -56.2904 -186.05 526.764 72.9376 -56.2904 72.9376 28.5613 
-352 65 3 -352.471 65.246 3.4074 230.054 860.976 98.9961 860.976 3760.14 403.563 98.9961 403.563 54.0997 
-382 56 3 -382.534 56.214 3.47469 107.67 69.7802 -19.254 69.7802 193.068 -6.98481 -19.254 -6.98481 11.7637 
-372 53 3 -372.434 53.2554 3.29833 41.554 7.78108 14.309 7.78108 69.0027 -33.5413 14.309 -33.5413 44.1996 
-402 60 2 -402.14 60.9664 2.79741 262.452 -771.873 14.3907 -771.873 3270.77 -204.127 14.3907 -204.127 162.081 
-394 60 3 -394.376 60.2217 3.5294 639.445 1273.41 -166.492 1273.41 3643.43 -321.268 -166.492 -321.268 59.4547 
-394 60 2 -394.429 60.2071 2.5065 1768.62 -3270.21 -288.734 -3270.21 7023.44 517.518 -288.734 517.518 68.1046 
-414 59 2 -414.121 59.2927 2.49484 104.978 -25.1096 23.8439 -25.1096 326.68 -40.6923 23.8439 -40.6923 21.8869 
-443 58 2 -443.209 58.0948 2.51736 38.2757 -10.6522 3.94973 -10.6522 141.105 -5.6849 3.94973 -5.6849 13.4466 
-437 51 2 -437.321 51.0268 2.52881 448.131 1561.45 -114.867 1561.45 6933.56 -525.475 -114.867 -525.475 47.6836 
-398 58 5 -398.212 58.803 5.31316 544.249 -559.052 98.4082 -559.052 1267.3 -183.256 98.4082 -183.256 38.1681 
-398 58 3 -398.346 58.9702 3.47547 352.115 -1517.27 -304.878 -1517.27 8442.19 1510.14 -304.878 1510.14 297.075 
-448 68 1 -448.443 68.1647 1.68334 76.212 28.1143 -27.9375 28.1143 316.068 -55.4774 -27.9375 -55.4774 29.6192 
-387 56 1 -387.585 56.3438 1.62574 90.9555 100.225 16.4877 100.225 682.125 145.923 16.4877 145.923 51.2253 
-359 54 1 -359.259 54.8051 1.60341 618.837 -139.976 -270.257 -139.976 466.522 215.437 -270.257 215.437 187.431 
-376 67 1 -376.166 67.376 1.54909 308.39 380.113 -44.3876 380.113 1109.81 -215.116 -44.3876 -215.116 54.2119 
-380 61 1 -380.252 61.2775 1.51316 69.2482 -80.698 10.9069 -80.698 575.042 -90.2574 10.9069 -90.2574 35.8375 
-442 57 9 -442.899 57.558 9.68355 514.801 -210.844 -1.80459 -210.844 619.814 -38.3407 -1.80459 -38.3407 101.995 
-419 55 1 -419.778 55.886 1.4175 105.638 -71.9165 -6.03402 -71.9165 597.291 -0.472707 -6.03402 -0.472707 21.9735 
-437 51 1 -437.415 51.0556 1.2586 191.808 40.0123 -75.4812 40.0123 382.509 -47.0926 -75.4812 -47.0926 83.983 
-390 53 4 -390.666 53.3439 4.5633 369.262 1235.42 93.3143 1235.42 6263.04 436.249 93.3143 436.249 39.9485 
-437 50 10 -437.563 50.4076 10.512 828.314 -2268.83 -352.206 -2268.83 7275.49 1154.91 -352.206 1154.91 192.338 
-379 57 2 -379.132 57.3882 2.30927 597.34 -1278.11 -484.255 -1278.11 3407.15 1277.43 -484.255 1277.43 497.757 
-359 54 0 -359.289 54.9475 0.702754 1747.83 -4696.24 -1712.91 -4696.24 13386.4 4663.08 -1712.91 4663.08 1711.98 
-445 54 0 -445.197 54.8551 0.699594 1548.26 -927.558 -291.58 -927.558 2255.28 420.529 -291.58 420.529 98.6294 
-369 67 0 -369.359 67.2872 0.231467 162.806 -413.543 -658.581 -413.543 4180.68 4003.27 -658.581 4003.27 4453.72 
-433 53 0 -433.716 53.6689 0.100074 5244.18 -1676.26 -359.003 -1676.26 1174.35 120.099 -359.003 120.099 30.5173 
-369 52 0 -369.257 52.0381 0.142537 757.83 431.868 -103.198 431.868 1890.28 -7.02817 -103.198 -7.02817 19.8479 
-446 51 0 -446.237 51.0865 0.0638639 768.441 -238.64 -104.666 -238.64 1098.14 99.6075 -104.666 99.6075 22.2583 
-448 68 0 -448.503 68.2585 -0.241197 55.6498 72.3108 14.5427 72.3108 234.71 42.923 14.5427 42.923 13.9167 
-402 61 0 -402.092 61.1201 0.223404 1329.66 -633.04 111.403 -633.04 622.053 -63.4113 111.403 -63.4113 11.3898 
-383 56 0 -383.078 56.3706 -0.0667338 698.045 499.776 -53.9384 499.776 1065.53 -79.9487 -53.9384 -79.9487 8.7757 
-429 53 0 -429.282 53.9032 0.233123 294.435 219.106 53.1098 219.106 220.999 37.2952 53.1098 37.2952 13.3067 
-409 52 0 -409.659 52.9109 -0.182639 292.801 -170.196 -41.0735 -170.196 1360.09 101.284 -41.0735 101.284 17.9184 
-369 51 0 -369.24 51.9571 0.108343 230.789 495 -1.74924 495 1810.12 11.4295 -1.74924 11.4295 3.00192 
-423 50 0 -423.42 50.3185 0.145551 790.206 836.952 -20.6039 836.952 2184.21 67.3093 -20.6039 67.3093 9.274 
-394 60 0 -394.503 60.2631 0.218105 185.189 100.992 -8.17464 100.992 326.38 4.56765 -8.17464 4.56765 3.64885 
-430 62 1 -430.736 62.1713 1.53882 61.807 33.647 13.1421 33.647 167.757 26.7292 13.1421 26.7292 15.3145 
-440 68 0 -440.377 68.742 -0.312086 397.888 -562.51 -3.09608 -562.51 1192.26 -31.3215 -3.09608 -31.3215 4.75771 
-368 56 0 -368.532 56.2545 0.0818544 219.385 457.692 -72.0999 457.692 1353.08 -187.849 -72.0999 -187.849 28.7962 
-429 54 0 -429.458 54.0903 0.0235936 53.6848 -26.7036 5.30319 -26.7036 127.438 -1.9157 5.30319 -1.9157 3.58323 
-390 53 0 -390.226 53.1793 0.100127 67.5194 63.6004 1.56008 63.6004 478.396 -23.1189 1.56008 -23.1189 3.98501 
-424 72 0 -424.171 72.3103 -0.336102 208.992 -102.489 34.9658 -102.489 883.517 -90.5251 34.9658 -90.5251 16.0267 
-434 70 0 -434.643 70.6034 -0.925573 36.8775 -4.64438 52.7867 -4.64438 341.719 -1752.54 52.7867 -1752.54 9587.46 
-428 53 0 -428.853 53.5985 0.238149 105.101 394.555 31.0993 394.555 2088.18 199.846 31.0993 199.846 35.3756 
-431 62 0 -431.364 62.2053 -0.201653 25.8778 87.2813 -6.65688 87.2813 429.98 -10.6301 -6.65688 -10.6301 6.64643 
-414 59 0 -414.183 59.3342 0.00747248 78.5822 47.2139 -0.208267 47.2139 181.414 10.1464 -0.208267 10.1464 4.41716 
-413 59 0 -413.834 59.4311 -0.343787 536.569 -608.512 -23.3996 -608.512 832.091 42.3195 -23.3996 42.3195 6.17959 
-398 59 0 -398.689 59.2265 -0.42011 133.702 78.4197 14.5216 78.4197 535.819 62.9963 14.5216 62.9963 12.8739 
-443 58 0 -443.376 58.1403 -0.184262 67.2823 80.3149 1.23325 80.3149 246.866 9.21442 1.23325 9.21442 2.59506 
-387 56 0 -387.637 56.3581 -0.0352933 76.6612 -52.2134 -0.127055 -52.2134 1325.78 -8.08951 -0.127055 -8.08951 2.97092 
-419 55 0 -419.853 55.9078 -0.145944 206.357 -250.653 8.05505 -250.653 845.214 -23.9599 8.05505 -23.9599 3.4708 
-372 53 0 -372.724 53.1695 0.0568391 27.5736 -17.0057 -0.00871204 -17.0057 95.6772 -10.2908 -0.00871204 -10.2908 4.07249 
-389 52 0 -389.384 52.3835 -0.156447 131.221 6.40908 1.62987 6.40908 248.149 23.2151 1.62987 23.2151 5.05319 
-426 50 0 -426.3 50.1151 -0.26374 63.387 -7.02645 7.40977 -7.02645 327.19 63.1522 7.40977 63.1522 17.5593 
-429 53 1 -429.484 53.9444 1.52573 362.834 634.064 13.6601 634.064 1751.55 68.0163 13.6601 68.0163 17.2959 
-430 62 5 -430.722 62.0783 5.14613 890.415 430.772 143.402 430.772 919.025 4.87671 143.402 4.87671 62.9571 
-440 70 -1 -440.596 70.3093 -1.2588 653.069 698.666 -1001 698.666 776.778 -1118.42 -1001 -1118.42 1690.68 
-440 53 0 -440.313 53.6403 0.496993 523.583 229.541 -28.3263 229.541 548.403 22.1186 -28.3263 22.1186 9.03656 
-431 62 -1 -431.341 62.2679 -1.26957 7.70654 8.71614 0.136342 8.71614 199.532 -101.35 0.136342 -101.35 104.257 
-401 65 3 -401.839 65.0737 3.81145 86.5746 218.279 -22.0702 218.279 2350.01 -64.6298 -22.0702 -64.6298 58.3108 
-439 63 -1 -439.135 63.2229 -1.43644 468.753 -882.657 -269.442 -882.657 4753.12 1135.1 -269.442 1135.1 308.314 
-431 50 -2 -431.215 50.4841 -2.56187 1714.26 -1773.56 -180.061 -1773.56 3584.36 220.576 -180.061 220.576 26.2041 
-387 56 2 -387.505 56.3148 2.79849 71.9934 144.276 3.80402 144.276 689.549 41.1155 3.80402 41.1155 13.5771 
-423 71 8 -423.614 71.2097 8.66235 440.626 -191.161 27.2077 -191.161 1515.58 280.921 27.2077 280.921 74.4311 
-383 56 -4 -383.432 56.3119 -4.33566 1585.16 1048.18 -92.4776 1048.18 712.491 -88.0832 -92.4776 -88.0832 95.901 
-382 56 0 -382.839 56.2998 0.205359 216.787 104.54 -5.05092 104.54 213.001 -13.8814 -5.05092 -13.8814 2.65637 
-409 53 -3 -409.905 53.0904 -3.50168 320.125 -20.7125 -41.5677 -20.7125 699.392 95.24 -41.5677 95.24 26.8489 
-437 51 0 -437.456 51.0871 0.0145797 101.811 -32.7364 -7.93002 -32.7364 471.564 33.9307 -7.93002 33.9307 6.56234 
-390 53 -1 -390.266 53.064 -1.46934 14.5429 -23.3706 -1.86577 -23.3706 974.121 -54.4607 -1.86577 -54.4607 13.5994 
-398 59 2 -398.45 59.0878 2.40015 141.076 -180.859 6.62149 -180.859 811.223 2.94563 6.62149 2.94563 16.3514 
-449 58 -3 -449.698 58.541 -3.92024 101.575 -44.9812 142.962 -44.9812 43.9071 -137.544 142.962 -137.544 928.41 
-410 58 -1 -410.394 58.4476 -1.67567 9808.93 625.554 4046.42 625.554 757.478 424.756 4046.42 424.756 1792.52 
-394 60 -2 -394.674 60.2891 -2.49844 78.0859 -38.9623 -16.9237 -38.9623 571.904 -28.4024 -16.9237 -28.4024 16.4571 
-383 61 0 -383.75 61.7783 -0.357187 147.369 -60.295 -25.8255 -60.295 3775.54 46.7832 -25.8255 46.7832 8.76669 
-387 56 -2 -387.717 56.448 -2.60164 626.102 -687.889 -57.8598 -687.889 824.041 62.2139 -57.8598 62.2139 11.1298 
-437 51 -3 -437.685 51.2842 -3.45019 20.5087 39.8445 -10.441 39.8445 539.592 -155.323 -10.441 -155.323 57.824 
-392 58 -4 -392.827 58.1388 -4.36021 109.25 -33.6161 1498.34 -33.6161 181.564 -1414.08 1498.34 -1414.08 39458.8 
-436 50 -3 -436.27 50.8804 -3.93183 85.7846 20.6798 -1191.39 20.6798 214.236 146.53 -1191.39 146.53 25129.6 
-434 50 -3 -434.414 50.5257 -3.85556 140.114 159.278 -170.482 159.278 190.046 -188.881 -170.482 -188.881 269.043 
-372 53 1 -372.57 53.2364 1.51959 21.3049 -10.0706 -2.13838 -10.0706 254.118 -41.1852 -2.13838 -41.1852 24.1759 
-359 55 -3 -359.714 55.4557 -3.67435 137.143 -124.906 -33.0963 -124.906 431.886 56.22 -33.0963 56.22 28.5424 
-404 69 0 -404.138 69.1253 -0.179518 91.2239 -56.237 7.04181 -56.237 1264.78 3.2812 7.04181 3.2812 4.87831 
-434 57 -3 -434.456 57.2961 -3.24291 9.94706 34.3933 -143.413 34.3933 320.94 -1324.22 -143.413 -1324.22 5880.67 
-389 51 8 -389.283 51.3175 8.47302 48.7026 -34.9648 7.99931 -34.9648 99.8864 -16.5295 7.99931 -16.5295 20.4868 
-437 50 8 -437.51 50.7775 8.43034 1082.58 2141.82 146.67 2141.82 4879.22 329.447 146.67 329.447 36.7351 
-366 50 -3 -366.665 50.7522 -3.93167 24.257 1.13961 -1.39311 1.13961 53.8786 96.4793 -1.39311 96.4793 424.552 
-446 59 -3 -446.508 59.4653 -3.68189 10.476 6.24518 23.5617 6.24518 17.3623 30.6325 23.5617 30.6325 164.454 
-414 52 -4 -414.405 52.8395 -4.70943 124.617 -272.015 1157.86 -272.015 737.116 -2817.66 1157.86 -2817.66 12000 
-432 56 -3 -432.537 56.5601 -3.36279 14.7534 1.27897 94.3956 1.27897 101.247 -605.65 94.3956 -605.65 4888.86 
-448 68 5 -448.529 68.1395 5.49528 59.5238 101.189 -4.96305 101.189 575.903 -3.15964 -4.96305 -3.15964 8.53142 
-429 53 6 -429.491 53.8088 6.44628 55.9423 46.7539 11.2433 46.7539 249.68 33.9501 11.2433 33.9501 12.5255 
-432 62 -2 -432.39 62.4658 -2.33493 47.1994 55.1585 -126.262 55.1585 107.923 -255.408 -126.262 -255.408 913.272 
-429 53 3 -429.344 53.8117 3.52285 114.978 -25.9114 24.0376 -25.9114 137.095 -12.3854 24.0376 -12.3854 13.4883 
-413 54 0 -413.395 54.4554 -0.239238 1238.59 12.7977 -108.412 12.7977 373.528 11.4179 -108.412 11.4179 13.8662 
-428 52 -4 -428.492 52.2286 -4.12142 206.824 -363.903 1068.88 -363.903 747.806 -1827.55 1068.88 -1827.55 5883.07 
-446 58 -3 -446.554 58.4058 -3.89012 60.5893 80.8469 -518.539 80.8469 163.912 -976.905 -518.539 -976.905 6279.29 
-404 53 -4 -404.427 53.3172 -4.71061 357.639 158.667 -1198.28 158.667 167.244 -879.8 -1198.28 -879.8 5368.13 
-441 53 -4 -441.477 53.5012 -4.13931 103.421 63.039 -593.908 63.039 154.099 -995.68 -593.908 -995.68 7163.34 
-443 58 1 -443.314 58.1377 1.53873 32.9661 51.3873 11.9158 51.3873 321.464 56.0788 11.9158 56.0788 24.0067 
-373 53 -3 -373.212 53.0479 -3.51634 10218.5 4567.47 -1137.21 4567.47 2317.34 -460.114 -1137.21 -460.114 149.699 
-426 50 -3 -426.539 50.3979 -3.59579 18.3398 -0.413677 2.1037 -0.413677 68.8313 9.99414 2.1037 9.99414 13.5436 
-364 57 -4 -364.224 57.2203 -4.15187 312.819 -68.0843 209.906 -68.0843 56.5081 -39.7058 209.906 -39.7058 415.071 
-389 51 5 -389.369 51.8228 5.53379 1382.66 1187.5 -124.386 1187.5 1349.67 -82.8534 -124.386 -82.8534 20.7196 
-372 53 -1 -372.748 53.0636 -1.45187 52.6589 -51.8238 -9.52634 -51.8238 872.01 -53.9575 -9.52634 -53.9575 25.4415 
-428 50 -4 -428.58 50.5389 -4.15004 9.24076 -11.1572 54.9699 -11.1572 76.4212 -277.575 54.9699 -277.575 1316.74 
-352 64 -4 -352.385 64.4457 -4.93947 56.2211 -44.7171 510.641 -44.7171 64.3016 -540.124 510.641 -540.124 5573.89 
-447 55 -4 -447.496 55.6819 -4.34509 21.5122 6.18544 -101.202 6.18544 47.4052 -528.553 -101.202 -528.553 6950.14 
-373 53 0 -373.053 53.2306 -0.451254 3833.57 1214.82 1050.92 1214.82 811.847 522.566 1050.92 522.566 452.341 
-447 52 -4 -447.48 52.429 -4.60355 487.173 -24.1069 -1192.02 -24.1069 30.6629 45.4241 -1192.02 45.4241 3126.14 
-440 50 -4 -440.27 50.7658 -4.29193 44.2981 62.1215 -72.2339 62.1215 169.201 -135.97 -72.2339 -135.97 541.276 
-409 54 -1 -409.801 54.6788 -1.40708 3028.82 -1766.49 -66.1911 -1766.49 1797.21 -79.3504 -66.1911 -79.3504 30.5482 
-382 56 1 -382.77 56.3513 1.60784 60.0473 11.7471 -9.57197 11.7471 208.315 0.883684 -9.57197 0.883684 8.56042 
-390 52 -4 -390.347 52.8437 -4.59847 11.3374 -4.49114 -5.4538 -4.49114 131.698 -15.6204 -5.4538 -15.6204 14.0522 
-437 50 0 -437.445 50.9743 0.496976 64.2346 61.5261 -0.386236 61.5261 2235.32 17.9647 -0.386236 17.9647 2.39461 
-435 61 -2 -435.369 61.3304 -2.50063 296.279 444.213 -1147.12 444.213 686.632 -1740.53 -1147.12 -1740.53 5238.38 
-441 68 -1 -441.348 68.4534 -1.64235 27.0919 35.5723 5.26074 35.5723 73.0067 6.84529 5.26074 6.84529 34.7243 
-426 50 -2 -426.499 50.2764 -2.44792 49.2422 -9.7163 7.57598 -9.7163 81.8274 5.03585 7.57598 5.03585 10.0528 
-417 50 -4 -417.438 50.5047 -4.80808 28.8595 26.3036 -135.074 26.3036 41.3674 -167.605 -135.074 -167.605 820.537 
-422 50 -4 -422.584 50.4561 -4.79854 46.2342 -47.1837 358.568 -47.1837 92.9153 -529.384 358.568 -529.384 3622.63 
-351 64 -4 -351.446 64.682 -4.98093 27.9939 -26.9447 439.687 -26.9447 80.5966 -803.718 439.687 -803.718 12853.3 
-383 61 3 -383.393 61.6477 3.69714 120.696 -75.0923 -22.1359 -75.0923 8552.96 570.095 -22.1359 570.095 54.5745 
-396 56 0 -396.322 56.5897 -0.0262215 170.868 -108.726 3.39043 -108.726 2382.72 29.3836 3.39043 29.3836 2.88811 
-404 55 -4 -404.434 55.2912 -4.65688 190.06 327.706 -1584.89 327.706 764.275 -3530.99 -1584.89 -3530.99 16759.8 
-425 50 -4 -425.435 50.5874 -4.22935 14.2817 -6.23922 24.0716 -6.23922 67.2741 -97.1146 24.0716 -97.1146 267.655 
-417 53 -4 -417.48 53.6299 -4.47249 29.1187 -32.284 -28.4132 -32.284 49.3753 31.4304 -28.4132 31.4304 131.57 
-447 51 -4 -447.546 51.5361 -4.73551 11.4357 1.94955 -11.1748 1.94955 38.989 -166.142 -11.1748 -166.142 924.468 
-449 53 -4 -449.584 53.4862 -4.57113 11.0088 -8.26097 22.0531 -8.26097 44.4059 -342.27 22.0531 -342.27 3542.87 
-372 52 -2 -372.884 52.9283 -2.61378 5499.55 1097.35 -13.8876 1097.35 1571.04 -56.7508 -13.8876 -56.7508 10.1459 
-429 53 -3 -429.223 53.6907 -3.45537 2885.44 1910.81 -247.154 1910.81 2067.92 -145.867 -247.154 -145.867 43.6828 
-368 56 -2 -368.821 56.123 -2.4041 213.139 58.0703 -31.0179 58.0703 627.727 31.1824 -31.0179 31.1824 26.9556 
-440 54 -3 -440.506 54.363 -3.71233 144.203 99.8143 -82.666 99.8143 94.0864 -61.5083 -82.666 -61.5083 121.33 
-394 52 -4 -394.429 52.647 -4.93274 17.5405 12.8594 -32.8119 12.8594 223.968 -1564.7 -32.8119 -1564.7 12587.3 
-437 51 -1 -437.592 51.166 -1.62376 52.601 68.7714 6.10352 68.7714 508.333 81.795 6.10352 81.795 25.9042 
-448 52 -4 -448.294 52.6216 -4.5078 195.392 -102.057 305.834 -102.057 123.05 -252.413 305.834 -252.413 623.257 
-424 50 -4 -424.601 50.6193 -4.34927 42.3159 -47.5018 136.34 -47.5018 104.767 -232.41 136.34 -232.41 604.677 
-441 57 -3 -441.539 57.5961 -3.53232 26.1355 2.1535 0.888666 2.1535 16.1171 -15.6973 0.888666 -15.6973 39.6517 
-405 51 -4 -405.369 51.4639 -4.9113 228.51 129.536 -1486.07 129.536 99.6206 -970.147 -1486.07 -970.147 10801.5 
-427 57 -1 -427.31 57.9193 -1.48209 2387.99 -2797.1 210.114 -2797.1 5813.89 -40.4044 210.114 -40.4044 48.16 
-447 50 -4 -447.579 50.2926 -4.6249 61.5592 48.2305 -7.35679 48.2305 112.338 -8.25742 -7.35679 -8.25742 20.8754 
-443 51 -4 -443.721 51.7172 -4.50493 123.466 144.018 -805.36 144.018 192.413 -1039.8 -805.36 -1039.8 6072.28 
-373 52 -3 -373.123 52.9262 -3.57255 748.847 1534.97 85.0357 1534.97 4236.41 195.566 85.0357 195.566 19.5856 
-433 61 -2 -433.488 61.4642 -2.48384 11.3568 14.1901 -66.4836 14.1901 97.8559 -615.754 -66.4836 -615.754 4519.17 
-390 53 1 -390.368 53.236 1.6765 62.5228 38.6101 5.99677 38.6101 436.847 -12.2024 5.99677 -12.2024 11.1207 
-445 51 -4 -445.54 51.5544 -4.66806 40.1333 29.9999 -230.061 29.9999 37.8856 -237.461 -230.061 -237.461 1929.19 
-447 56 -3 -447.84 56.1227 -3.6041 1314.66 837.596 7.47805 837.596 7647.34 -87.9657 7.47805 -87.9657 9.01137 
-415 53 -4 -415.359 53.561 -4.55614 12.5502 -1.013 22.1102 -1.013 13.5852 -1.9813 22.1102 -1.9813 313.194 
-382 56 4 -382.399 56.1794 4.27539 1018.06 4879.98 -435.993 4879.98 25720.1 -2105.01 -435.993 -2105.01 219.622 
-449 50 -4 -449.761 50.3004 -4.94183 85.1585 47.0432 -466.208 47.0432 64.5433 -440.9 -466.208 -440.9 4027.88 
-445 57 -3 -445.423 57.7938 -3.87797 43.5871 44.371 -241.144 44.371 148.991 -243.891 -241.144 -243.891 1576.5 
-402 50 -5 -402.738 50.3947 -5.08088 39.2082 -92.8555 10.4346 -92.8555 292.069 68.1557 10.4346 68.1557 265.051 
-447 54 -4 -447.515 54.4889 -4.4207 30.8485 -36.059 -19.736 -36.059 58.7965 82.8246 -19.736 82.8246 1171.26 
-416 51 -4 -416.32 51.3797 -4.67166 68.6838 -41.5207 11.529 -41.5207 43.7551 5.47625 11.529 5.47625 24.5255 
-398 59 1 -398.398 59.1466 1.49508 839.273 -531.614 13.8755 -531.614 547.951 -24.3238 13.8755 -24.3238 18.011 
-443 57 -3 -443.532 57.3377 -3.7501 56.7192 99.1307 -559.174 99.1307 216.341 -1231.38 -559.174 -1231.38 7730.79 
-383 56 -3 -383.37 56.5959 -3.58228 184.435 26.2542 -94.518 26.2542 149.672 -12.2998 -94.518 -12.2998 63.9871 
-443 57 5 -443.189 57.9243 5.4488 124.477 234.546 61.7046 234.546 896.476 199.177 61.7046 199.177 56.5657 
-443 65 -2 -443.57 65.7792 -2.51008 102.564 215.823 -5.03181 215.823 544.742 -215.135 -5.03181 -215.135 1128.11 
-420 55 -2 -420.128 55.9026 -2.47878 209.416 97.4342 10.3585 97.4342 1097.54 141.865 10.3585 141.865 26.7172 
-405 50 -5 -405.245 50.3502 -5.09459 5893.91 3741.31 -20360.3 3741.31 2515.99 -12785.1 -20360.3 -12785.1 75979.2 
-414 58 -3 -414.629 58.279 -3.60017 118.878 -83.9155 11.9589 -83.9155 67.8394 -5.55436 11.9589 -5.55436 23.0292 
-382 56 2 -382.648 56.2394 2.6315 543.508 989.665 -171.248 989.665 6130.79 -497.617 -171.248 -497.617 68.6486 
-414 54 -4 -414.315 54.3282 -4.52117 32.5323 -64.8681 457.804 -64.8681 432.633 -2633.9 457.804 -2633.9 17176.2 
-419 51 -4 -419.459 51.3631 -4.74245 157.999 298.089 -965.316 298.089 644.124 -1998.48 -965.316 -1998.48 6356.79 
-444 51 -4 -444.479 51.5771 -4.5879 86.9292 97.5566 -727.18 97.5566 172.871 -1088.2 -727.18 -1088.2 7513.65 
-446 52 -4 -446.424 52.4309 -4.66601 21.4726 -35.648 97.2917 -35.648 95.0815 -216.633 97.2917 -216.633 1332.56 
-416 54 -4 -416.357 54.6749 -4.42665 110.697 116.212 -590.493 116.212 218.095 -1218.61 -590.493 -1218.61 7230.18 
-430 62 2 -430.714 62.0589 2.50196 100.129 233.958 -31.4394 233.958 1400.34 -67.5444 -31.4394 -67.5444 19.1403 
-410 58 -3 -410.487 58.5332 -3.70802 3881.71 -5389.86 1221.71 -5389.86 7949.48 -1672.58 1221.71 -1672.58 406.699 
-418 56 -4 -418.682 56.4418 -4.2336 873.442 975.83 -1800.87 975.83 1399.59 -3340.52 -1800.87 -3340.52 9748.82 
-447 50 -3 -447.59 50.3548 -3.50063 392.794 325.199 -14.3116 325.199 1142.02 29.2735 -14.3116 29.2735 10.6988 
-414 59 3 -414.175 59.2873 3.35748 1708.96 -1319.76 -411.855 -1319.76 1513.68 429.596 -411.855 429.596 155.134 
-446 54 -4 -446.483 54.3689 -4.40118 24.1857 8.7139 20.4598 8.7139 12.539 29.7678 20.4598 29.7678 1060.56 
-412 53 -4 -412.556 53.5734 -4.71206 10.8132 -5.06835 63.3505 -5.06835 182.152 -1048.22 63.3505 -1048.22 6546.44 
-359 55 -4 -359.605 55.3347 -4.71123 57.993 -30.6358 54.1574 -30.6358 36.0624 -38.7774 54.1574 -38.7774 104.454 
-419 55 -1 -419.874 55.8938 -1.72493 3039.78 -2029.29 -675.126 -2029.29 2065.86 459.25 -675.126 459.25 155.05 
-448 56 -4 -448.612 56.2366 -4.23682 21.7768 -42.2973 73.252 -42.2973 269.564 -1221.23 73.252 -1221.23 8013.71 
-418 50 -4 -418.43 50.7354 -4.76498 33.5799 17.7251 15.8352 17.7251 59.7436 -99.9313 15.8352 -99.9313 295.331 
-380 61 0 -380.224 61.2166 -0.0240213 87.0574 -81.292 -9.28204 -81.292 428.467 -9.46444 -9.28204 -9.46444 3.84564 
-448 58 -3 -448.488 58.467 -3.94339 51.8861 -21.1294 -398.604 -21.1294 120.867 -691.69 -398.604 -691.69 12519.7 
-411 53 -4 -411.74 53.3415 -4.75367 48.3011 49.1029 -364.621 49.1029 105.757 -719.587 -364.621 -719.587 6260.98 
-389 52 -4 -389.476 52.7826 -4.47327 29.2062 -11.4794 -2.29358 -11.4794 379.931 58.7821 -2.29358 58.7821 29.282 
-443 52 -4 -443.459 52.614 -4.41651 20.5245 6.01307 -15.6689 6.01307 19.0906 -48.5562 -15.6689 -48.5562 268.345 
-410 67 -1 -410.507 67.7191 -1.70621 175.743 -243.24 32.8507 -243.24 519.307 -32.4173 32.8507 -32.4173 27.8064 
-366 50 0 -366.361 50.7545 -0.619353 113.535 133.725 71.9371 133.725 201.371 74.0078 71.9371 74.0078 61.6989 
-449 60 -3 -449.553 60.4268 -3.72942 45.921 24.6485 -422.488 24.6485 25.0721 -324.213 -422.488 -324.213 5383.88 
-443 58 3 -443.261 58.1039 3.46315 99.6182 20.9758 -69.0205 20.9758 164.981 -12.7685 -69.0205 -12.7685 59.2655 
-352 65 -2 -352.808 65.5549 -2.42118 136.643 170.522 -59.7272 170.522 331.391 -68.9474 -59.7272 -68.9474 53.3945 
-413 53 -4 -413.477 53.282 -4.69934 42.7495 4.9474 11.3807 4.9474 24.1811 -12.1754 11.3807 -12.1754 499.376 
-371 70 0 -371.899 70.3161 -0.277424 320.29 81.7662 36.1467 81.7662 144.14 24.4427 36.1467 24.4427 9.20008 
-430 62 0 -430.747 62.2116 0.301809 1487.47 -2167.29 -324.411 -2167.29 3378.45 492.365 -324.411 492.365 77.4565 
-429 54 -2 -429.599 54.2181 -2.52813 30.9591 2.44581 3.1724 2.44581 180.575 -10.9778 3.1724 -10.9778 34.3959 
-433 72 0 -433.483 72.4511 -0.58533 267.456 -84.0245 886.555 -84.0245 184.762 -639.256 886.555 -639.256 3814.54 
-383 56 -2 -383.189 56.4062 -2.42984 62.599 -3.32017 -7.96719 -3.32017 24.4235 -0.127424 -7.96719 -0.127424 14.4174 
-443 53 -4 -443.638 53.3267 -4.36847 190.317 413.118 -1188.26 413.118 1706.2 -4215.09 -1188.26 -4215.09 10836.4 
-400 53 -4 -400.631 53.4055 -4.8282 144.804 -268.849 -296.877 -268.849 729.451 -646.552 -296.877 -646.552 8682.23 
-433 50 -3 -433.819 50.2205 -3.59102 3002.94 -93.8051 172.411 -93.8051 166.129 -46.5579 172.411 -46.5579 28.2142 
-435 50 -3 -435.645 50.9226 -3.69677 1160.68 69.2735 15.0722 69.2735 251.834 -116.495 15.0722 -116.495 86.402 
-390 53 -4 -390.249 53.1104 -4.45933 864.401 -625.898 -469.104 -625.898 806.763 283.7 -469.104 283.7 275.884 
-402 65 -2 -402.168 65.1243 -2.28638 37.1538 -48.4841 9.73719 -48.4841 1156.34 -142.043 9.73719 -142.043 30.7611 
-445 58 -3 -445.633 58.3236 -3.82563 36.5464 21.0687 -136.026 21.0687 82.3299 -283.514 -136.026 -283.514 1504.02 
-420 55 -3 -420.156 55.8708 -3.4075 260.338 360.594 -57.8535 360.594 962.848 -106.886 -57.8535 -106.886 24.2999 
-447 67 -2 -447.41 67.6444 -2.38879 163.864 35.1257 -171.935 35.1257 40.7562 -72.6799 -171.935 -72.6799 237.036 
-435 57 -3 -435.329 57.4489 -3.22782 133.03 225.281 -498.626 225.281 408.563 -969.451 -498.626 -969.451 2659.77 
-380 61 -1 -380.416 61.1346 -1.43519 212.157 335.771 -78.7035 335.771 816.671 -156.802 -78.7035 -156.802 41.284 
-425 58 -3 -425.421 58.539 -3.70664 133.719 31.3386 284.599 31.3386 161.769 -878.911 284.599 -878.911 6769.79 
-444 58 -3 -444.598 58.5827 -3.68779 28.2679 31.3655 -154.126 31.3655 64.3085 -220.677 -154.126 -220.677 1147.73 
-433 53 -3 -433.815 53.8025 -3.47584 1468.26 156.568 257.171 156.568 523.271 130.375 257.171 130.375 185.665 
-434 54 -3 -434.486 54.4531 -3.62801 11.0099 12.1589 -65.3181 12.1589 40.7051 -193.532 -65.3181 -193.532 1370.51 
-430 54 -3 -430.229 54.158 -3.51894 201.207 -385.399 -34.4349 -385.399 840.283 69.5366 -34.4349 69.5366 32.4871 
-410 67 0 -410.475 67.653 -0.23039 330.022 -767.32 -35.8229 -767.32 2054.16 83.295 -35.8229 83.295 8.37899 
-429 54 -3 -429.575 54.1775 -3.37541 31.665 11.6243 -8.9295 11.6243 59.9172 -29.7401 -8.9295 -29.7401 47.7967 
-369 53 0 -369.638 53.6514 0.235132 473.988 585.347 -108.279 585.347 1504.78 -163.469 -108.279 -163.469 27.7202 
-436 60 -2 -436.449 60.8083 -2.7518 97.7919 -274.65 -588.548 -274.65 847.445 1788.28 -588.548 1788.28 7428.98 
-432 55 -3 -432.541 55.4069 -3.52553 9.73114 2.12083 10.3822 2.12083 58.1554 -215.243 10.3822 -215.243 1121.4 
-423 72 0 -423.909 72.2963 -0.1867 679.105 -821.04 -47.92 -821.04 1088.31 62.4072 -47.92 62.4072 5.32802 
-414 59 -3 -414.452 59.3114 -3.40574 1440.31 2016.89 -885.779 2016.89 2846.05 -1268.98 -885.779 -1268.98 632.103 
-413 59 2 -413.865 59.3405 2.51335 1082.83 -606.377 -160.39 -606.377 387.299 92.1273 -160.39 92.1273 36.2236 
-429 54 1 -429.288 54.0972 1.32998 175.716 -285.511 -136.113 -285.511 633.696 258.704 -136.113 258.704 131.488 
-431 56 -3 -431.677 56.3209 -3.41496 33.8096 -37.2397 209.413 -37.2397 131.901 -577.342 209.413 -577.342 3037.5 
-389 53 -3 -389.862 53.1535 -3.66947 226.94 -166.735 -14.4863 -166.735 553.886 11.9829 -14.4863 11.9829 6.85232 
-369 51 -1 -369.477 51.97 -1.41426 185.422 427.976 -36.1839 427.976 5699.37 -145.245 -36.1839 -145.245 14.3064 
-443 58 -3 -443.569 58.1813 -3.32603 13.3464 -8.63439 -2.22671 -8.63439 48.3581 -1.45482 -2.22671 -1.45482 35.0453 
-413 59 -3 -413.763 59.3878 -3.40172 1872.69 -331.906 674.775 -331.906 88.18 -123.669 674.775 -123.669 270.467 
-445 55 -3 -445.2 55.344 -3.61156 480.538 -195.015 28.9987 -195.015 623.717 47.2443 28.9987 47.2443 19.1483 
-445 60 -3 -445.474 60.607 -3.47564 154.462 107.475 -951.654 107.475 95.5067 -715.247 -951.654 -715.247 6296.55 
-420 69 -2 -420.548 69.6109 -2.5684 453.875 1039.6 221.374 1039.6 2422.64 505.271 221.374 505.271 124.982 
-423 50 -1 -423.555 50.4005 -1.44394 693.309 -1794.28 -147.685 -1794.28 8233.13 741.135 -147.685 741.135 77.0947 
-390 53 2 -390.408 53.2264 2.48485 82.276 -21.3644 4.20723 -21.3644 739.593 -49.3355 4.20723 -49.3355 14.7759 
-395 51 -5 -395.694 51.7006 -5.04921 37.3954 21.065 -92.5653 21.065 71.5838 -392.43 -92.5653 -392.43 6292.81 
-437 57 -3 -437.563 57.4923 -3.37922 11.7022 -5.00211 -11.1693 -5.00211 18.5019 28.9777 -11.1693 28.9777 622.868 
-438 57 -3 -438.772 57.6406 -3.4263 179.441 200.367 -4.15893 200.367 305.056 -566.015 -4.15893 -566.015 5869.92 
-437 50 9 -437.5 50.5664 9.58342 93.7257 -132.369 -5.69783 -132.369 1451.47 313.146 -5.69783 313.146 92.6659 
-449 57 -4 -449.531 57.4408 -4.08814 13.0137 5.24603 -113.098 5.24603 142.681 -952.103 -113.098 -952.103 11491.3 
-430 57 -3 -430.383 57.6862 -3.27301 42.886 -43.8319 476.519 -43.8319 101.387 -973.638 476.519 -973.638 10635.2 
-387 56 3 -387.425 56.2604 3.58626 2312.52 2294.11 997.408 2294.11 3058.24 1089.32 997.408 1089.32 448.976 
-388 53 -2 -388.736 53.8279 -2.41477 367.628 -360.029 -40.6875 -360.029 6788.32 -539.646 -40.6875 -539.646 65.251 
-359 55 1 -359.18 55.4331 1.50869 148.709 90.6164 16.6203 90.6164 351.274 73.1888 16.6203 73.1888 27.3084 
-433 53 -1 -433.738 53.7278 -1.68452 3076.61 3302.2 -255.225 3302.2 6324.54 -74.8489 -255.225 -74.8489 44.0738 
-430 58 -3 -430.582 58.5023 -3.11453 321.483 -424.518 935.356 -424.518 577.85 -1307.88 935.356 -1307.88 3306.19 
-402 61 2 -402.125 61.1003 2.38651 821.627 -1635.91 251.452 -1635.91 6809.75 -764.754 251.452 -764.754 104.13 
-432 57 -3 -432.532 57.8479 -3.09684 25.3262 -46.4502 -244.49 -46.4502 282.128 -169.591 -244.49 -169.591 9084.91 
-389 52 1 -389.401 52.2283 1.63587 89.6359 34.2188 22.4624 34.2188 307.461 15.1133 22.4624 15.1133 17.1681 
-446 55 -4 -446.345 55.369 -4.26284 1800.56 2954.55 -109.82 2954.55 4886.81 -149.509 -109.82 -149.509 84.0357 
-401 56 -4 -401.429 56.7545 -4.4069 56.7496 155.658 -637.315 155.658 592.107 -2506.16 -637.315 -2506.16 11219.6 
-423 50 -4 -423.421 50.2374 -4.51465 17.9641 -24.9608 11.6973 -24.9608 62.5807 -29.79 11.6973 -29.79 22.5587 
-431 58 -3 -431.434 58.0922 -3.10965 21.4771 -14.2933 152.372 -14.2933 3361.69 -1352.54 152.372 -1352.54 2379.65 
-436 50 7 -436.734 50.7349 7.65718 824.899 -546.339 -210.679 -546.339 797.189 111.534 -210.679 111.534 64.1143 
-447 50 -2 -447.565 50.296 -2.5399 4457.5 -2271.71 290.121 -2271.71 3064.09 106.721 290.121 106.721 62.1222 
-371 50 -2 -371.274 50.2852 -2.45473 483.416 -724.644 -202.269 -724.644 5940.24 1394.84 -202.269 1394.84 336.867 
-423 50 -2 -423.449 50.4678 -2.42999 346.167 -446.803 -4.1165 -446.803 1129.28 50.9241 -4.1165 50.9241 12.6924 
-437 51 -2 -437.694 51.2565 -2.57916 79.436 16.8859 -15.275 16.8859 199.332 14.6972 -15.275 14.6972 14.6541 
-367 51 -2 -367.502 51.7232 -2.32801 91.3691 11.7781 -128.718 11.7781 998.54 568.828 -128.718 568.828 551.834 
-389 52 -2 -389.388 52.571 -2.3695 45.1576 -4.24577 -8.41156 -4.24577 349.778 64.5261 -8.41156 64.5261 22.0318 
-369 53 -2 -369.868 53.5838 -2.51112 1752.34 4079.57 573.381 4079.57 12323.4 1676.65 573.381 1676.65 243.13 
-438 61 -2 -438.398 61.4551 -2.78171 36.9462 52.4609 -447.07 52.4609 99.3086 -778.769 -447.07 -778.769 6947.07 
-443 58 -2 -443.445 58.1841 -2.60123 16.7101 -7.38353 -0.210182 -7.38353 60.4836 -9.72065 -0.210182 -9.72065 21.4676 
-398 59 -2 -398.753 59.4452 -2.23634 73.8393 -78.3266 -13.1724 -78.3266 225.51 21.3102 -13.1724 21.3102 12.3828 
-409 53 -2 -409.851 53.0314 -2.60713 3442.09 -4782.95 -1332.54 -4782.95 7571.03 1802.96 -1332.54 1802.96 532.087 
-445 59 -2 -445.54 59.7542 -2.64282 237.558 445.186 -35.1065 445.186 9116.09 -949.424 -35.1065 -949.424 110.074 
-373 53 -2 -373.128 53.1043 -2.45561 513.323 163.257 -30.6443 163.257 178.873 -5.29528 -30.6443 -5.29528 10.5906 
-372 53 -2 -372.642 53.1225 -2.36847 993.883 -139.502 -193.238 -139.502 275.649 14.9873 -193.238 14.9873 47.5058 
-413 52 0 -413.67 52.1793 -0.125927 88.8264 172.039 15.9126 172.039 1428.06 174.462 15.9126 174.462 24.5324 
-418 51 -4 -418.399 51.3548 -4.60301 31.0143 21.5169 108.69 21.5169 42.7366 11.422 108.69 11.422 943.957 
-390 53 -2 -390.161 53.1747 -2.4635 2480.31 3607.77 816.446 3607.77 5513.93 1266.78 816.446 1266.78 301.388 
-419 55 -2 -419.903 55.9069 -2.3535 1696.37 -66.5943 60.8358 -66.5943 167.755 -2.26307 60.8358 -2.26307 10.162 
-419 55 3 -419.696 55.9549 3.49723 313.619 207.779 24.9075 207.779 1857.09 103.684 24.9075 103.684 20.9668 
-434 60 -2 -434.55 60.4417 -2.52143 21.672 -1.64964 21.9368 -1.64964 21.3555 -12.0482 21.9368 -12.0482 66.7008 
-414 59 -2 -414.28 59.4734 -2.40637 260.636 137.94 23.3311 137.94 192.895 24.4761 23.3311 24.4761 15.1359 
-448 63 -3 -448.412 63.6221 -3.16287 15.5414 -18.9238 -119.373 -18.9238 250.141 -624.338 -119.373 -624.338 4570.97 
-448 50 -4 -448.535 50.4302 -4.6568 74.7383 -3.95189 17.2478 -3.95189 11.8566 1.91713 17.2478 1.91713 13.5624 
-389 52 -1 -389.379 52.487 -1.48784 136.276 -143.686 -2.84356 -143.686 274.725 -3.65231 -2.84356 -3.65231 20.0018 
-402 65 -1 -402.243 65.1111 -1.5469 3326.95 2877.15 205.787 2877.15 3089.07 155.588 205.787 155.588 19.7239 
-441 62 -2 -441.297 62.3304 -2.87738 363.634 -207.74 112.313 -207.74 156.405 -144.922 112.313 -144.922 297.275 
-372 53 5 -372.402 53.3138 5.39448 33.2158 84.0219 -17.1099 84.0219 557.102 -131.346 -17.1099 -131.346 41.1996 
-445 55 -2 -445.508 55.5354 -2.48164 225.276 151.843 -52.5621 151.843 108.721 -33.3427 -52.5621 -33.3427 27.0741 
-431 60 -2 -431.227 60.3998 -2.28309 528.598 -402.942 -164.835 -402.942 2047.5 185.048 -164.835 185.048 93.7589 
-383 61 -2 -383.908 61.7942 -2.28449 364.305 51.6261 -99.7932 51.6261 2118.92 83.1345 -99.7932 83.1345 85.3809 
-359 55 -1 -359.593 55.3903 -1.34182 618.064 -2735.03 112.621 -2735.03 13614.6 -462.06 112.621 -462.06 48.1927 
-447 59 -3 -447.652 59.6391 -3.75047 45.0054 34.9529 -119.322 34.9529 75.3732 -317.614 -119.322 -317.614 1633.41 
-431 62 -2 -431.356 62.1563 -2.31512 109.149 267.726 -45.151 267.726 727.313 -116.916 -45.151 -116.916 54.3677 
-435 63 -2 -435.532 63.627 -2.19499 73.3506 -11.4765 -180.843 -11.4765 18.2401 -23.2458 -180.843 -23.2458 737.401 
-359 55 0 -359.361 55.2945 0.119163 56.9173 4.67487 -7.18715 4.67487 61.9481 0.0499534 -7.18715 0.0499534 3.6906 
-435 56 -3 -435.393 56.447 -3.42965 12.905 -5.33976 -34.2203 -5.33976 15.1499 -17.3163 -34.2203 -17.3163 648.917 
-448 68 -2 -448.488 68.1416 -2.1753 72.4517 124.897 26.3336 124.897 377.899 -5.59387 26.3336 -5.59387 129.995 
-369 52 -1 -369.45 52.0339 -1.38821 232.791 -686.909 -10.9507 -686.909 3169.97 -35.1951 -10.9507 -35.1951 10.9681 
-420 56 6 -420.355 56.7981 6.62124 863.323 193.119 -97.2354 193.119 559.123 -172.207 -97.2354 -172.207 86.1851 
-372 52 8 -372.224 52.6372 8.45774 8605.57 -2541.99 -1766.8 -2541.99 1315.54 620.236 -1766.8 620.236 390.176 
-404 69 3 -404.194 69.1043 3.49161 112.194 -181.575 -9.33235 -181.575 837.185 50.531 -9.33235 50.531 10.8841 
-412 70 -2 -412.763 70.7058 -2.12555 266.129 105.571 -1208.22 105.571 61.4557 -541.627 -1208.22 -541.627 5942.32 
-368 52 -3 -368.611 52.0724 -3.29129 78.7877 124.569 -35.5486 124.569 1186.37 29.4388 -35.5486 29.4388 41.2544 
-429 53 -1 -429.135 53.7598 -1.69861 2525.97 5521.6 1848.44 5521.6 13337.4 4980.02 1848.44 4980.02 2091.84 
-426 50 -1 -426.453 50.1345 -1.54226 49.2103 5.85044 -8.54067 5.85044 160.697 14.2134 -8.54067 14.2134 12.8351 
-449 66 -2 -449.572 66.4932 -2.81647 42.0163 61.2354 41.9447 61.2354 139.843 3.2753 41.9447 3.2753 543.909 
-416 50 -1 -416.499 50.9608 -1.64053 8129.97 -5482.21 -672.11 -5482.21 7712.25 521.761 -672.11 521.761 70.2669 
-429 54 -1 -429.477 54.1657 -1.65891 54.6264 -27.3959 -14.759 -27.3959 145.99 17.6206 -14.759 17.6206 20.5638 
-387 56 -1 -387.8 56.3785 -1.62159 184.664 -244.109 18.2921 -244.109 3063.66 -169.929 18.2921 -169.929 25.0853 
-443 58 -1 -443.405 58.2213 -1.55258 23.3379 7.3378 -10.6181 7.3378 70.2471 2.17492 -10.6181 2.17492 22.0384 
-398 59 -1 -398.791 59.4139 -1.65679 71.2632 -198.634 -68.7023 -198.634 1236.27 411.74 -68.7023 411.74 144.041 
-394 60 -1 -394.668 60.2821 -1.65731 368.213 -13.0271 -13.3077 -13.0271 240.891 -12.4555 -13.3077 -12.4555 13.7634 
-448 68 -1 -448.414 68.2889 -1.51434 29.306 13.8189 -7.4593 13.8189 60.3214 -2.21068 -7.4593 -2.21068 11.9322 
-372 53 2 -372.49 53.1983 2.5042 39.5914 4.19101 -12.3322 4.19101 104.371 -6.95045 -12.3322 -6.95045 13.0955 
-394 55 -4 -394.577 55.0485 -4.53988 343.334 -1271.38 -317.645 -1271.38 5448.27 1146.92 -317.645 1146.92 308.978 
-426 50 -4 -426.519 50.3211 -4.10322 14.7268 13.4156 -1.2651 13.4156 805.559 212.47 -1.2651 212.47 211.239 
-414 59 -1 -414.143 59.4027 -1.30921 910.426 892.264 -58.4135 892.264 1007.1 -55.0905 -58.4135 -55.0905 14.7517 
-413 59 -1 -413.835 59.5243 -1.4556 1540.96 -1362.6 -219.733 -1362.6 1313.95 203.355 -219.733 203.355 47.5038 
-401 61 -1 -401.907 61.1756 -1.46338 1021.3 1025.66 204.609 1025.66 1559.62 235.271 204.609 235.271 68.4934 
-429 53 2 -429.355 53.8558 2.3536 108.522 92.9033 8.35476 92.9033 169.957 -26.92 8.35476 -26.92 27.684 
