-480 57 13 -480.397 57.8056 13.2914 26.0535 -2.93797 -14.4449 -2.93797 351.016 -86.7124 -14.4449 -86.7124 45.5505 
-508 50 13 -508.737 50.5167 13.3524 838.067 1656.05 877.132 1656.05 4623.84 2353 877.132 2353 1210.17 
-479 64 -1 -479.222 64.7416 -1.31566 743.32 -2464.68 -56.1909 -2464.68 11964.8 442.979 -56.1909 442.979 39.0844 
-456 56 -3 -456.226 56.8662 -3.68117 217.505 -36.4817 82.5337 -36.4817 96.3307 -41.9141 82.5337 -41.9141 65.8111 
-498 59 -1 -498.507 59.7358 -1.46067 8.04502 -5.63495 15.2896 -5.63495 47.418 -48.5669 15.2896 -48.5669 181.743 
-503 57 -1 -503.672 57.4071 -1.42238 797.038 -588.49 -318.82 -588.49 446.681 244.031 -318.82 244.031 167.076 
-485 56 -2 -485.509 56.578 -2.83626 370.174 -114.205 -574.336 -114.205 133.205 -583.72 -574.336 -583.72 7512.68 
-480 58 4 -480.757 58.1495 4.54839 35.8961 -57.6128 0.251779 -57.6128 232.274 12.0052 0.251779 12.0052 13.3323 
-461 59 -3 -461.703 59.4947 -3.78504 17.0772 9.90687 -7.42599 9.90687 36.0451 -25.3568 -7.42599 -25.3568 50.4215 
-480 54 -3 -480.517 54.178 -3.21074 9.7725 -1.62508 5.3793 -1.62508 360.557 -252.486 5.3793 -252.486 236.383 
-536 53 -1 -536.45 53.3731 -1.48755 22.3118 23.8023 -206.005 23.8023 176.677 -950.82 -206.005 -950.82 5739.81 
-475 53 -3 -475.502 53.8822 -3.82303 24.2051 -39.3538 37.6091 -39.3538 160.055 -123.04 37.6091 -123.04 176.889 
-521 56 -1 -521.319 56.4755 -1.74671 35.6476 44.6447 -177.736 44.6447 89.7749 -304.263 -177.736 -304.263 1634.5 
-536 67 6 -536.463 67.5577 6.29724 107.683 -122.734 15.3906 -122.734 305.618 2.1883 15.3906 2.1883 16.3234 
-484 51 0 -484.458 51.3253 0.075372 2133.66 188.411 -74.1824 188.411 797.276 -263.824 -74.1824 -263.824 89.77 
-460 52 -1 -460.457 52.7233 -1.54 585.044 234.745 -6.13524 234.745 2631.42 -328.285 -6.13524 -328.285 52.4896 
-479 57 15 -479.843 57.6493 15.7302 103.58 268.192 31.5126 268.192 4101.13 1139.06 31.5126 1139.06 380.772 
-506 61 0 -506.274 61.3135 -0.935648 586.008 -192.165 649.781 -192.165 442.987 -2358.65 649.781 -2358.65 13314.5 
-452 51 -1 -452.182 51.1763 -1.51088 1531.32 -593.207 348.31 -593.207 1621.81 -225.249 348.31 -225.249 96.2922 
-476 55 -1 -476.279 55.7583 -1.31097 2780.91 1322.89 -68.1645 1322.89 8151.54 629.009 -68.1645 629.009 68.4367 
-481 58 3 -481.325 58.1288 3.54488 93.1603 71.7007 0.969084 71.7007 137.393 2.00143 0.969084 2.00143 9.32615 
-481 58 -1 -481.511 58.248 -1.54428 22.5986 -13.9977 -9.31748 -13.9977 145.564 14.7765 -9.31748 14.7765 14.7303 
-460 54 -4 -460.623 54.6967 -4.39078 41.9987 29.4717 -208.785 29.4717 185.231 -864.015 -208.785 -864.015 4275.05 
-482 50 -3 -482.372 50.7887 -3.61225 17.5318 -10.7169 32.8982 -10.7169 129.145 -357.287 32.8982 -357.287 1267.63 
-460 57 -4 -460.536 57.2756 -4.06456 22.703 -36.6527 -333.147 -36.6527 126.666 817.592 -333.147 817.592 9613.65 
-513 55 -1 -513.321 55.2726 -1.83493 127.418 -226.127 -40.2195 -226.127 494.193 132.274 -40.2195 132.274 69.772 
-507 51 7 -507.814 51.8604 7.22101 126.703 -144.395 -44.2556 -144.395 481.063 127.588 -44.2556 127.588 54.8048 
-523 54 -1 -523.411 54.8707 -1.3677 1070.03 -527.937 32.7846 -527.937 556.393 26.2905 32.7846 26.2905 14.71 
-453 57 -3 -453.388 57.5296 -3.817 12.4584 5.16934 -0.397068 5.16934 18.3287 18.7312 -0.397068 18.7312 40.799 
-500 54 -1 -500.414 54.7919 -1.93457 27.3097 62.1216 -31.5035 62.1216 464.195 -294.91 -31.5035 -294.91 429.209 
-497 54 -1 -497.359 54.5771 -1.95832 43.9938 -2.35353 126.436 -2.35353 1150.14 -410.703 126.436 -410.703 751.833 
-498 54 -1 -498.602 54.6282 -1.88999 24.7291 -43.9788 38.476 -43.9788 530.336 -238.122 38.476 -238.122 256.009 
-452 51 12 -452.361 51.434 12.7687 1068.96 127.557 -1104.49 127.557 702.753 -10.8079 -1104.49 -10.8079 1171.86 
-495 54 -1 -495.618 54.5566 -1.87178 11.6468 31.7367 -35.4157 31.7367 519.698 -468.183 -35.4157 -468.183 544.862 
-493 54 -1 -493.096 54.3556 -1.86877 227.408 -217.771 24.3519 -217.771 959.476 -157.848 24.3519 -157.848 208.124 
-501 54 -1 -501.425 54.9199 -1.85087 942.539 365.401 766.949 365.401 835.006 -115.117 766.949 -115.117 1001.91 
-540 55 0 -540.434 55.4231 -0.939281 29.5704 -36.7588 129.602 -36.7588 129.372 -764.375 129.602 -764.375 5447.73 
-455 52 -1 -455.572 52.4349 -1.61627 967.921 -58.3798 -93.6371 -58.3798 631.212 -8.06099 -93.6371 -8.06099 17.6463 
-532 63 0 -532.767 63.5973 -0.00970586 410.785 138.533 -4775.55 138.533 1593.11 -1653.7 -4775.55 -1653.7 66415.3 
-460 52 -3 -460.376 52.6521 -3.39571 455.06 -167.924 -7.83582 -167.924 883.398 62.0899 -7.83582 62.0899 15.7872 
-489 50 -2 -489.281 50.8836 -2.70051 31.5127 25.9957 -11.1299 25.9957 594.633 134.007 -11.1299 134.007 55.6517 
-518 61 0 -518.451 61.4645 -0.605179 434.234 716.857 413.936 716.857 1436.54 216.578 413.936 216.578 1671.56 
-472 53 -4 -472.335 53.3002 -4.23175 10.9236 25.4776 -35.1791 25.4776 373.377 -867.14 -35.1791 -867.14 2276.01 
-492 54 -1 -492.54 54.3972 -1.6044 49.9417 212.663 -66.5526 212.663 1122.34 -276.601 -66.5526 -276.601 110.311 
-463 57 -4 -463.53 57.0759 -4.13214 451.245 775.855 -1478.21 775.855 1477.16 -2665.31 -1478.21 -2665.31 5757.83 
-506 54 -2 -506.57 54.6937 -2.08033 74.2568 -37.0804 551.997 -37.0804 264.267 -803.246 551.997 -803.246 5776.27 
-486 50 -2 -486.234 50.3123 -2.71497 1055.87 -432.916 -177.644 -432.916 193.056 88.5386 -177.644 88.5386 89.0941 
-505 54 -2 -505.662 54.3902 -2.15856 12.4435 18.0995 -21.0931 18.0995 171.214 772.421 -21.0931 772.421 6925.63 
-462 52 -4 -462.584 52.6836 -4.66809 1066.98 836.566 1288.45 836.566 706.03 790.029 1288.45 790.029 2704.22 
-450 57 -4 -450.661 57.2822 -4.1332 185.87 94.5948 -1173.59 94.5948 110.712 -1129.16 -1173.59 -1129.16 13185.8 
-481 58 0 -481.358 58.1842 -0.10879 21.3208 2.22982 -3.78862 2.22982 73.152 3.40031 -3.78862 3.40031 3.34466 
-471 51 -4 -471.599 51.6388 -4.55241 11.2535 -6.0786 98.3053 -6.0786 23.7459 8.59382 98.3053 8.59382 3058.73 
-479 61 -2 -479.657 61.4553 -2.77542 588.328 -285.504 1802.29 -285.504 166.351 -955.509 1802.29 -955.509 5846.35 
-451 51 -4 -451.578 51.4904 -4.78071 85.9277 -142.215 411.361 -142.215 331.778 -1169.56 411.361 -1169.56 5156.58 
-468 72 -1 -468.2 72.5249 -1.59977 2655.29 3242.61 308.167 3242.61 5576.18 368.696 308.167 368.696 43.6187 
-455 54 -4 -455.33 54.5871 -4.32409 52.2104 31.9637 -271.613 31.9637 45.1409 -281.238 -271.613 -281.238 2330.68 
-507 52 2 -507.895 52.6139 2.6458 1709.83 -331.61 48.0859 -331.61 113.415 -12.6089 48.0859 -12.6089 16.507 
-522 54 -2 -522.289 54.6166 -2.11126 174.959 -181.28 704.247 -181.28 237.913 -873.647 704.247 -873.647 3398.23 
-526 53 -1 -526.14 53.5123 -1.64967 5804.46 -2173.44 1627.01 -2173.44 829.337 -617.312 1627.01 -617.312 470.948 
-479 53 -3 -479.42 53.4722 -3.5683 402.895 -41.2337 -457.01 -41.2337 177.499 -801.936 -457.01 -801.936 4817.46 
-509 59 -1 -509.623 59.3232 -1.24264 416.302 34.0562 468.739 34.0562 41.2121 22.9611 468.739 22.9611 551.878 
-461 56 -4 -461.554 56.6754 -4.1876 31.2222 -33.9161 159.585 -33.9161 279.782 -1613.16 159.585 -1613.16 9767.78 
-456 57 -1 -456.372 57.2244 -1.49405 29.333 8.69914 -0.803644 8.69914 89.7374 -0.773332 -0.803644 -0.773332 12.3761 
-508 52 -2 -508.392 52.2251 -2.24869 94.3266 191.355 -177.262 191.355 474.258 -393.591 -177.262 -393.591 415.963 
-459 57 2 -459.674 57.0366 2.15201 907.62 -2005.6 -629.06 -2005.6 6505.49 1583.45 -629.06 1583.45 557.587 
-481 62 -2 -481.824 62.5445 -2.44136 88.3143 -18.2003 -264.713 -18.2003 110.491 1065.68 -264.713 1065.68 11568.2 
-466 63 -3 -466.371 63.675 -3.27876 19.5624 -15.1001 1.65688 -15.1001 113.189 -250.169 1.65688 -250.169 754.354 
-490 55 -2 -490.613 55.4678 -2.40035 146.616 84.7059 30.6481 84.7059 164.338 -633.215 30.6481 -633.215 4217.62 
-491 54 -2 -491.376 54.7449 -2.42654 105.78 34.5866 371.972 34.5866 123.258 -230.387 371.972 -230.387 2867.92 
-514 53 -2 -514.506 53.2879 -2.40762 54.1125 -106.902 243.145 -106.902 308.2 -1053.03 243.145 -1053.03 5421.79 
-510 52 -2 -510.362 52.5169 -2.26832 23.459 -2.91533 -19.2135 -2.91533 147.108 -278.51 -19.2135 -278.51 613.813 
-509 51 -2 -509.325 51.472 -2.43974 173.786 -331.316 960.154 -331.316 673.246 -1987.71 960.154 -1987.71 6382.8 
-498 50 -2 -498.235 50.3011 -2.29226 108.243 -77.326 -5.10796 -77.326 109.298 51.0305 -5.10796 51.0305 88.1843 
-490 63 -1 -490.523 63.1638 -1.44545 24.5493 21.6349 -28.154 21.6349 62.7715 -16.2466 -28.154 -16.2466 51.8776 
-490 54 -2 -490.602 54.4672 -2.507 37.8936 -29.6104 274.699 -29.6104 67.4901 -549.535 274.699 -549.535 4842.69 
-475 63 -2 -475.705 63.5009 -2.83161 280.996 132.712 127.041 132.712 108.238 -27.0012 127.041 -27.0012 269.668 
-493 51 -2 -493.514 51.747 -2.53594 101.327 -158.432 743.596 -158.432 274.049 -1242.86 743.596 -1242.86 6920.52 
-518 50 -2 -518.338 50.713 -2.5167 222.464 261.322 -152.121 261.322 379.872 -209.508 -152.121 -209.508 153.28 
-491 54 1 -491.741 54.0858 1.35158 5146.78 -7661.8 -726.653 -7661.8 13133.6 1133.43 -726.653 1133.43 126.608 
-516 50 -2 -516.687 50.3485 -2.47397 1198.25 -808.838 -748.717 -808.838 554.78 518.33 -748.717 518.33 514.925 
-505 60 -1 -505.685 60.2871 -1.4428 47.3705 -95.624 476.863 -95.624 254.057 -1194.05 476.863 -1194.05 5875.39 
-499 51 0 -499.776 51.5646 -0.0538927 147.491 158.4 -38.9813 158.4 199.675 -34.8448 -38.9813 -34.8448 18.4226 
-480 58 3 -480.871 58.2371 3.44753 672.842 -431.058 16.2006 -431.058 693.044 -82.9226 16.2006 -82.9226 19.4263 
-478 61 -2 -478.71 61.441 -2.63555 18.9716 -14.6059 -22.8868 -14.6059 18.894 28.6053 -22.8868 28.6053 633.586 
-453 55 -4 -453.535 55.39 -4.22904 24.4415 -9.87466 -381.538 -9.87466 49.2585 360.273 -381.538 360.273 11237.6 
-475 51 -4 -475.476 51.5245 -4.27592 152.242 -78.769 972.994 -78.769 56.3091 -530.46 972.994 -530.46 6990.15 
-456 56 2 -456.56 56.9332 2.51671 220.75 -546.659 -64.6826 -546.659 2228.39 214.247 -64.6826 214.247 39.7976 
-463 59 -3 -463.372 59.4384 -3.85716 19.6365 12.6048 154.589 12.6048 35.8112 -22.0824 154.589 -22.0824 2562.51 
-464 54 -4 -464.698 54.8217 -4.27817 689.871 -839.368 -140.18 -839.368 1086.87 223.843 -140.18 223.843 167.215 
-487 56 -2 -487.634 56.4958 -2.65686 53.5309 -30.756 170.24 -30.756 84.3775 -530.998 170.24 -530.998 3953.09 
-519 50 -2 -519.777 50.7168 -2.56675 116.818 258.245 -70.5528 258.245 6969.38 -2935.82 -70.5528 -2935.82 1261.25 
-507 52 4 -507.902 52.2837 4.58213 4608.53 -2598.52 -493.454 -2598.52 1557.72 289.832 -493.454 289.832 60.8625 
-471 62 -2 -471.063 62.7046 -2.54945 566.087 340.107 -53.177 340.107 690.626 -132.862 -53.177 -132.862 44.3099 
-526 51 -1 -526.327 51.5653 -1.50347 19.9746 12.7273 -7.27523 12.7273 61.0713 -31.7915 -7.27523 -31.7915 29.9846 
-473 52 -4 -473.139 52.741 -4.27327 45.5298 32.0613 -42.4307 32.0613 219.294 -493.598 -42.4307 -493.598 1242.61 
-478 62 -2 -478.586 62.4032 -2.7748 241.305 -373.953 58.8869 -373.953 614.061 -199.499 58.8869 -199.499 635.512 
-470 58 -3 -470.694 58.3814 -3.8013 59.4845 -98.3861 438.388 -98.3861 310.15 -1901.71 438.388 -1901.71 16288.9 
-470 50 -4 -470.532 50.439 -4.77011 96.3359 -83.9122 242.11 -83.9122 115.957 -185.511 242.11 -185.511 963.517 
-463 62 -3 -463.672 62.3371 -3.39662 1901.83 -2882.74 1151.39 -2882.74 4485.36 -2004.82 1151.39 -2004.82 1403.84 
-469 53 -4 -469.412 53.4708 -4.26693 24.877 17.3011 17.7586 17.3011 36.0554 -17.6005 17.7586 -17.6005 102.655 
-463 66 -3 -463.427 66.1109 -3.17613 40.0745 74.8264 1.31506 74.8264 953.762 -2546.3 1.31506 -2546.3 8904.33 
-452 51 -3 -452.258 51.2046 -3.44464 811.588 -437.687 -0.849198 -437.687 1484.2 36.5987 -0.849198 36.5987 10.0486 
-472 52 -1 -472.715 52.5374 -1.46891 407.346 -255.128 -10.2974 -255.128 572.826 25.6329 -10.2974 25.6329 13.8259 
-459 56 -3 -459.858 56.7595 -3.57611 345.215 -283.982 -86.0913 -283.982 1933.22 326.096 -86.0913 326.096 70.5437 
-488 50 0 -488.447 50.4474 0.546556 345.423 -535.633 0.133288 -535.633 1949.24 -138.848 0.133288 -138.848 19.4145 
-453 52 -4 -453.319 52.4261 -4.58906 40.8376 -21.516 61.687 -21.516 36.4757 -56.3657 61.687 -56.3657 143.134 
-499 59 -1 -499.517 59.6099 -1.489 14.5976 -7.97986 30.2632 -7.97986 32.977 -9.28517 30.2632 -9.28517 119.955 
-508 51 5 -508.07 51.9611 5.71313 3385.13 8401.85 26.9108 8401.85 23145.4 85.6821 26.9108 85.6821 26.6112 
-456 57 -3 -456.575 57.1819 -3.46176 23.9648 13.5637 -5.26386 13.5637 50.1507 -3.37197 -5.26386 -3.37197 9.77895 
-473 57 -3 -473.373 57.6724 -3.69064 15.9438 9.92901 -42.6479 9.92901 67.8964 -341.125 -42.6479 -341.125 1995.96 
-458 66 -1 -458.191 66.232 -1.66665 72.8299 -468.521 -47.8891 -468.521 5582.86 545.789 -47.8891 545.789 64.401 
-471 56 -3 -471.339 56.373 -3.69278 70.0975 4.18386 -32.1579 4.18386 11.5517 -0.0301383 -32.1579 -0.0301383 35.7184 
-450 54 -3 -450.543 54.3552 -3.47776 660.345 -234.327 77.095 -234.327 398.147 -48.6661 77.095 -48.6661 19.2657 
-463 55 -4 -463.445 55.3047 -4.31318 20.4874 -10.4373 -5.25789 -10.4373 32.292 0.633115 -5.25789 0.633115 95.1708 
-472 57 -3 -472.479 57.4571 -3.70208 13.3426 5.37317 -4.12112 5.37317 21.9002 -41.3709 -4.12112 -41.3709 235.502 
-475 54 -3 -475.374 54.0291 -3.72832 25.9092 -136.154 2.68602 -136.154 9505.31 -902.799 2.68602 -902.799 121.869 
-460 58 -3 -460.58 58.4175 -3.78536 602.575 1716.62 -44.6199 1716.62 5036.89 -148.534 -44.6199 -148.534 18.612 
-473 53 -3 -473.485 53.8894 -3.84137 18.5236 51.1184 23.7725 51.1184 984.589 -521.081 23.7725 -521.081 937.227 
-491 60 -1 -491.326 60.4618 -1.90982 125.346 -95.6287 560.059 -95.6287 108.565 -551.096 560.059 -551.096 3324.2 
-471 52 -4 -471.498 52.6499 -4.44794 20.6985 -9.99922 95.289 -9.99922 15.825 -71.1135 95.289 -71.1135 993.764 
-460 50 -4 -460.44 50.6391 -4.77515 41.5291 27.7405 -57.1236 27.7405 87.6188 -85.7769 -57.1236 -85.7769 145.186 
-476 53 -3 -476.25 53.6625 -3.92396 13.8492 -5.04792 34.4054 -5.04792 22.3823 -71.8664 34.4054 -71.8664 397.707 
-493 53 -2 -493.609 53.3836 -2.13493 97.1882 162.185 -87.2185 162.185 418.932 -245.261 -87.2185 -245.261 197.096 
-463 60 -3 -463.414 60.6626 -3.75173 13.0242 10.3558 20.4829 10.3558 72.6479 -116.466 20.4829 -116.466 454.982 
-478 51 -3 -478.611 51.3393 -3.9169 36.2559 -5.34483 112.253 -5.34483 129.246 -622.736 112.253 -622.736 3874.24 
-464 64 -3 -464.378 64.1548 -3.28196 99.7211 -322.018 -459.127 -322.018 1183.7 1411.51 -459.127 1411.51 4667.95 
-473 50 -4 -473.655 50.3803 -4.52807 118.901 -91.1979 967.715 -91.1979 93.8309 -715.056 967.715 -715.056 9800.7 
-487 52 -3 -487.548 52.5071 -3.0374 168.534 9.06344 1174.71 9.06344 18.0621 23.4772 1174.71 23.4772 8880.91 
-468 57 -4 -468.46 57.5241 -4.07047 465.399 -238.133 2277.43 -238.133 165.507 -993.868 2277.43 -993.868 15421.2 
-482 53 -3 -482.276 53.3204 -3.38025 15.1477 -11.5074 62.1481 -11.5074 39.5575 -144.659 62.1481 -144.659 931.875 
-479 74 0 -479.63 74.0465 -0.0832426 450.196 -680.316 -0.975558 -680.316 1509.67 27.4432 -0.975558 27.4432 3.26211 
-457 56 7 -457.246 56.7342 7.56847 264.489 243.011 115.885 243.011 385.018 163.127 115.885 163.127 79.0364 
-474 58 -3 -474.591 58.1634 -3.51757 67.3061 -59.1507 170.076 -59.1507 148.54 -454.104 170.076 -454.104 2722.66 
-464 51 -4 -464.351 51.3637 -4.82804 157.233 -137.274 580.657 -137.274 132.324 -534.136 580.657 -534.136 2322.12 
-490 57 -2 -490.815 57.6308 -2.17741 506.467 147.349 -511.171 147.349 74.6646 -80.6451 -511.171 -80.6451 750.338 
-513 60 -1 -513.579 60.5917 -1.09708 275.108 -277.695 1024.42 -277.695 302.401 -1175.7 1024.42 -1175.7 5281.91 
-494 52 -2 -494.577 52.6593 -2.27702 22.6886 -22.8908 35.4335 -22.8908 64.3304 -82.6639 35.4335 -82.6639 183.279 
-458 56 -4 -458.52 56.7177 -4.06432 78.9579 111.111 -896.239 111.111 321.257 -2133.09 -896.239 -2133.09 15553.7 
-459 56 -4 -459.544 56.6336 -4.11425 196.402 -215.341 1632.24 -215.341 272.837 -1958.75 1632.24 -1958.75 14962.6 
-472 52 3 -472.276 52.1674 3.52165 771.404 -501.734 -193.85 -501.734 3918.56 548.524 -193.85 548.524 110.499 
-458 66 0 -458.403 66.2154 -0.498818 40.2827 4.83822 -2.28573 4.83822 149.724 -16.2343 -2.28573 -16.2343 21.9287 
-456 57 6 -456.597 57.2223 6.48535 266.345 -225.207 5.79301 -225.207 245.721 -6.68148 5.79301 -6.68148 9.61943 
-462 56 -4 -462.355 56.4842 -4.15478 133.211 -140.762 766.511 -140.762 185.578 -875.624 766.511 -875.624 4742.82 
-452 51 -4 -452.308 51.3427 -4.42212 237.954 251.04 110.276 251.04 301.167 147.345 110.276 147.345 95.8876 
-457 55 -4 -457.774 55.5388 -4.24897 26.2483 33.9961 -34.2052 33.9961 1054.25 -2744.28 -34.2052 -2744.28 7562.83 
-466 60 -3 -466.544 60.5689 -3.66851 32.6613 8.14151 -26.6185 8.14151 16.0447 -23.7301 -26.6185 -23.7301 206.945 
-497 50 -2 -497.572 50.6247 -2.37566 32.5756 -13.1072 37.2556 -13.1072 39.8722 -86.2004 37.2556 -86.2004 282.68 
-470 51 -4 -470.475 51.7659 -4.54294 13.8896 9.7703 -15.2918 9.7703 41.8042 -9.71533 -15.2918 -9.71533 61.604 
-500 51 -1 -500.084 51.6642 -1.47786 4230.64 -5270.62 -399.395 -5270.62 7442.64 607.953 -399.395 607.953 63.2314 
-479 51 -3 -479.29 51.5621 -3.82449 54.5333 -0.232021 93.7548 -0.232021 24.4215 -42.138 93.7548 -42.138 545.8 
-466 51 -4 -466.607 51.4978 -4.76222 43.1587 -35.5862 108.45 -35.5862 103.545 -375.898 108.45 -375.898 1486.56 
-454 58 -3 -454.471 58.4676 -3.87896 67.5012 -56.3909 276.002 -56.3909 118.239 -486.452 276.002 -486.452 2303.93 
-517 57 -1 -517.553 57.2843 -1.63747 50.5386 77.6683 -454.504 77.6683 226.103 -1385.5 -454.504 -1385.5 11917.2 
-454 53 -4 -454.403 53.4627 -4.46078 10.1172 8.05302 -42.1674 8.05302 28.2949 -123.045 -42.1674 -123.045 751.165 
-469 56 -4 -469.629 56.5887 -4.08183 54.7444 -70.0703 132.417 -70.0703 151.015 -409.049 132.417 -409.049 3668.39 
-465 63 -3 -465.455 63.8589 -3.31701 184.994 -409.099 -207.525 -409.099 963.968 441.686 -207.525 441.686 301.495 
-450 54 -4 -450.319 54.3278 -4.36908 1878.53 723.922 3676.33 723.922 302.154 1409.65 3676.33 1409.65 7256.54 
-458 52 -4 -458.599 52.7145 -4.65342 139.885 11.1603 360.52 11.1603 25.2744 -57.0208 360.52 -57.0208 1458.52 
-476 52 -4 -476.427 52.3742 -4.05708 31.5214 -51.9831 431.092 -51.9831 135.167 -1022.96 431.092 -1022.96 9790.51 
-468 53 -4 -468.535 53.2893 -4.29659 14.6924 -5.77492 -0.255324 -5.77492 18.6527 2.62487 -0.255324 2.62487 68.1845 
-467 51 -4 -467.489 51.6973 -4.74596 9.24111 -0.871831 -60.4661 -0.871831 22.6653 -66.3283 -60.4661 -66.3283 1179.9 
-458 57 -3 -458.321 57.6387 -3.96737 294.569 -620.744 -95.2935 -620.744 1397.69 -369.742 -95.2935 -369.742 5787.36 
-470 53 -4 -470.438 53.473 -4.26668 17.3494 -16.8888 21.0165 -16.8888 53.6188 -74.2755 21.0165 -74.2755 142.479 
-529 51 -1 -529.704 51.5093 -1.90911 31.9883 16.0734 -235.17 16.0734 52.1493 -608.701 -235.17 -608.701 8577.74 
-534 50 -1 -534.635 50.43 -1.81487 61.716 58.5648 -324.704 58.5648 150.997 -1115.85 -324.704 -1115.85 9499.06 
-475 67 -2 -475.468 67.1713 -2.55042 300.012 -230.823 -7.65821 -230.823 202.906 20.0341 -7.65821 20.0341 28.002 
-471 53 -4 -471.391 53.6456 -4.23671 10.3025 0.00513047 9.59736 0.00513047 32.8385 -29.7018 9.59736 -29.7018 110.725 
-461 60 1 -461.351 60.3875 1.76163 9131.58 -16629.5 1585.6 -16629.5 31113.3 -2968.67 1585.6 -2968.67 324.014 
-517 50 -2 -517.446 50.4706 -2.56661 92.5347 104.941 171.38 104.941 136.561 222.336 171.38 222.336 400.455 
-474 57 -3 -474.322 57.6851 -3.6858 23.1076 -5.30433 54.293 -5.30433 51.9859 -231.315 54.293 -231.315 1362.99 
-547 50 4 -547.722 50.8267 4.40509 6951.67 -5182.27 -574.71 -5182.27 3897.62 428.968 -574.71 428.968 58.4628 
-468 51 -4 -468.46 51.4753 -4.73851 74.8386 -3.28097 738.013 -3.28097 13.4987 1.32599 738.013 1.32599 8533.88 
-480 51 -3 -480.315 51.6421 -3.62844 17.3542 0.742105 -33.237 0.742105 15.1186 -3.01564 -33.237 -3.01564 124.367 
-465 52 -4 -465.659 52.4692 -4.65047 15.4373 -11.329 15.8557 -11.329 31.5636 -102.506 15.8557 -102.506 727.584 
-457 53 -4 -457.418 53.4975 -4.39212 21.4521 -1.80108 -16.1855 -1.80108 7.01873 -6.3643 -16.1855 -6.3643 43.2382 
-489 55 -2 -489.554 55.6063 -2.44394 459.908 -347.96 950.77 -347.96 275.29 -717.79 950.77 -717.79 2049.08 
-525 50 5 -525.757 50.8839 5.53512 664.267 -444.664 -44.5713 -444.664 1155.42 193.66 -44.5713 193.66 41.7035 
-479 62 -2 -479.305 62.2863 -2.75844 23.8113 30.0536 169.928 30.0536 425.511 706.899 169.928 706.899 3623.26 
-469 51 -4 -469.632 51.5134 -4.64163 19.0659 9.97668 2.70149 9.97668 20.0264 -26.6054 2.70149 -26.6054 170.257 
-490 61 -1 -490.169 61.4362 -1.91202 109.352 -114.606 655.36 -114.606 236.58 -1406.81 655.36 -1406.81 8810.96 
-464 53 -4 -464.568 53.3854 -4.51568 160.247 165.516 175.917 165.516 243.526 79.6176 175.917 79.6176 408.501 
-495 51 -2 -495.709 51.6754 -2.39408 51.0876 -90.311 244.78 -90.311 224.304 -554.906 244.78 -554.906 1467.63 
-465 50 -4 -465.25 50.5058 -4.90445 31.4132 110.132 -157.339 110.132 710.352 -1026.04 -157.339 -1026.04 1614.77 
-464 56 -4 -464.481 56.7487 -4.21164 46.4128 -79.4256 640.208 -79.4256 391.712 -3028.72 640.208 -3028.72 25153.3 
-454 54 -4 -454.683 54.6259 -4.33736 8.48595 -0.0591729 17.7048 -0.0591729 15.6238 -91.2737 17.7048 -91.2737 1107.35 
-466 54 -4 -466.446 54.1516 -4.25589 16.5631 -11.3888 3.73876 -11.3888 76.6953 -43.5071 3.73876 -43.5071 67.9462 
-492 66 3 -492.301 66.5392 3.67617 111.801 35.3217 -3.05061 35.3217 868.83 -16.9795 -3.05061 -16.9795 9.57783 
-452 55 -4 -452.623 55.4386 -4.27342 27.1234 -18.7027 -8.23949 -18.7027 29.7155 -56.7924 -8.23949 -56.7924 571.866 
-526 51 3 -526.119 51.164 3.48443 870.862 962.004 78.1054 962.004 1456.4 -20.5332 78.1054 -20.5332 50.9528 
-464 60 -3 -464.489 60.4354 -3.77345 72.8148 3.06021 -206.256 3.06021 40.5102 -113.574 -206.256 -113.574 2104.58 
-461 63 -3 -461.646 63.5657 -3.15577 453.806 -744.056 119.614 -744.056 1276.28 -275.944 119.614 -275.944 221.957 
-457 52 -4 -457.424 52.6692 -4.65152 49.6327 16.0434 -50.5542 16.0434 35.7912 -105.127 -50.5542 -105.127 477.236 
-506 57 4 -506.81 57.1933 4.43084 290.494 85.3193 65.7633 85.3193 2775.61 205.495 65.7633 205.495 48.9842 
-456 56 4 -456.48 56.5135 4.41729 36.1491 10.0884 12.7685 10.0884 89.1327 36.8811 12.7685 36.8811 25.8477 
-456 57 -2 -456.376 57.2786 -2.54704 34.3129 21.0661 -2.00633 21.0661 37.7942 3.61535 -2.00633 3.61535 10.3378 
-487 54 -2 -487.781 54.5529 -2.72172 57.5035 -22.8785 3.65138 -22.8785 26.7076 17.4143 3.65138 17.4143 52.2701 
-472 52 -4 -472.494 52.3553 -4.38553 13.0591 1.27407 19.5999 1.27407 82.7394 -137.49 19.5999 -137.49 356.911 
-482 58 -2 -482.055 58.2461 -2.58721 3998.78 -1340.07 522.701 -1340.07 1107.15 -472.622 522.701 -472.622 208.354 
-461 51 -4 -461.546 51.7762 -4.68382 9.98489 2.64953 -12.9877 2.64953 16.5943 -19.5979 -12.9877 -19.5979 109.1 
-454 55 -4 -454.474 55.3506 -4.23225 23.5005 34.6178 -271.99 34.6178 125.171 -915.583 -271.99 -915.583 7247.01 
-457 55 9 -457.746 55.9159 9.59145 266.223 371.813 233.029 371.813 834.091 415.894 233.029 415.894 263.419 
-494 50 -2 -494.639 50.5368 -2.62808 92.423 -84.5266 602.403 -84.5266 118.492 -886.039 602.403 -886.039 7334.43 
-488 50 -3 -488.487 50.6474 -3.09108 49.1929 -36.402 225.613 -36.402 109.851 -453.582 225.613 -453.582 2438.91 
-458 53 -4 -458.319 53.2481 -4.55034 8.50862 -4.29882 1.28286 -4.29882 43.531 -181.579 1.28286 -181.579 926.828 
-451 55 -4 -451.588 55.4023 -4.32588 6.66821 -0.79186 7.37391 -0.79186 50.5784 -226.653 7.37391 -226.653 1798.4 
-469 50 -4 -469.477 50.7089 -4.65928 19.411 20.2838 -22.6275 20.2838 91.7794 -90.9399 -22.6275 -90.9399 118.19 
-481 57 5 -481.175 57.9257 5.50979 160.685 -235.802 4.20328 -235.802 766.801 18.0906 4.20328 18.0906 17.5267 
-480 57 8 -480.813 57.8064 8.55292 91.8869 -73.6208 5.2024 -73.6208 356.252 -35.0433 5.2024 -35.0433 13.6898 
-481 55 -2 -481.333 55.0638 -2.3973 737.865 -17.2196 -81.8257 -17.2196 866.896 119.135 -81.8257 119.135 32.7187 
-451 63 -3 -451.381 63.2956 -3.26684 10.1044 -5.69896 -0.623097 -5.69896 27.7463 36.4462 -0.623097 36.4462 968.281 
-465 59 -3 -465.568 59.3153 -3.88932 233.572 117.264 1351.82 117.264 109.702 525.483 1351.82 525.483 8992 
-495 69 6 -495.452 69.0689 6.5325 172.251 864.496 35.9291 864.496 5719.29 233.793 35.9291 233.793 15.4359 
-455 57 -3 -455.746 57.3272 -3.68973 104.453 -3.79904 30.2501 -3.79904 13.3216 -4.94772 30.2501 -4.94772 19.4412 
-474 50 -4 -474.355 50.4493 -4.4709 115.592 -83.8685 939.27 -83.8685 86.0522 -773.863 939.27 -773.863 8372.47 
-469 61 -3 -469.361 61.2914 -3.55067 24.3781 -29.1874 15.5295 -29.1874 86.9407 -50.0179 15.5295 -50.0179 123.241 
-513 58 -1 -513.442 58.5298 -1.5002 472.382 -277.709 2261.81 -277.709 203.284 -1465.45 2261.81 -1465.45 11558.7 
-455 52 -2 -455.625 52.4537 -2.66961 78.5794 205.268 -13.8983 205.268 1403.95 -45.2994 -13.8983 -45.2994 14.6236 
-463 51 -4 -463.391 51.0959 -4.91713 175.468 -631.899 1030.04 -631.899 2454.07 -3959.33 1030.04 -3959.33 6573.2 
-467 53 -4 -467.719 53.4613 -4.40485 394.762 -327.47 1006.31 -327.47 357.911 -1262.83 1006.31 -1262.83 4856.42 
-452 52 -4 -452.616 52.7314 -4.64543 29.3834 -21.4649 82.0664 -21.4649 24.5176 -67.7509 82.0664 -67.7509 494.353 
-480 54 0 -480.774 54.6304 0.114535 1292.45 3281.49 205.704 3281.49 8748.15 547.186 205.704 547.186 44.2869 
-459 57 -4 -459.41 57.2583 -4.03958 100.988 42.3945 -326.984 42.3945 36.1633 -216.936 -326.984 -216.936 1926.46 
-480 57 -2 -480.795 57.5222 -2.59668 387.247 169.99 -23.9301 169.99 354.371 -38.8483 -23.9301 -38.8483 20.4102 
-484 51 -3 -484.458 51.3583 -3.35465 166.68 -52.9009 143.614 -52.9009 27.8235 -50.9017 143.614 -50.9017 182.693 
-455 52 1 -455.604 52.5665 1.66941 996.96 124.014 -40.7574 124.014 2215.14 65.0836 -40.7574 65.0836 13.4625 
-488 50 -1 -488.905 50.5575 -1.64318 430.878 -406.356 -55.0866 -406.356 1568.44 281.706 -55.0866 281.706 61.7334 
-456 57 11 -456.491 57.3573 11.4093 55.2927 29.2268 -0.917002 29.2268 239.652 24.8203 -0.917002 24.8203 10.3992 
-476 54 -3 -476.51 54.0557 -3.731 14.5755 125.178 -7.76937 125.178 2758.85 -121.178 -7.76937 -121.178 71.8238 
-462 51 -4 -462.531 51.182 -4.88434 158.434 95.1047 -80.776 95.1047 229.253 -231.526 -80.776 -231.526 480.426 
-490 52 -2 -490.756 52.4734 -2.68855 455.335 -253.988 1909.43 -253.988 168.532 -1214.12 1909.43 -1214.12 9331.84 
-460 51 -4 -460.284 51.6254 -4.6994 29.3991 3.05696 -3.82942 3.05696 56.5725 -13.2429 -3.82942 -13.2429 28.1115 
-462 55 -4 -462.503 55.5427 -4.37826 10.0279 13.3534 -47.6882 13.3534 55.0571 -243.778 -47.6882 -243.778 6289.08 
-460 56 -4 -460.525 56.5439 -4.13689 27.4688 -17.0917 163.659 -17.0917 31.1687 -265.006 163.659 -265.006 3599.94 
-454 51 -4 -454.444 51.7443 -4.70777 14.4275 -13.8124 -12.8781 -13.8124 75.0338 -219.478 -12.8781 -219.478 1187.69 
-455 55 -3 -455.624 55.3548 -3.44712 2004.25 1410.23 -383.721 1410.23 1346.38 -294.386 -383.721 -294.386 82.3763 
-472 52 -2 -472.804 52.6093 -2.39018 307.75 -221.397 -31.9462 -221.397 1168.49 66.5101 -31.9462 66.5101 13.5568 
-454 52 -4 -454.568 52.246 -4.64907 15.7169 -13.922 -50.9334 -13.922 87.2849 -125.26 -50.9334 -125.26 1096.42 
-453 54 -2 -453.321 54.7751 -2.4331 1084.9 -2666.05 256.707 -2666.05 8776.78 -980.419 256.707 -980.419 125.851 
-451 53 -4 -451.457 53.4966 -4.4419 57.4999 -22.2938 29.3151 -22.2938 70.1677 -49.3716 29.3151 -49.3716 59.815 
-471 50 -4 -471.311 50.2912 -4.72948 161.979 139.738 -317.557 139.738 166.087 -356.055 -317.557 -356.055 1135.49 
-461 55 -4 -461.64 55.3704 -4.36693 30.2056 -13.0993 -106.564 -13.0993 55.3183 -299.343 -106.564 -299.343 9092.73 
-492 54 -2 -492.594 54.347 -2.13662 8.62455 -3.54229 12.7465 -3.54229 285.005 31.8251 12.7465 31.8251 129.529 
-469 52 -4 -469.618 52.4826 -4.51958 15.2239 -8.7247 10.3041 -8.7247 19.9164 -18.8058 10.3041 -18.8058 186.883 
-525 54 -1 -525.504 54.1406 -1.84385 361.945 154.172 1600.24 154.172 287.91 497.585 1600.24 497.585 7424.84 
-465 60 -3 -465.621 60.9174 -3.59939 160.426 623.909 -34.5625 623.909 5274.39 -1631.65 -34.5625 -1631.65 841.668 
-472 52 -3 -472.909 52.6494 -3.48321 210.629 -71.4295 -29.0178 -71.4295 434.824 31.2294 -29.0178 31.2294 18.3532 
-452 53 -4 -452.387 53.6406 -4.50548 8.21976 -1.22487 7.21209 -1.22487 16.1065 -28.5557 7.21209 -28.5557 436.217 
-478 53 -3 -478.718 53.5099 -3.61691 1144.13 -1052.82 1743.49 -1052.82 985.496 -1614.81 1743.49 -1614.81 2700.53 
-533 51 4 -533.136 51.319 4.25011 13972.4 2292.01 6853.07 2292.01 402.138 1095.01 6853.07 1095.01 3500.97 
-473 75 0 -473.7 75.8368 -0.309218 50.259 -156.107 9.77937 -156.107 918.116 -72.8031 9.77937 -72.8031 13.0264 
-485 50 -3 -485.467 50.5715 -3.36795 19.3653 9.68964 0.950802 9.68964 43.0922 -4.3653 0.950802 -4.3653 49.5722 
-459 56 -1 -459.834 56.8525 -1.44216 871.46 2522.98 -97.6406 2522.98 10594.9 -505.871 -97.6406 -505.871 60.8586 
-479 64 0 -479.282 64.7048 -0.146083 613.114 455.75 -10.4567 455.75 2825.05 208.531 -10.4567 208.531 21.9678 
-488 56 -2 -488.239 56.2609 -2.62747 139.931 -160.241 995.792 -160.241 253.107 -1634.14 995.792 -1634.14 11442 
-507 52 -2 -507.742 52.5313 -2.15432 31.2838 -4.14484 80.3942 -4.14484 21.1976 -0.152476 80.3942 -0.152476 377.25 
-468 61 -3 -468.563 61.6469 -3.57768 14.7846 -19.0011 42.5961 -19.0011 145.377 -244.982 42.5961 -244.982 463.736 
-499 54 -1 -499.538 54.722 -1.8683 56.0043 11.2927 -35.1004 11.2927 469.031 -235.874 -35.1004 -235.874 257.356 
-491 61 -1 -491.635 61.543 -1.74629 68.4158 -8.1456 344.195 -8.1456 21.294 -94.6149 344.195 -94.6149 2015.32 
-533 52 7 -533.354 52.124 7.42724 14.7017 73.9573 16.3592 73.9573 1129.25 325.947 16.3592 325.947 144.792 
-464 57 -4 -464.335 57.1012 -4.15515 145.354 -608.87 755.459 -608.87 2694.39 -3288.19 755.459 -3288.19 4602.03 
-465 53 -4 -465.496 53.8147 -4.33578 24.029 23.6525 13.6401 23.6525 148.808 85.3508 13.6401 85.3508 194.946 
-495 52 -2 -495.497 52.1906 -2.22425 87.5523 -133.752 97.3365 -133.752 302.947 -156.772 97.3365 -156.772 211.996 
-472 51 -4 -472.397 51.6206 -4.59023 37.0693 -61.1852 254.037 -61.1852 171.174 -670.055 254.037 -670.055 3004.83 
-458 66 3 -458.682 66.0653 3.58868 324.227 371.883 4.36357 371.883 783.782 -5.44963 4.36357 -5.44963 17.8836 
-492 51 -2 -492.382 51.3376 -2.66185 108.041 23.3898 -162.954 23.3898 42.7975 -453.607 -162.954 -453.607 5738.94 
-474 51 -4 -474.49 51.5796 -4.35005 53.9362 -48.5133 380.631 -48.5133 59.23 -426.172 380.631 -426.172 3666.68 
-483 54 -3 -483.537 54.3896 -3.07224 52.3825 156.79 -194.677 156.79 645.965 -731.326 -194.677 -731.326 992.381 
-455 52 -4 -455.374 52.3825 -4.56321 17.1512 -12.0877 36.3079 -12.0877 22.1276 -42.9005 36.3079 -42.9005 405.011 
-460 63 -3 -460.248 63.67 -3.28473 233.53 -222.087 -2213.22 -222.087 279.02 2590.4 -2213.22 2590.4 27359.8 
-490 62 -1 -490.34 62.9627 -1.50045 21.2039 -204.618 -7.67731 -204.618 3221.27 31.1866 -7.67731 31.1866 19.348 
-496 51 -2 -496.503 51.5292 -2.31525 43.3338 -56.956 63.4966 -56.956 97.4595 -110.13 63.4966 -110.13 196.117 
-457 55 10 -457.837 55.4239 10.4736 955.547 -1801.45 -1070.28 -1801.45 4243.44 2529.4 -1070.28 2529.4 1518.35 
-479 56 -2 -479.284 56.2165 -2.62759 149.721 675.364 2.46148 675.364 3246.39 40.6542 2.46148 40.6542 10.2385 
-477 53 -3 -477.554 53.3694 -3.82868 223.309 -186.042 1333.52 -186.042 195.147 -900.447 1333.52 -900.447 15936 
-481 54 -3 -481.392 54.1694 -3.20442 17.1168 -11.4677 4.88944 -11.4677 700.87 -73.8028 4.88944 -73.8028 51.7968 
-458 54 -4 -458.54 54.5778 -4.34065 23.6542 -11.1267 -138.572 -11.1267 18.0913 111.533 -138.572 111.533 2562.31 
-464 59 -3 -464.504 59.4184 -3.89387 131.911 157.154 -888.436 157.154 207.022 -1145.02 -888.436 -1145.02 6640.59 
-508 52 -1 -508.397 52.4578 -1.5037 27.867 8.76715 -0.637327 8.76715 54.993 -5.08056 -0.637327 -5.08056 17.7954 
-472 75 7 -472.76 75.5706 7.4115 199.906 -281.06 -36.6532 -281.06 506.227 51.4523 -36.6532 51.4523 16.1535 
-478 52 -3 -478.724 52.4997 -3.7719 44.3225 -8.1973 98.4737 -8.1973 24.3959 -83.6183 98.4737 -83.6183 497.056 
-508 52 1 -508.172 52.4609 1.62413 121.059 -150.721 -1.50512 -150.721 733.797 21.8162 -1.50512 21.8162 20.9 
-453 59 -2 -453.489 59.6345 -2.65331 133.117 -271.111 -0.00164581 -271.111 9801.28 -181.058 -0.00164581 -181.058 14.75 
-474 52 -4 -474.469 52.2849 -4.23334 60.6655 130.116 -373.379 130.116 484.915 -2105.78 -373.379 -2105.78 13342.8 
-480 52 -3 -480.317 52.5424 -3.62078 57.9109 -106.876 415.049 -106.876 239.75 -872.429 415.049 -872.429 3394.58 
-479 52 -3 -479.311 52.8325 -3.63928 10.6426 -7.17382 -2.743 -7.17382 77.4549 -111.168 -2.743 -111.168 444.277 
-475 61 -3 -475.656 61.0975 -3.23911 2134.62 -3304.1 1659.7 -3304.1 6182.73 -9926.86 1659.7 -9926.86 64536.7 
-472 50 -4 -472.428 50.4475 -4.63464 248.296 -165.243 1078.79 -165.243 117.639 -730.809 1078.79 -730.809 4840.03 
-450 52 -4 -450.529 52.6321 -4.6923 20.6555 -15.4714 152.681 -15.4714 42.3043 -352.426 152.681 -352.426 3900.35 
-472 58 -3 -472.265 58.5644 -3.60371 83.4002 -26.1796 149.746 -26.1796 408.626 -984.636 149.746 -984.636 2522.7 
-477 62 -3 -477.19 62.1788 -3.028 81.7502 -135.23 207.223 -135.23 482.813 -1473.07 207.223 -1473.07 8684.05 
-460 60 -3 -460.526 60.3103 -3.47118 151.05 -97.1056 59.629 -97.1056 83.67 -35.3805 59.629 -35.3805 34.4258 
-462 50 -4 -462.679 50.8689 -4.94508 65.5916 250.132 132.275 250.132 1199.42 509.378 132.275 509.378 642.599 
-455 53 10 -455.553 53.3731 10.6844 450.354 446.689 208.646 446.689 562.944 327.72 208.646 327.72 237.75 
-459 56 -2 -459.759 56.8004 -2.5417 142.424 29.8021 -15.6373 29.8021 130.979 7.26417 -15.6373 7.26417 21.9167 
-480 57 -1 -480.606 57.5216 -1.67624 3980.38 6659.66 -948.749 6659.66 13858.4 -1454.48 -948.749 -1454.48 251.899 
-513 53 -2 -513.528 53.6764 -2.35209 28.8949 0.462695 -169.314 0.462695 50.5425 -111.85 -169.314 -111.85 2064.76 
-481 52 -3 -481.5 52.3976 -3.56261 19.5473 -14.4706 4.53211 -14.4706 42.6193 -207.733 4.53211 -207.733 1738.98 
-468 52 -4 -468.549 52.5338 -4.57131 25.8227 -9.45573 -15.4232 -9.45573 75.7784 -168.213 -15.4232 -168.213 540.508 
-483 51 -3 -483.445 51.3553 -3.48619 12.3984 6.58971 11.756 6.58971 64.7898 -175.539 11.756 -175.539 866.479 
-478 54 -3 -478.396 54.1198 -3.44839 13.0633 -22.7044 13.9035 -22.7044 345.89 -135.954 13.9035 -135.954 114.832 
-511 53 -2 -511.481 53.565 -2.28208 13.7523 6.63246 -112.529 6.63246 28.8287 -143.346 -112.529 -143.346 1735.73 
-491 51 -2 -491.289 51.7104 -2.7116 258.527 -116.349 1378.01 -116.349 83.0017 -775.65 1378.01 -775.65 8505.85 
-465 61 -3 -465.292 61.2446 -3.4886 1050.13 -1812.51 2219.06 -1812.51 3210.48 -4019.17 2219.06 -4019.17 5277.37 
-468 62 -3 -468.426 62.1817 -3.46252 20.119 -15.1339 -5.04068 -15.1339 48.0119 -8.08149 -5.04068 -8.08149 67.2944 
-451 53 -3 -451.778 53.5882 -3.35941 10208.3 1670.65 5638.77 1670.65 1768.23 1198.68 5638.77 1198.68 3183.49 
-457 50 -4 -457.614 50.5877 -4.85659 10.8701 -4.97096 -4.76516 -4.97096 22.3342 -74.383 -4.76516 -74.383 549.594 
-525 51 -1 -525.793 51.5131 -1.80196 105.924 3.28924 46.0076 3.28924 10.5307 -3.62611 46.0076 -3.62611 38.4023 
-484 51 -2 -484.647 51.4035 -2.30462 1815.9 -554.293 -355.089 -554.293 765.257 198.443 -355.089 198.443 94.3832 
-467 54 -4 -467.564 54.129 -4.28008 32.6731 38.9112 -159.172 38.9112 109.559 -206.05 -159.172 -206.05 1269.29 
-475 57 -3 -475.676 57.4628 -3.42383 47.326 -15.2288 -10.0803 -15.2288 22.3213 0.76159 -10.0803 0.76159 37.6709 
-481 57 7 -481.074 57.9542 7.51906 671.219 454.071 -150.239 454.071 802.486 -100.261 -150.239 -100.261 40.7092 
-516 52 -2 -516.433 52.3052 -2.49367 19.6287 -41.8315 137.878 -41.8315 527.416 -2087.49 137.878 -2087.49 8545.65 
-547 51 1 -547.793 51.1129 1.63425 4554.82 -1905.2 -297.346 -1905.2 1195.2 139.982 -297.346 139.982 25.4791 
-473 51 -4 -473.5 51.501 -4.44333 46.9017 -25.9144 177.971 -25.9144 31.6009 -151.153 177.971 -151.153 1105.07 
-476 64 -2 -476.327 64.3792 -2.60643 272.177 252.71 -138.169 252.71 258.578 -175.094 -138.169 -175.094 210.201 
-452 50 -4 -452.623 50.3933 -4.82813 13.3615 -2.49973 25.7145 -2.49973 10.5425 -58.5579 25.7145 -58.5579 717.996 
-480 59 -2 -480.143 59.4869 -2.78311 115.981 -12.463 -32.1058 -12.463 40.1161 -83.1847 -32.1058 -83.1847 268.295 
-467 62 -3 -467.711 62.7084 -3.46179 38.9485 -25.5414 21.2006 -25.5414 38.2596 -35.9322 21.2006 -35.9322 67.1129 
-482 52 -3 -482.393 52.7387 -3.44247 89.2105 -28.7737 615.561 -28.7737 63.3111 -364.175 615.561 -364.175 4997.84 
-473 60 -3 -473.663 60.7802 -3.28766 1533.75 929.843 106.483 929.843 665.557 -80.4603 106.483 -80.4603 259.569 
-486 53 -3 -486.333 53.4946 -3.0138 105.858 27.9849 -534.067 27.9849 13.991 -153.665 -534.067 -153.665 6082.04 
-453 54 -4 -453.567 54.8542 -4.26022 54.6478 39.8542 -38.3199 39.8542 98.1032 -8.24324 -38.3199 -8.24324 112.295 
-496 53 5 -496.233 53.9478 5.41147 1133.05 -3047.96 297.921 -3047.96 10931.7 -958.805 297.921 -958.805 99.4694 
-451 50 13 -451.302 50.7438 13.672 502.259 1164.87 513.332 1164.87 5441.05 3309.31 513.332 3309.31 2180.53 
-486 50 -3 -486.378 50.2982 -3.2771 52.8008 -22.3481 37.5028 -22.3481 29.2994 -26.5038 37.5028 -26.5038 108.145 
-479 54 -3 -479.729 54.1225 -3.27576 131.456 -175.894 175.073 -175.894 1628.19 -2084.12 175.073 -2084.12 2840.5 
-476 59 -3 -476.647 59.6587 -3.30295 48.4197 -25.0936 401.912 -25.0936 61.5009 -447.43 401.912 -447.43 4820.51 
-481 54 -2 -481.631 54.222 -2.97134 41.4962 216.764 -479.722 216.764 2014.63 -4589.71 -479.722 -4589.71 16564.9 
-515 51 -2 -515.578 51.4703 -2.61351 24.3024 1.07966 -94.0996 1.07966 208.421 -1384.51 -94.0996 -1384.51 10231.3 
-547 50 5 -547.834 50.6038 5.57587 369.68 -248.581 -16.3424 -248.581 325.622 39.1642 -16.3424 39.1642 21.6198 
-466 52 -4 -466.477 52.5222 -4.53015 62.6299 50.9318 -14.8504 50.9318 51.9154 -18.2387 -14.8504 -18.2387 74.9771 
-490 50 -2 -490.415 50.2506 -2.85553 25.2392 -15.0427 70.6313 -15.0427 85.6558 293.351 70.6313 293.351 2829.87 
-477 59 -3 -477.318 59.3474 -3.27737 78.7263 -72.9786 568.449 -72.9786 79.5356 -564.465 568.449 -564.465 6028.35 
-482 54 -3 -482.736 54.3159 -3.09401 770.299 4097.84 -64.4366 4097.84 22501.7 -348.725 -64.4366 -348.725 162.165 
-510 50 -2 -510.437 50.3328 -2.48503 34.8522 -123.027 -116.594 -123.027 588.524 507.383 -116.594 507.383 485.946 
-461 61 -3 -461.484 61.5528 -3.59166 30.7719 15.9249 -228.155 15.9249 40.2505 -387.336 -228.155 -387.336 4352.21 
-474 62 -3 -474.721 62.3457 -3.10278 19.1938 0.163048 31.2583 0.163048 21.421 -6.03473 31.2583 -6.03473 198.716 
-522 54 -1 -522.431 54.3107 -1.53895 1367.43 977.71 -270.297 977.71 717.759 -178.244 -270.297 -178.244 70.7903 
-479 59 -2 -479.621 59.6733 -2.84976 58.4219 242.75 15.5913 242.75 1474.9 47.482 15.5913 47.482 164.079 
-472 52 1 -472.462 52.3465 1.52343 483.096 -145.707 -135.936 -145.707 737.752 53.1169 -135.936 53.1169 46.2092 
-459 63 -3 -459.814 63.9233 -3.17781 132.925 -261.38 20.4018 -261.38 1024.94 8.25251 20.4018 8.25251 79.1176 
-547 50 6 -547.757 50.5142 6.3113 696.544 -634.761 -87.1329 -634.761 710.945 107.241 -87.1329 107.241 40.858 
-474 81 4 -474.285 81.6268 4.41356 117.175 27.8555 -15.2521 27.8555 524.987 -36.4969 -15.2521 -36.4969 13.861 
-487 51 -3 -487.484 51.5616 -3.08089 12.9496 -1.15291 3.86245 -1.15291 20.3131 -83.6479 3.86245 -83.6479 625.152 
-496 54 -1 -496.478 54.5525 -1.87908 15.0705 14.8546 10.4498 14.8546 68.1478 -83.7504 10.4498 -83.7504 325.177 
-463 64 -3 -463.569 64.5576 -3.24923 1251.15 -1982.08 2006.22 -1982.08 3212.15 -3412.54 2006.22 -3412.54 4307.97 
-496 51 -1 -496.754 51.1122 -1.2474 1511.5 -3764.53 -314.14 -3764.53 10992.1 705.393 -314.14 705.393 115.621 
-481 57 2 -481.121 57.8392 2.59551 394.925 89.4821 -80.2317 89.4821 99.344 87.6785 -80.2317 87.6785 247.461 
-486 52 -3 -486.369 52.7431 -3.13534 18.9161 8.31528 47.0813 8.31528 337.221 -727.362 47.0813 -727.362 2025.31 
-488 51 -3 -488.334 51.2506 -3.05233 29.2467 -5.84363 70.4476 -5.84363 14.9048 -76.9674 70.4476 -76.9674 1311.3 
-518 51 -2 -518.529 51.5165 -2.5779 905.348 -608.962 926.682 -608.962 419.887 -607.115 926.682 -607.115 1216.11 
-456 53 -4 -456.531 53.469 -4.5008 13.0328 -14.4981 53.1771 -14.4981 93.4166 -419.827 53.1771 -419.827 2173.69 
-486 54 -3 -486.349 54.1882 -3.01921 156.066 -250.296 542.477 -250.296 538.649 -2010.44 542.477 -2010.44 19171.7 
-487 68 -1 -487.564 68.2778 -1.51854 138.899 -106.258 527.239 -106.258 1280.92 -4181.61 527.239 -4181.61 14727.9 
-478 56 -2 -478.944 56.228 -2.66047 9232.51 -1237.93 -740.713 -1237.93 559.074 163.753 -740.713 163.753 87.4428 
-460 52 -2 -460.413 52.6735 -2.39286 956.153 423.071 -15.2663 423.071 1323.49 -71.2183 -15.2663 -71.2183 12.793 
-477 51 -4 -477.47 51.4578 -4.07092 221.527 253.01 -1029.17 253.01 324.748 -1401.61 -1029.17 -1401.61 6803.64 
-523 50 -2 -523.531 50.8601 -2.24416 2977.89 -2329.47 3116.27 -2329.47 1872.69 -2447.79 3116.27 -2447.79 3278.36 
-482 54 -2 -482.42 54.2996 -2.88637 15.5794 -45.0904 65.076 -45.0904 811.467 -723.165 65.076 -723.165 777.79 
-483 54 -2 -483.445 54.5307 -2.75869 12.4185 -9.14504 14.4788 -9.14504 58.4772 -51.3998 14.4788 -51.3998 94.1203 
-452 51 -2 -452.206 51.1701 -2.60652 8098.18 -425.822 -1361.23 -425.822 1530.52 42.5445 -1361.23 42.5445 237.964 
-491 52 -2 -491.445 52.303 -2.60093 243.601 16.4568 -268.707 16.4568 35.4582 -490.289 -268.707 -490.289 9173.05 
-475 57 -2 -475.432 57.4764 -2.66609 225.698 -217.809 -50.5921 -217.809 472.833 52.1082 -50.5921 52.1082 34.4189 
-481 58 -2 -481.47 58.2854 -2.4443 35.124 -55.129 13.8083 -55.129 128.246 -30.2371 13.8083 -30.2371 19.8162 
-456 56 3 -456.536 56.7741 3.57177 39.387 16.6788 -0.561857 16.6788 112.191 27.626 -0.561857 27.626 17.1719 
-468 50 -4 -468.368 50.5677 -4.83754 397.892 8.55175 -499.978 8.55175 12.2538 -103.26 -499.978 -103.26 1899.2 
-492 66 4 -492.292 66.5429 4.39329 338.911 1353.2 -60.1851 1353.2 9873.43 -192.736 -60.1851 -192.736 21.7832 
-480 58 -2 -480.439 58.5981 -2.84852 81.5894 -32.9217 165.017 -32.9217 38.8523 -55.8315 165.017 -55.8315 400.619 
-464 52 -4 -464.419 52.7088 -4.68129 16.0667 -6.39015 -15.3624 -6.39015 52.3138 -126.128 -15.3624 -126.128 906.654 
-489 61 -1 -489.75 61.6678 -1.91232 459.642 -281.824 1352.42 -281.824 224.068 -1155.06 1352.42 -1155.06 6397.21 
-508 52 0 -508.291 52.6053 0.00593159 58.8641 64.4582 -5.6046 64.4582 158.306 -10.3637 -5.6046 -10.3637 3.33938 
-477 64 -2 -477.439 64.7155 -2.72199 57.9986 -28.9779 -32.2955 -28.9779 45.8092 -121.155 -32.2955 -121.155 1136.81 
-476 55 -2 -476.375 55.8392 -2.29612 315.323 -88.4987 10.8867 -88.4987 2234.17 319.129 10.8867 319.129 61.1207 
-460 63 0 -460.122 63.3033 0.180423 350.285 -35.3478 -44.2161 -35.3478 575.153 177.355 -44.2161 177.355 63.5032 
-477 62 -2 -477.659 62.716 -2.86006 125.388 203.053 194.741 203.053 452.475 293.65 194.741 293.65 347.947 
-511 52 -2 -511.507 52.2301 -2.45291 52.8856 58.7189 -445.216 58.7189 128.192 -177.552 -445.216 -177.552 8555.89 
-451 59 -3 -451.434 59.438 -3.8474 32.5854 -9.51625 241.503 -9.51625 82.5922 -528.048 241.503 -528.048 4828.31 
-458 65 -2 -458.446 65.4312 -2.74165 2593.64 -1828.28 1205.57 -1828.28 1296.37 -857.753 1205.57 -857.753 610.408 
-452 60 -3 -452.736 60.4795 -3.67656 699.865 980.933 -4622.06 980.933 1701.96 -7537.06 -4622.06 -7537.06 34541 
-460 52 1 -460.521 52.7187 1.65989 253.403 -683.847 -145.946 -683.847 4707.65 800.243 -145.946 800.243 204.186 
-460 60 -2 -460.874 60.1878 -2.50214 408.953 181.609 39.8781 181.609 128.472 31.0803 39.8781 31.0803 28.0751 
-530 73 3 -530.644 73.3085 3.65971 1394.51 -2338.94 -305.716 -2338.94 4054.75 502.679 -305.716 502.679 74.0882 
-458 51 -4 -458.587 51.404 -4.71085 10.6748 -5.28887 48.8213 -5.28887 22.3278 -106.292 48.8213 -106.292 2657.99 
-461 60 3 -461.639 60.3073 3.70909 513.575 1008.94 189.871 1008.94 3457.37 510.07 189.871 510.07 104.187 
-525 51 1 -525.879 51.4147 1.4928 682.44 -235.517 -139.493 -235.517 107.557 52.8575 -139.493 52.8575 48.7877 
-517 61 0 -517.309 61.6205 -0.037591 321.637 601.386 -106.502 601.386 1238.33 -211.127 -106.502 -211.127 38.5122 
-472 51 5 -472.017 51.923 5.36583 16781.1 -1505.02 42.1493 -1505.02 1064.96 17.3825 42.1493 17.3825 17.5207 
-510 59 -1 -510.58 59.5427 -1.28318 31.4123 20.0392 5.39731 20.0392 54.5557 -65.4572 5.39731 -65.4572 150.244 
-512 53 -2 -512.516 53.7846 -2.31528 20.3905 49.8865 -128.545 49.8865 176.48 -422.487 -128.545 -422.487 5769.12 
-495 61 -1 -495.179 61.4891 -1.42062 465.89 86.6757 117.718 86.6757 144.468 -843.175 117.718 -843.175 6183.82 
-470 56 -1 -470.546 56.1758 -1.38909 1359.43 813.522 -582.062 813.522 3431.55 -208.839 -582.062 -208.839 263.776 
-451 51 13 -451.873 51.1547 13.1666 968.906 251.681 -2044.05 251.681 1094.65 656.605 -2044.05 656.605 6330.4 
-480 58 2 -480.79 58.1581 2.5549 35.1284 39.297 7.87854 39.297 160.531 33.0816 7.87854 33.0816 17.3138 
-483 50 -3 -483.427 50.474 -3.58624 8.96987 -5.74468 51.0577 -5.74468 37.6621 -127.92 51.0577 -127.92 1110.26 
-463 56 -4 -463.239 56.4658 -4.20758 50.2047 51.1024 -248.085 51.1024 99.6096 -515.774 -248.085 -515.774 3006.5 
-507 52 -1 -507.82 52.5759 -1.54439 28.6874 -12.4839 14.8388 -12.4839 152.091 -71.2635 14.8388 -71.2635 43.1427 
-526 50 -1 -526.331 50.481 -1.95697 423.143 -382.086 1699.18 -382.086 362.837 -1610.71 1699.18 -1610.71 8027.71 
-495 68 0 -495.462 68.8359 -0.00383246 209.088 231.461 -43.3067 231.461 282.282 -52.9463 -43.3067 -52.9463 11.858 
-458 66 -2 -458.347 66.2191 -2.37906 104.756 -58.1162 -87.9468 -58.1162 122.673 30.8995 -87.9468 30.8995 88.2484 
-543 50 -1 -543.474 50.4555 -1.19141 88.2004 -35.539 544.323 -35.539 42.9382 -261.273 544.323 -261.273 3809.78 
-466 53 -4 -466.578 53.706 -4.39573 53.6999 -61.5549 89.2573 -61.5549 107.662 -193.138 89.2573 -193.138 428.403 
-453 54 0 -453.334 54.6679 0.396884 730.459 -516.103 -120.112 -516.103 848.865 89.5882 -120.112 89.5882 27.6027 
-503 62 -1 -503.667 62.2483 -1.15432 31.4276 -26.938 29.6982 -26.938 97.2658 -13.121 29.6982 -13.121 117.432 
-453 53 -4 -453.419 53.5112 -4.46834 27.8131 60.4229 -341.827 60.4229 380.485 -2062.65 -341.827 -2062.65 11558.2 
-456 54 -4 -456.445 54.3685 -4.38771 214.739 -460.451 471.431 -460.451 1063.12 -1110.69 471.431 -1110.69 1505.55 
-494 53 -2 -494.146 53.1129 -2.13271 336.847 -335.858 313.251 -335.858 482.955 -347.058 313.251 -347.058 448.843 
-518 59 -1 -518.442 59.6607 -1.03226 19.7066 -34.5751 151.288 -34.5751 281.685 -1153.72 151.288 -1153.72 13760.3 
-490 57 0 -490.53 57.2614 -0.0670745 265.178 130.305 -10.7825 130.305 1661.22 44.5492 -10.7825 44.5492 3.81699 
-477 52 -3 -477.626 52.4835 -3.88047 47.2441 -31.3212 142.14 -31.3212 30.5477 -98.3123 142.14 -98.3123 847.387 
-544 51 0 -544.48 51.4671 -0.916287 64.601 -60.3603 317.786 -60.3603 70.446 -332.757 317.786 -332.757 2217.02 
-530 51 -1 -530.592 51.499 -1.93064 18.682 27.37 -211.914 27.37 132.051 -1066.25 -211.914 -1066.25 9542.47 
-455 50 -4 -455.377 50.8485 -4.76055 46.0884 128.219 -501.401 128.219 646.949 -2875.45 -501.401 -2875.45 14433.1 
-526 51 0 -526.175 51.5167 -0.306025 137.981 -111.174 -11.975 -111.174 1548.09 206.851 -11.975 206.851 30.5759 
-518 54 0 -518.531 54.289 -0.476791 317.022 -77.5003 -2.83155 -77.5003 909.634 -126.168 -2.83155 -126.168 22.1812 
-474 53 -4 -474.236 53.5742 -4.0625 36.6467 -47.3764 375.556 -47.3764 146.307 -1066.58 375.556 -1066.58 8265.48 
-479 50 -3 -479.537 50.584 -3.8726 26.2499 2.7893 161.868 2.7893 13.6891 -32.1907 161.868 -32.1907 3074.04 
-533 51 7 -533.409 51.3426 7.49121 24.4323 -6.53229 25.0672 -6.53229 13.1102 -5.01835 25.0672 -5.01835 60.1397 
-500 52 -2 -500.667 52.2899 -2.0817 1145.85 -1236.14 -987.449 -1236.14 3324.97 523.11 -987.449 523.11 1098.58 
-495 69 0 -495.478 69.046 -0.0162428 129.989 773.072 40.2612 773.072 6776.1 253.795 40.2612 253.795 20.0413 
-503 57 0 -503.6 57.1598 0.3587 149.51 -17.7184 -11.0281 -17.7184 1125.75 -20.6797 -11.0281 -20.6797 2.62767 
-480 57 0 -480.451 57.5928 -0.378115 154.124 171.067 -14.0244 171.067 520.951 -66.4395 -14.0244 -66.4395 11.9604 
-526 58 0 -526.53 58.7931 -0.836195 299.766 -161.185 1079.2 -161.185 237.335 -882.163 1079.2 -882.163 4652.85 
-475 57 0 -475.267 57.4259 0.444925 261.169 659.63 17.8323 659.63 4051.8 119.995 17.8323 119.995 7.74401 
-522 59 0 -522.367 59.5549 -0.875124 27.3186 16.7491 4.73476 16.7491 57.0946 -120.374 4.73476 -120.374 465.118 
-456 57 8 -456.647 57.2582 8.3353 59.0831 -93.4754 11.4982 -93.4754 985.497 54.9464 11.4982 54.9464 28.7189 
-457 57 -3 -457.434 57.2055 -3.91864 45.541 69.5184 -57.2691 69.5184 299.178 -69.6373 -57.2691 -69.6373 122.398 
-525 50 10 -525.641 50.07 10.4096 153.266 -284.324 -56.5302 -284.324 958.495 136.506 -56.5302 136.506 48.9269 
-481 61 0 -481.549 61.4161 -0.228359 520.367 378.561 -124.229 378.561 999.312 197.246 -124.229 197.246 145.688 
-478 56 0 -478.89 56.0898 0.385318 756.213 93.4834 -23.3809 93.4834 1348.81 69.206 -23.3809 69.206 8.07296 
-525 61 0 -525.836 61.4372 0.422563 2790.04 -6296.13 590.678 -6296.13 14837.3 -1361.4 590.678 -1361.4 144.267 
-456 57 1 -456.439 57.2031 1.61372 11.028 -0.707397 -0.606246 -0.707397 45.4558 -11.5355 -0.606246 -11.5355 19.9697 
-455 55 0 -455.783 55.1758 -0.196924 174.176 -14.1349 12.3327 -14.1349 1632.08 176.686 12.3327 176.686 21.9134 
-456 57 0 -456.438 57.1895 0.244451 18.6014 8.25674 1.65293 8.25674 112.014 0.995949 1.65293 0.995949 2.83468 
-527 58 0 -527.736 58.7259 -0.791814 26.7028 -42.3275 293.592 -42.3275 228.973 -1304.3 293.592 -1304.3 8061.14 
-497 68 0 -497.235 68.4533 -0.605739 96.1451 -65.4219 282.697 -65.4219 267.557 -1131.1 282.697 -1131.1 4935.1 
-510 59 0 -510.765 59.8519 -0.667206 1102.46 -1476.13 -13.9761 -1476.13 2061.27 49.2153 -13.9761 49.2153 40.4575 
-472 75 4 -472.865 75.7975 4.37597 206.449 34.5986 -62.4226 34.5986 99.2968 -23.9708 -62.4226 -23.9708 33.8231 
-470 62 0 -470.843 62.6501 -0.707489 7127.11 10389.6 2138.52 10389.6 15245.3 3081.57 2138.52 3081.57 742.298 
-525 51 2 -525.839 51.3031 2.47157 395.574 -321.816 -89.7488 -321.816 413.913 57.0209 -89.7488 57.0209 38.859 
-481 57 13 -481.499 57.6221 13.7166 122.449 -16.1565 113.53 -16.1565 213.012 42.2886 113.53 42.2886 133.683 
-453 54 -1 -453.362 54.7662 -1.57504 11172.7 -14099.8 -1486.07 -14099.8 18428.6 1950.57 -1486.07 1950.57 236.577 
-525 51 4 -525.711 51.1794 4.51941 199.09 -218.996 -34.0171 -218.996 405.497 44.1612 -34.0171 44.1612 13.4903 
-489 53 -2 -489.65 53.5236 -2.69819 20.3732 -8.7966 16.7983 -8.7966 17.2247 -104.575 16.7983 -104.575 1772.09 
-537 58 0 -537.735 58.5554 -0.638773 106.282 -58.6881 496.28 -58.6881 162.532 -965.826 496.28 -965.826 6209.06 
-453 66 0 -453.757 66.3411 -0.596112 34958.9 -8944.41 -21348.3 -8944.41 2874.57 5306.11 -21348.3 5306.11 13156.2 
-491 53 4 -491.21 53.9375 4.26293 5085.06 -5771.59 -1408.93 -5771.59 7436.52 1709.29 -1408.93 1709.29 417.054 
-452 51 2 -452.335 51.2124 2.77175 785.476 -832.934 -22.3721 -832.934 981.483 13.5782 -22.3721 13.5782 24.1236 
-543 56 0 -543.226 56.4061 -0.59934 65.06 -35.0536 467.012 -35.0536 25.9533 -241.134 467.012 -241.134 4017.37 
-490 51 -2 -490.337 51.3892 -2.82317 122.639 -232.442 831.745 -232.442 510.957 -1969.48 831.745 -1969.48 8957.15 
-537 59 0 -537.425 59.5195 -0.491148 16.8957 -44.7036 243.921 -44.7036 256.649 -1253.56 243.921 -1253.56 6472.72 
-498 67 0 -498.27 67.2748 -0.421095 569.989 1130.09 6.86971 1130.09 2297.41 32.1766 6.86971 32.1766 18.7466 
-525 51 0 -525.925 51.3868 0.00784474 342.984 47.2453 16.6074 47.2453 24.4413 0.660567 16.6074 0.660567 4.41408 
-460 52 0 -460.476 52.7021 0.504782 801.276 -1123.64 49.4655 -1123.64 2159.51 -109.317 49.4655 -109.317 9.27051 
-456 57 3 -456.574 57.23 3.49075 10.2033 0.406335 -0.641189 0.406335 86.8657 -24.4012 -0.641189 -24.4012 19.0809 
-525 50 7 -525.732 50.6117 7.38712 560.812 -573.257 -123.621 -573.257 724.063 156.78 -123.621 156.78 53.0988 
-452 51 0 -452.133 51.2369 0.163344 294.318 -353.128 0.882835 -353.128 1650.08 -62.9287 0.882835 -62.9287 8.8907 
-507 52 6 -507.609 52.1197 6.44432 1174.72 -1011.78 -363.229 -1011.78 1045.94 281.615 -363.229 281.615 138.87 
-465 55 -3 -465.639 55.4088 -3.28255 8116.89 1505.96 1838.12 1505.96 302.842 368.15 1838.12 368.15 475.5 
-536 51 2 -536.561 51.4702 2.82293 100.821 -70.6917 752.752 -70.6917 136.53 -750.196 752.752 -750.196 6469.65 
-547 51 0 -547.864 51.1679 -0.20054 2172.64 -174.436 -341.143 -174.436 125.617 -93.0409 -341.143 -93.0409 242.36 
-525 50 6 -525.762 50.74 6.56579 379.624 -464.68 -49.5008 -464.68 664.407 79.4574 -49.5008 79.4574 26.8058 
-526 51 2 -526.129 51.2109 2.37898 166.747 502.45 84.6044 502.45 4969.15 1005.14 84.6044 1005.14 217.109 
-458 50 -4 -458.532 50.586 -4.87522 12.42 -5.89498 -25.9823 -5.89498 21.6281 17.7105 -25.9823 17.7105 482.391 
-462 59 -3 -462.436 59.5723 -3.84959 29.8059 -53.7675 224.398 -53.7675 170.003 -799.65 224.398 -799.65 4141.96 
-455 52 0 -455.605 52.4813 0.370623 445.184 -88.5169 -14.4827 -88.5169 656.873 -69.4433 -14.4827 -69.4433 17.5541 
-525 61 3 -525.774 61.3028 3.69604 638.603 -750.908 -225.68 -750.908 985.847 254.559 -225.68 254.559 95.3742 
-451 58 -3 -451.434 58.6537 -3.94814 42.0991 -77.9507 594.749 -77.9507 220.06 -1527.2 594.749 -1527.2 12038.9 
-455 57 -2 -455.886 57.4924 -2.64254 1037.68 -161.091 50.6453 -161.091 47.5497 -6.10318 50.6453 -6.10318 11.0043 
-508 52 2 -508.198 52.4553 2.46804 52.1336 37.3395 -0.511356 37.3395 164.171 29.7124 -0.511356 29.7124 21.4123 
-456 54 8 -456.25 54.7162 8.48312 340.283 37.0249 -91.6326 37.0249 198.887 62.7959 -91.6326 62.7959 58.7886 
-460 52 3 -460.659 52.6695 3.47304 257.131 -14.7456 -8.79619 -14.7456 1017.06 -47.2437 -8.79619 -47.2437 17.2757 
-516 57 -1 -516.545 57.3494 -1.62222 24.4058 18.1387 -79.0519 18.1387 1797.8 -5200.84 -79.0519 -5200.84 15672.4 
-489 50 1 -489.258 50.2818 1.6307 208.502 -294.749 -9.72034 -294.749 721.964 51.4367 -9.72034 51.4367 14.0698 
-507 52 1 -507.896 52.6622 1.26902 780.489 -570.03 -172.867 -570.03 762.855 191.352 -172.867 191.352 79.6886 
-475 57 1 -475.196 57.4447 1.52779 381.269 247.922 -24.0652 247.922 605.134 -23.6483 -24.0652 -23.6483 9.98505 
-453 54 1 -453.198 54.6205 1.53546 1668.4 -2657.35 -238.45 -2657.35 5687.84 502.966 -238.45 502.966 51.6098 
-508 51 11 -508.555 51.1848 11.5397 16.3129 -54.0718 -17.0381 -54.0718 1070.73 452.117 -17.0381 452.117 217.034 
-452 51 4 -452.171 51.1419 4.49623 8036.69 -99.8899 805.642 -99.8899 7997.22 980.375 805.642 980.375 211.76 
-481 58 1 -481.329 58.1295 1.52804 30.3398 23.0435 1.46935 23.0435 149.395 5.91595 1.46935 5.91595 11.7907 
-525 61 6 -525.705 61.1348 6.69706 7012.35 6983.82 2922.87 6983.82 7523.7 3006.62 2922.87 3006.62 1251.29 
-460 73 0 -460.082 73.5292 0.0713601 94.16 15.4335 -2.31713 15.4335 1237.26 22.7987 -2.31713 22.7987 3.1904 
-474 81 0 -474.53 81.6777 -0.443024 374.374 738.065 -195.912 738.065 1523.65 -408.618 -195.912 -408.618 118.781 
-538 50 1 -538.452 50.5074 1.39067 104.145 -136.875 131.196 -136.875 207.402 -191.539 131.196 -191.539 210.568 
-513 54 -2 -513.388 54.6407 -2.11892 30.0323 -17.3734 -241.805 -17.3734 93.282 51.5314 -241.805 51.5314 3327.44 
-460 52 -4 -460.362 52.5749 -4.43014 365.255 231.215 -158.859 231.215 166.144 -114.91 -158.859 -114.91 91.0263 
-507 52 5 -507.787 52.1316 5.34453 692.311 -1032.04 -248.178 -1032.04 2138.93 451.276 -248.178 451.276 107.509 
-535 50 1 -535.796 50.6496 1.56705 17.8647 -10.2032 -11.7372 -10.2032 362.364 269.842 -11.7372 269.842 246.577 
-506 58 -1 -506.342 58.4888 -1.49576 49.8364 36.0173 -66.1733 36.0173 50.0955 -95.0651 -66.1733 -95.0651 239.128 
-490 57 1 -490.312 57.2402 1.71144 8416.43 3666.06 -1122.97 3666.06 3511.53 -252.531 -1122.97 -252.531 190.101 
-470 68 2 -470.177 68.6532 2.66231 4818.28 -9598.99 -646.514 -9598.99 19802.9 1229.35 -646.514 1229.35 119.399 
-495 53 1 -495.91 53.93 1.60895 5433.88 -10873.6 -1375.78 -10873.6 25115 3333.91 -1375.78 3333.91 513.951 
-526 51 1 -526.19 51.3059 1.63625 459.722 -3391.61 1841.18 -3391.61 34297.8 -17679.7 1841.18 -17679.7 9271.44 
-470 62 1 -470.846 62.7572 1.78681 3145.24 -4126.38 134.49 -4126.38 18797.9 -390.861 134.49 -390.861 42.8612 
-450 50 -4 -450.599 50.4609 -4.76972 24.2722 -10.0188 13.3246 -10.0188 26.5101 -27.6162 13.3246 -27.6162 37.8652 
-547 50 2 -547.79 50.8706 2.46016 5165.96 -2054.26 -616.212 -2054.26 928.255 253.201 -616.212 253.201 80.2569 
-492 58 2 -492.164 58.9538 2.52025 498.654 -191.536 -80.2771 -191.536 8480.5 -390.718 -80.2771 -390.718 42.8673 
-470 62 2 -470.855 62.7272 2.58145 1622.79 -2684.49 -224.33 -2684.49 7137.54 600.325 -224.33 600.325 58.8342 
-525 61 2 -525.751 61.3827 2.57623 943.089 -1944.61 -353.724 -1944.61 4172.17 779.866 -353.724 779.866 157.816 
-480 54 2 -480.542 54.06 2.58264 4660.62 8169.48 -411.439 8169.48 16414.9 -491.333 -411.439 -491.333 84.1234 
-481 58 2 -481.409 58.1234 2.68268 152.556 41.6431 57.8958 41.6431 342.873 -101.239 57.8958 -101.239 85.6517 
-458 66 2 -458.519 66.137 2.62054 101.788 147.248 3.55188 147.248 1140.18 73.236 3.55188 73.236 22.9662 
-480 50 -3 -480.52 50.3856 -3.6027 14.8144 -8.45238 -4.75781 -8.45238 13.9128 4.59874 -4.75781 4.59874 16.8354 
-525 51 3 -525.77 51.2789 3.39421 508.834 -299.772 -0.834147 -299.772 244.519 8.83257 -0.834147 8.83257 17.7683 
-508 52 3 -508.184 52.2897 3.34223 94.513 90.7142 -2.97573 90.7142 305.023 19.0997 -2.97573 19.0997 12.3949 
-452 54 3 -452.861 54.3908 3.46465 882.014 65.6295 -214.946 65.6295 1981.32 104.328 -214.946 104.328 75.9859 
-458 65 3 -458.692 65.9564 3.56227 156.601 -302.578 -17.549 -302.578 1348.84 76.7365 -17.549 76.7365 14.7452 
-473 75 3 -473.181 75.7 3.32872 3064.21 -3198.11 -179.512 -3198.11 3493.29 218.249 -179.512 218.249 30.4612 
-547 50 3 -547.841 50.7759 3.49138 546.145 -173.252 -69.0462 -173.252 404.549 -91.4757 -69.0462 -91.4757 58.118 
-481 57 3 -481.107 57.9517 3.38333 673.282 1415.44 167.699 1415.44 10179.8 1274.33 167.699 1274.33 178.833 
-536 67 3 -536.401 67.5437 3.48991 61.9343 -94.6635 6.64471 -94.6635 305.203 -31.8092 6.64471 -31.8092 13.8141 
-507 52 3 -507.896 52.4216 3.35583 662.041 -689.575 -75.5124 -689.575 1011.32 170.264 -75.5124 170.264 92.833 
-472 52 2 -472.368 52.2644 2.39056 120.997 44.4052 -1.61381 44.4052 1094.18 41.6844 -1.61381 41.6844 24.2533 
-481 58 4 -481.346 58.1303 4.42034 2231.98 4551.07 -945.027 4551.07 9801.69 -2093.6 -945.027 -2093.6 467.843 
-480 58 7 -480.698 58.0634 7.28022 164.728 -185.78 71.3859 -185.78 3949.73 222.417 71.3859 222.417 81.2043 
-489 57 4 -489.838 57.0639 4.53354 5672.98 -3309.8 -3904.6 -3309.8 2765.8 2273.79 -3904.6 2273.79 2702.97 
-508 52 4 -508.209 52.1943 4.47992 125.228 76.1053 15.6303 76.1053 261.389 62.9797 15.6303 62.9797 24.5469 
-456 57 4 -456.775 57.2989 4.4649 102.689 125.618 -22.9925 125.618 214.148 -18.9777 -22.9925 -18.9777 15.9188 
-457 51 -4 -457.532 51.6918 -4.70491 26.5627 -44.125 -260.256 -44.125 119.987 683.543 -260.256 683.543 8932.65 
-481 57 4 -481.116 57.9319 4.28541 142.024 24.4866 8.98535 24.4866 976.09 -26.4311 8.98535 -26.4311 23.3246 
-456 55 5 -456.483 55.8894 5.74862 189.697 527.865 -4.01 527.865 3130.74 211.506 -4.01 211.506 81.5157 
-473 75 4 -473.118 75.6255 4.37138 184.417 -414.99 12.7636 -414.99 2749.03 -90.8658 12.7636 -90.8658 19.7781 
-481 58 5 -481.154 58.0763 5.84208 314.787 92.4717 218.838 92.4717 296.247 -57.3485 218.838 -57.3485 291.574 
-456 55 -3 -456.248 55.3985 -3.46525 3269.31 -1348.04 -388.931 -1348.04 1280.75 313.801 -388.931 313.801 82.9394 
-533 50 4 -533.467 50.5945 4.61747 73.5618 -87.9855 109.851 -87.9855 125.837 -145.106 109.851 -145.106 185.389 
-507 52 0 -507.86 52.8134 0.43315 726.77 -257.729 20.3271 -257.729 138.632 -20.201 20.3271 -20.201 15.2163 
-472 52 0 -472.61 52.4257 0.35703 255.581 -112.507 -26.7741 -112.507 237.562 23.7338 -26.7741 23.7338 8.46358 
-516 59 -1 -516.654 59.479 -1.08482 1053.72 -1842.69 2946.96 -1842.69 3300.36 -5117.45 2946.96 -5117.45 8748.06 
-526 50 5 -526.094 50.8317 5.56993 812.48 -96.392 49.4482 -96.392 933.096 152.937 49.4482 152.937 36.823 
-456 56 5 -456.44 56.1327 5.16605 127.235 -132.296 -55.2699 -132.296 307.766 101.034 -55.2699 101.034 102.798 
-456 57 5 -456.754 57.2679 5.38997 204.539 99.3793 -68.7803 99.3793 137.384 -24.493 -68.7803 -24.493 35.4475 
-458 66 5 -458.87 66.0261 5.57863 146.156 -515.251 22.0129 -515.251 4298.42 -110.209 22.0129 -110.209 10.8184 
-465 51 -4 -465.573 51.5369 -4.46141 16.5764 4.42714 -3.40214 4.42714 19.1571 8.78007 -3.40214 8.78007 17.9566 
-453 59 0 -453.397 59.62 -0.328574 2023.45 -829.12 -106.684 -829.12 3086.35 256.73 -106.684 256.73 25.7298 
-480 58 5 -480.76 58.1049 5.4419 279.887 307.79 0.81285 307.79 828.723 127.215 0.81285 127.215 53.3341 
-535 50 5 -535.511 50.4567 5.44668 269.508 -461.716 377.824 -461.716 806.12 -652.474 377.824 -652.474 585.747 
-480 57 5 -480.916 57.9549 5.54328 1102.03 477.307 144.043 477.307 1239.8 43.9224 144.043 43.9224 53.9246 
-525 61 5 -525.594 61.2479 5.75858 292.698 -572.822 5.92223 -572.822 1685.51 19.0542 5.92223 19.0542 23.7355 
-466 50 -4 -466.747 50.4939 -4.88073 31.8957 22.9347 16.1886 22.9347 46.6109 1.268 16.1886 1.268 442.129 
-456 55 6 -456.457 55.5827 6.48677 59.4594 1.11094 2.68418 1.11094 211.084 108.259 2.68418 108.259 65.6224 
-480 58 6 -480.583 58.0694 6.42905 2053.64 -2014.82 -156.337 -2014.82 2059.21 148.283 -156.337 148.283 23.9146 
-496 62 0 -496.712 62.9197 -0.620566 1716.45 -1888.08 -374.632 -1888.08 3864.85 214.833 -374.632 214.833 113.412 
-472 51 4 -472.15 51.9299 4.6689 798.261 -1248.53 -220.783 -1248.53 3506.14 714.131 -220.783 714.131 160.683 
-507 51 6 -507.804 51.8819 6.56948 96.9613 221.349 43.349 221.349 638.409 131.754 43.349 131.754 51.207 
-456 57 10 -456.554 57.33 10.2157 77.7712 18.9667 -38.8145 18.9667 96.7602 5.05205 -38.8145 5.05205 43.1665 
-480 58 1 -480.796 58.266 1.50891 256.764 389.049 -26.4286 389.049 706.327 -4.37953 -26.4286 -4.37953 20.2085 
-453 50 -4 -453.504 50.4088 -4.78057 12.5269 5.38462 -16.1986 5.38462 64.6014 -63.7635 -16.1986 -63.7635 283.923 
-542 56 0 -542.5 56.8707 -0.635079 44.539 -142.219 403.071 -142.219 520.552 -1413.23 403.071 -1413.23 4570.47 
-532 50 4 -532.569 50.5461 4.48582 76.488 26.4708 11.4176 26.4708 20.4824 -1.02581 11.4176 -1.02581 28.4948 
-456 57 9 -456.608 57.232 9.2513 9795.66 -10039.1 -425.176 -10039.1 10531.1 511.183 -425.176 511.183 66.3735 
-456 55 7 -456.361 55.1738 7.38564 55.0056 -12.5002 -13.275 -12.5002 145.19 22.7338 -13.275 22.7338 30.1476 
-456 57 7 -456.579 57.2747 7.50687 1292.28 -2402.75 29.2719 -2402.75 4838.52 -19.7187 29.2719 -19.7187 11.8808 
-492 66 0 -492.605 66.5215 -0.295838 336.542 452.858 -60.4719 452.858 707.17 -97.6504 -60.4719 -97.6504 17.6985 
-470 60 -3 -470.438 60.2854 -3.4411 22.7199 -11.6871 25.911 -11.6871 21.2348 -17.2394 25.911 -17.2394 98.5347 
-508 51 7 -508.096 51.8192 7.58108 7584.3 2547.28 328.136 2547.28 1131.12 153.108 328.136 153.108 29.5717 
-480 57 7 -480.818 57.931 7.39767 252.814 252.207 61.9993 252.207 1144.93 87.6809 61.9993 87.6809 47.3883 
-474 61 -3 -474.433 61.3654 -3.25917 28.3464 -51.5584 120.356 -51.5584 192.132 -451.661 120.356 -451.661 1136.14 
-495 69 7 -495.413 69.04 7.20105 191.582 -643.185 113.293 -643.185 2811.46 -376.571 113.293 -376.571 247.605 
-547 50 7 -547.824 50.4279 7.67889 320.342 -141.131 61.0159 -141.131 128.945 -14.2552 61.0159 -14.2552 30.439 
-488 53 -2 -488.371 53.5587 -2.8306 93.4698 -54.6785 507.33 -54.6785 51.707 -331.403 507.33 -331.403 3919.62 
-525 50 8 -525.7 50.5067 8.34026 158.707 -195.555 -6.87672 -195.555 321.712 15.0368 -6.87672 15.0368 8.50738 
-457 56 8 -457.397 56.3499 8.53747 146.373 204.242 124.079 204.242 1672.37 755.108 124.079 755.108 359.232 
-459 65 8 -459.271 65.9532 8.4644 1911.48 -2277.5 256.741 -2277.5 3535.42 -247.566 256.741 -247.566 50.9203 
-527 51 -1 -527.287 51.8551 -1.68149 9.70968 18.6194 -4.82061 18.6194 156.798 -13.656 -4.82061 -13.656 8.90639 
-547 50 9 -547.845 50.1672 9.36472 1395.77 -1788.35 -313.63 -1788.35 2612.13 451.534 -313.63 451.534 90.0937 
-456 57 2 -456.448 57.1382 2.44073 12.6239 1.6811 1.66633 1.6811 55.4487 -4.85487 1.66633 -4.85487 15.8784 
-455 54 9 -455.78 54.4963 9.56068 2684.2 -1524.27 -1050.16 -1524.27 876.75 593.152 -1050.16 593.152 420.919 
-456 54 9 -456.137 54.2752 9.51872 375.286 165.69 13.4504 165.69 424.217 178.345 13.4504 178.345 102.587 
-508 51 9 -508.224 51.5496 9.66858 807.427 -1449.39 -499.289 -1449.39 8515.42 2389.49 -499.289 2389.49 704.933 
-463 52 -4 -463.511 52.6297 -4.70661 134.699 82.007 -661.05 82.007 72.9324 -487.938 -661.05 -487.938 3687 
-508 51 10 -508.438 51.4698 10.5167 145.734 113.81 44.5232 113.81 627.03 214.548 44.5232 214.548 81.4556 
-480 57 10 -480.839 57.788 10.316 403.654 395.241 -114.953 395.241 514.267 -84.3281 -114.953 -84.3281 67.5487 
-474 53 -3 -474.52 53.9443 -3.79098 93.599 -231.535 266.249 -231.535 1729.7 -569.468 266.249 -569.468 882.966 
-457 64 -2 -457.349 64.6746 -2.49602 16.1307 52.2263 -2.24985 52.2263 546.118 -27.9125 -2.24985 -27.9125 27.0162 
-457 54 11 -457.784 54.7849 11.3006 599.744 851.453 580.031 851.453 1447.84 1009.16 580.031 1009.16 755.779 
-480 57 11 -480.571 57.7336 11.496 108.23 -126.546 -15.1253 -126.546 237.874 27.2716 -15.1253 27.2716 11.7214 
-453 51 12 -453.412 51.5559 12.1559 50.4476 -381.069 -432.16 -381.069 7691.13 7606.92 -432.16 7606.92 7737.59 
-536 67 4 -536.366 67.6301 4.55292 241.999 -260.663 83.8826 -260.663 305.096 -87.4823 83.8826 -87.4823 54.1894 
-480 57 12 -480.516 57.7459 12.4647 37.1987 -41.9925 7.522 -41.9925 677.031 -78.8452 7.522 -78.8452 24.1913 
-455 52 -3 -455.705 52.3435 -3.47054 363.883 343.218 -188.939 343.218 575.596 -214.31 -188.939 -214.31 115.976 
