-575 7 9 -575.561 7.28647 9.58165 23.5823 18.5153 16.0381 18.5153 41.0049 22.2536 16.0381 22.2536 57.9363 
-560 32 8 -560.714 32.3646 8.55829 941.677 -966.354 -740.304 -966.354 1171.94 1017.26 -740.304 1017.26 1018.03 
-575 6 8 -575.701 6.35421 8.63669 13.8027 2.13081 -13.5132 2.13081 27.9205 -3.08319 -13.5132 -3.08319 29.0283 
-555 36 1 -555.237 36.1647 1.68033 626.67 -111.628 -76.8556 -111.628 286.365 120.957 -76.8556 120.957 64.0183 
-566 43 3 -566.732 43.8139 3.53671 711.602 -474.5 -198.333 -474.5 1873.28 597.135 -198.333 597.135 245.29 
-559 43 7 -559.414 43.6713 7.65412 5639.62 -1346.38 -806.695 -1346.38 489.039 193.463 -806.695 193.463 127.254 
-559 1 0 -559.689 1.41647 0.327593 597.378 8.31317 -4.26761 8.31317 46.4567 -9.29899 -4.26761 -9.29899 4.90161 
-560 13 0 -560.654 13.8796 0.0364022 2709.96 -1464.32 163.663 -1464.32 840.129 -87.3937 163.663 -87.3937 31.7736 
-558 37 1 -558.819 37.8222 1.53412 423.83 -251.337 37.7047 -251.337 205.011 -29.9725 37.7047 -29.9725 20.8365 
-550 16 0 -550.41 16.4536 -0.031038 298.355 -951.59 -276.52 -951.59 3547.19 925.482 -276.52 925.482 265.976 
-562 26 -1 -562.463 26.6493 -1.98946 10.2597 9.3796 -87.7407 9.3796 42.0997 -159.783 -87.7407 -159.783 7421.18 
-574 6 6 -574.521 6.47487 6.66634 38.4397 1.18639 54.1179 1.18639 7.2245 1.19064 54.1179 1.19064 113.252 
-550 23 -2 -550.306 23.7066 -2.25569 64.0832 -45.8667 -15.7096 -45.8667 38.9088 54.0664 -15.7096 54.0664 3621.15 
-558 37 0 -558.801 37.8687 0.192102 2111.29 -1721.09 -68.0727 -1721.09 1499.29 59.4244 -68.0727 59.4244 5.91729 
-573 14 2 -573.134 14.4903 2.70406 4014.3 4419.56 -2851.35 4419.56 5118.68 -3288.14 -2851.35 -3288.14 2128.17 
-559 43 3 -559.537 43.8484 3.4982 364.569 -650.678 -9.40403 -650.678 1556.21 30.8252 -9.40403 30.8252 8.90967 
-559 33 -1 -559.522 33.7921 -1.36867 646.155 -1791.14 -952.093 -1791.14 5064.77 2424.5 -952.093 2424.5 3110.71 
-560 14 0 -560.614 14.2756 -0.245461 295.815 -4.55393 31.1258 -4.55393 45.2156 -5.53586 31.1258 -5.53586 6.75682 
-550 42 -1 -550.687 42.6253 -1.32189 275.404 99.4327 549.599 99.4327 97.0384 -71.4871 549.599 -71.4871 3075.33 
-556 35 -1 -556.473 35.5324 -1.32583 70.5176 -122.674 87.9757 -122.674 246.159 -272.886 87.9757 -272.886 7143.21 
-552 18 -2 -552.241 18.512 -2.02824 3353.66 4098.69 -286.474 4098.69 5109.61 -195.055 -286.474 -195.055 39705.9 
-550 47 1 -550.175 47.2412 1.38544 256.615 -123.819 -6.09575 -123.819 94.7369 -6.71929 -6.09575 -6.71929 30.2171 
-550 47 0 -550.288 47.2488 -0.163879 34.5648 -37.5982 -4.75868 -37.5982 70.2345 2.2437 -4.75868 2.2437 5.72628 
-552 31 -1 -552.739 31.8554 -1.94204 162.345 -1750.46 539.959 -1750.46 22806 -5915.84 539.959 -5915.84 3834.62 
-553 31 -1 -553.406 31.4131 -1.95633 155.752 139.596 82.3015 139.596 158.346 -278.246 82.3015 -278.246 12026.9 
-553 30 -1 -553.524 30.3434 -1.95563 113.349 -67.341 802.331 -67.341 50.4049 -531.927 802.331 -531.927 6996.73 
-555 32 4 -555.568 32.5477 4.85044 11.3318 3.59558 -0.545575 3.59558 25.0487 13.5653 -0.545575 13.5653 18.8801 
-559 4 0 -559.858 4.43216 0.664496 792.512 87.4537 -33.5349 87.4537 22.0571 -8.70788 -33.5349 -8.70788 18.1146 
-551 32 -1 -551.428 32.4055 -1.90746 21.3047 -27.6683 208.44 -27.6683 91.8883 -804.507 208.44 -804.507 9160.11 
-561 26 -1 -561.678 26.504 -1.98412 28.4801 -16.0235 -50.5233 -16.0235 21.6061 -124.404 -50.5233 -124.404 5761.24 
-559 37 4 -559.314 37.4463 4.6218 31.1655 -9.24847 -13.727 -9.24847 47.6183 5.88239 -13.727 5.88239 12.8374 
-559 33 3 -559.814 33.4145 3.74702 2663.31 -327.612 422.659 -327.612 103.78 -161.489 422.659 -161.489 326.91 
-553 35 -1 -553.6 35.7042 -1.5588 42.2081 -45.3175 1.99464 -45.3175 170.057 -144.018 1.99464 -144.018 1208.94 
-552 37 -1 -552.374 37.3654 -1.49372 153.823 -6.61985 408.247 -6.61985 66.858 -319.597 408.247 -319.597 4370.09 
-551 25 -2 -551.715 25.2782 -2.26265 5699.62 7165.2 -45.3083 7165.2 9046.29 35.9463 -45.3083 35.9463 14730.7 
-555 36 0 -555.287 36.3294 -0.338497 401.704 -207.947 -31.4256 -207.947 363.048 59.41 -31.4256 59.41 12.0614 
-552 21 -2 -552.299 21.5511 -2.16806 890.244 325.227 75.2072 325.227 134.92 -155.91 75.2072 -155.91 11622.9 
-559 5 0 -559.929 5.60525 0.740792 999.584 93.9188 -130.48 93.9188 36.1638 -34.1118 -130.48 -34.1118 45.8728 
-550 47 2 -550.174 47.2436 2.35481 390.43 -191.554 -18.2392 -191.554 155.006 -0.19261 -18.2392 -0.19261 11.6749 
-556 34 6 -556.097 34.4647 6.31431 4090.89 -2100.19 295.043 -2100.19 1991.81 5.05408 295.043 5.05408 53.7954 
-558 34 -1 -558.527 34.4185 -1.38115 52.0857 -58.8064 -41.6922 -58.8064 97.0725 -237.353 -41.6922 -237.353 7876.8 
-560 32 -1 -560.351 32.2093 -1.63846 14.8018 -27.8203 196.023 -27.8203 172.775 -846.491 196.023 -846.491 4877.08 
-556 35 1 -556.282 35.5298 1.41276 3080.47 -1219.29 -332.37 -1219.29 608.343 149.023 -332.37 149.023 45.1531 
-575 7 7 -575.361 7.91464 7.1746 17.3941 -57.6551 -95.8442 -57.6551 2293.05 -2375.56 -95.8442 -2375.56 5014.53 
-559 26 -1 -559.497 26.8244 -1.95089 46.6413 -189.888 -194.859 -189.888 1297.75 -73.8911 -194.859 -73.8911 15832 
-552 19 -2 -552.593 19.3914 -2.11648 354.423 671.666 1854.25 671.666 1360.4 3595.33 1854.25 3595.33 10433.3 
-554 35 6 -554.664 35.7643 6.51537 3171.25 497.801 -850.625 497.801 763.848 -338.369 -850.625 -338.369 362.648 
-558 37 2 -558.838 37.7583 2.47854 2437.72 -393.394 311.284 -393.394 103.017 -45.763 311.284 -45.763 49.2443 
-550 16 -1 -550.383 16.3807 -1.48596 143.684 357.708 -250.384 357.708 1320.5 -996.365 -250.384 -996.365 783.296 
-558 32 4 -558.871 32.5724 4.5187 2565.07 -1286.54 1846.12 -1286.54 954.076 -1582.45 1846.12 -1582.45 2755.6 
-558 37 3 -558.873 37.6443 3.14926 18334.4 16866 9795.14 16866 15596.7 9055.04 9795.14 9055.04 5352.89 
-564 30 -1 -564.626 30.2854 -1.61859 96.8418 -233.872 -137.71 -233.872 684.755 -7.63706 -137.71 -7.63706 13889.3 
-570 41 1 -570.737 41.2733 1.38243 732.886 -995.329 -68.2688 -995.329 1496.36 311.037 -68.2688 311.037 394.78 
-556 33 -1 -556.563 33.5188 -1.61597 91.7042 -95.7953 632.976 -95.7953 118.15 -785.665 632.976 -785.665 5914.99 
-565 27 -1 -565.526 27.6551 -1.72732 64.8827 -17.7061 -64.9517 -17.7061 27.9254 -297.829 -64.9517 -297.829 14586.2 
-554 35 -1 -554.253 35.3045 -1.54743 39.5964 -16.211 -50.8662 -16.211 40.7043 -112.993 -50.8662 -112.993 1537.21 
-556 35 2 -556.184 35.3345 2.52239 869.722 107.036 -14.2657 107.036 613.846 61.0252 -14.2657 61.0252 23.4763 
-552 41 -1 -552.428 41.508 -1.39492 17.0992 -28.7175 149.422 -28.7175 102.403 -468.037 149.422 -468.037 2522.94 
-550 32 -1 -550.437 32.6019 -1.91724 17.7348 -18.8405 75.3212 -18.8405 45.6551 -329.704 75.3212 -329.704 4142 
-558 34 8 -558.899 34.4901 8.42709 2530.12 223.418 -1124.51 223.418 51.9342 -25.3173 -1124.51 -25.3173 946.723 
-560 33 -1 -560.496 33.3855 -1.40736 127.699 -243.365 24.8921 -243.365 515.271 -216.532 24.8921 -216.532 1507.86 
-550 47 3 -550.204 47.1432 3.44815 605.584 -466.702 -85.9523 -466.702 555.642 56.0555 -85.9523 56.0555 23.7337 
-558 44 0 -558.306 44.5522 -0.279492 69.909 -42.7368 351.761 -42.7368 39.1797 -257.882 351.761 -257.882 2124.11 
-555 33 7 -555.752 33.2618 7.58643 5072.14 3634.05 5857.08 3634.05 3555.03 6608.53 5857.08 6608.53 13037.9 
-559 2 0 -559.782 2.69387 0.186476 867.364 60.8737 -39.0612 60.8737 14.2709 -6.68364 -39.0612 -6.68364 6.91353 
-551 24 -2 -551.207 24.8683 -2.26084 14810.3 17679.1 -226.334 17679.1 21196.7 189.116 -226.334 189.116 35966.2 
-570 41 2 -570.921 41.2013 2.43074 1467.38 -683.605 -124.251 -683.605 440.067 76.8985 -124.251 76.8985 27.6652 
-559 43 2 -559.5 43.923 2.50609 365.175 -281.243 -62.1582 -281.243 435.089 59.1236 -62.1582 59.1236 29.2617 
-552 25 -2 -552.454 25.7987 -2.26506 45.0532 73.711 320.69 73.711 169.147 496.389 320.69 496.389 9901.07 
-550 24 -2 -550.637 24.326 -2.25692 75.4863 79.8772 362.931 79.8772 112.672 403.546 362.931 403.546 11931.9 
-556 34 4 -556.134 34.7591 4.45024 249.631 -0.531806 -30.88 -0.531806 34.1524 14.6853 -30.88 14.6853 24.7975 
-555 35 3 -555.086 35.9371 3.48712 5822.64 -7651.95 -1541.62 -7651.95 12248.9 2206.16 -1541.62 2206.16 456.035 
-560 6 0 -560.023 6.71585 0.75807 6488.75 189.02 -213.111 189.02 14.4989 -10.2517 -213.111 -10.2517 55.9343 
-559 37 3 -559.267 37.4247 3.40183 157.598 -128.896 18.3545 -128.896 123.614 -20.9414 18.3545 -20.9414 14.8818 
-553 26 -2 -553.301 26.4627 -2.2725 1743.21 3469.6 -201.028 3469.6 6963.62 -118.586 -201.028 -118.586 9954.88 
-559 36 3 -559.667 36.7468 3.42058 869.065 -718.019 -650.222 -718.019 650.24 577.668 -650.222 577.668 527.487 
-571 38 7 -571.264 38.5237 7.40359 5508.29 -3097.7 -2818.02 -3097.7 1861.83 1673.11 -2818.02 1673.11 1520.79 
-551 23 -2 -551.663 23.2715 -2.19894 52.1375 8.87986 453.876 8.87986 56.6139 464.573 453.876 464.573 7603.11 
-559 34 4 -559.602 34.6447 4.02356 2485.3 765.918 -3296.26 765.918 869.413 -2098.46 -3296.26 -2098.46 7203.43 
-556 34 7 -556.096 34.1399 7.24214 11162.8 5169.29 758.089 5169.29 2594.7 381.705 758.089 381.705 70.1463 
-550 47 4 -550.243 47.1204 4.70286 221.198 -330.32 -3.10081 -330.32 809.92 -3.73755 -3.10081 -3.73755 9.92624 
-559 37 5 -559.215 37.344 5.15391 151.884 -35.1272 121.889 -35.1272 44.0746 -23.1822 121.889 -23.1822 131.906 
-554 49 7 -554.846 49.7829 7.45478 3731.2 -3574.56 -275.994 -3574.56 3549.88 264.007 -275.994 264.007 32.9815 
-565 28 -1 -565.711 28.4275 -1.70813 27.9333 1.10721 -52.8714 1.10721 31.5636 -468.764 -52.8714 -468.764 21154.8 
-575 8 5 -575.411 8.29621 5.58957 319.929 890.608 -522.022 890.608 3120.6 -1846.2 -522.022 -1846.2 1115.89 
-559 36 5 -559.312 36.4801 5.65282 488.174 -117.865 -131.388 -117.865 133.331 178.033 -131.388 178.033 275.014 
-559 36 7 -559.326 36.5559 7.44877 218.926 53.6817 126.749 53.6817 30.7112 40.9064 126.749 40.9064 89.4319 
-575 7 6 -575.51 7.88128 6.68826 121.391 99.4226 33.1828 99.4226 199.605 9.00442 33.1828 9.00442 17.2201 
-559 37 6 -559.549 37.2211 6.40458 99.8348 28.2779 -14.0746 28.2779 46.0871 -6.85027 -14.0746 -6.85027 16.2382 
-559 3 0 -559.819 3.6358 0.626101 5744.79 213.659 -144.675 213.659 15.6028 -3.5511 -144.675 -3.5511 11.1832 
-574 7 7 -574.433 7.44175 7.19248 14.9128 0.495732 -21.2497 0.495732 8.20427 -5.01097 -21.2497 -5.01097 64.7025 
-576 8 7 -576.683 8.46584 7.07747 250.289 -39.5414 326.649 -39.5414 19.5103 -43.0827 326.649 -43.0827 586.885 
-576 4 7 -576.297 4.59113 7.4424 33.5149 -2.64366 34.1515 -2.64366 29.2039 1.5396 34.1515 1.5396 112.846 
-575 5 8 -575.491 5.687 8.54726 434.949 -732.86 436.855 -732.86 1291.17 -764.179 436.855 -764.179 459.211 
