1 -1 1 19.1528 -12.1273 10.9738 19.9447 1.65356 -10.9244 1.65356 2.56126 2.07334 -10.9244 2.07334 14.5477 
2 -1 1 21.3903 -13.1396 11.1209 0.238508 -0.164739 -0.22062 -0.164739 0.458321 0.199851 -0.22062 0.199851 2.21162 
-3 -1 1 -34.3154 -18.0461 12.1607 0.209041 0.0714331 0.0366662 0.0714331 0.897337 0.0705131 0.0366662 0.0705131 0.947398 
-4 -1 1 -43.2543 -18.6816 12.1345 0.201865 -0.0239416 -0.0481933 -0.0239416 1.17037 0.12921 -0.0481933 0.12921 0.565976 
-2 -2 1 -28.6565 -28.451 12.2712 0.793586 0.0708015 -0.340988 0.0708015 0.431256 0.423046 -0.340988 0.423046 1.66224 
-3 -2 1 -34.6597 -25.0834 12.5529 0.196574 -0.00957582 0.090189 -0.00957582 0.142109 -0.0156878 0.090189 -0.0156878 0.336764 
0 -3 1 1.07786 -34.2201 10.5532 1.06331 0.233043 -5.12472 0.233043 4.54119 3.98512 -5.12472 3.98512 33.8851 
1 0 1 15.6922 -1.88655 10.5431 0.599813 0.128518 0.356594 0.128518 0.118115 -0.0361376 0.356594 -0.0361376 5.18394 
-4 -3 1 -43.6703 -33.1278 12.5203 0.306826 0.112202 0.0829152 0.112202 0.156355 0.00569574 0.0829152 0.00569574 0.442633 
-3 -3 1 -34.7348 -34.7848 11.769 0.107489 0.0149424 0.0561224 0.0149424 0.158002 0.142179 0.0561224 0.142179 1.00707 
2 -2 1 24.8653 -26.43 12.1224 613.495 21.1995 0.0093012 21.1995 2.07056 0.324683 0.0093012 0.324683 0.759739 
-3 -4 1 -37.2155 -40.7444 11.9382 0.3414 -0.840992 0.0708421 -0.840992 8.59602 -0.279722 0.0708421 -0.279722 1.37501 
4 -1 0 41.0133 -14.4818 3.79697 60.8911 2.55251 -9.84232 2.55251 0.393741 -0.785887 -9.84232 -0.785887 2.2758 
1 -2 0 13.6419 -23.1602 4.43492 0.165787 0.0335118 -0.0740924 0.0335118 0.117558 -0.0500232 -0.0740924 -0.0500232 0.240622 
4 1 0 41.85 15.1528 0.0794133 0.376775 -0.0624012 -0.149863 -0.0624012 0.167897 0.415246 -0.149863 0.415246 8.84604 
3 0 0 36.8892 4.68582 0.400379 0.250383 0.097172 0.0782416 0.097172 0.16002 0.27574 0.0782416 0.27574 0.685913 
1 2 0 13.1712 24.689 -1.9589 0.177244 -0.0768422 -0.0852742 -0.0768422 0.279401 1.7962 -0.0852742 1.7962 20.4987 
-3 1 0 -34.5897 15.4886 -0.712496 0.165572 0.00958662 -0.19914 0.00958662 0.118594 -0.0736857 -0.19914 -0.0736857 1.48814 
1 -2 1 17.9016 -26.0727 11.3769 1.39007 0.265605 0.115075 0.265605 1.01315 -0.167001 0.115075 -0.167001 2.52259 
1 -3 0 13.362 -35.0881 3.19466 0.178644 -0.00558799 -0.0546089 -0.00558799 0.164673 0.0650391 -0.0546089 0.0650391 0.613727 
-1 3 0 -16.9554 33.7226 -1.35258 0.298915 0.128103 0.0932929 0.128103 0.213745 0.13642 0.0932929 0.13642 8.04156 
-3 0 0 -35.3895 0.374931 -0.579528 0.13131 0.0157364 0.0706345 0.0157364 0.0370053 0.0968433 0.0706345 0.0968433 4.7856 
-3 -2 0 -34.8913 -25.5809 4.34243 0.12454 -0.00817675 -0.0014717 -0.00817675 0.16018 -7.87527e-05 -0.0014717 -7.87527e-05 0.0976259 
-2 3 0 -24.8607 35.0525 -1.39817 0.119927 0.00178753 -0.0675123 0.00178753 0.136858 0.237823 -0.0675123 0.237823 12.8711 
-2 -3 0 -26.0946 -34.8549 0.622646 0.140834 0.0102444 0.0703751 0.0102444 0.161094 -0.00490705 0.0703751 -0.00490705 0.133161 
-3 -3 0 -34.8723 -34.0825 4.43701 0.11791 -0.0191885 0.00455696 -0.0191885 0.137094 -0.00777001 0.00455696 -0.00777001 0.0850572 
3 3 0 32.3443 37.514 -2.15791 16.841 -9.083 -1.41982 -9.083 5.18868 1.13005 -1.41982 1.13005 14.9719 
4 0 0 43.1589 -1.65902 3.21085 0.139531 -0.0439773 -0.0527751 -0.0439773 0.0569605 0.0507362 -0.0527751 0.0507362 0.156543 
2 1 0 24.002 15.5024 -1.31627 0.131161 0.0752961 -0.192984 0.0752961 0.175894 -0.148931 -0.192984 -0.148931 31.2423 
2 3 0 26.6068 32.3772 -1.88002 0.491613 0.599504 -5.01676 0.599504 0.965369 -6.55892 -5.01676 -6.55892 62.2622 
-4 -1 0 -44.6129 -14.3007 -1.16508 0.2344 0.181859 -3.20449 0.181859 0.445015 -4.9072 -3.20449 -4.9072 80.6176 
-4 2 0 -45.2532 24.9117 -1.44859 0.123371 -0.0114639 0.0399608 -0.0114639 0.11479 0.0134134 0.0399608 0.0134134 12.3361 
2 0 1 24.6969 -9.03601 10.6318 3.21656 -9.60972 6.27345 -9.60972 37.7236 -11.5391 6.27345 -11.5391 22.7282 
-3 2 0 -34.8084 24.2648 -0.844978 0.151292 -0.00686043 -0.137471 -0.00686043 0.131291 0.219876 -0.137471 0.219876 3.97854 
-4 -4 0 -47.0617 -43.6407 0.155121 0.13264 0.0151748 0.0253026 0.0151748 0.203464 -0.0863605 0.0253026 -0.0863605 0.142831 
0 2 0 -0.0767555 24.2324 -1.43945 0.0293785 -0.00592431 0.0242994 -0.00592431 0.147426 0.00569822 0.0242994 0.00569822 0.550928 
2 -2 0 21.6466 -22.0949 4.1881 0.435961 0.89612 0.656721 0.89612 2.63349 1.7653 0.656721 1.7653 1.33708 
2 0 0 22.2214 -4.57432 2.66195 0.233966 -0.0226439 -0.015152 -0.0226439 0.0470546 0.0485786 -0.015152 0.0485786 0.143184 
-2 2 0 -25.228 24.8697 -1.02564 0.127246 -0.00307962 0.123641 -0.00307962 0.128227 0.104169 0.123641 0.104169 6.04946 
-1 2 0 -15.0456 24.7638 -1.07668 0.118206 -0.00754978 -0.00200176 -0.00754978 0.131339 0.297396 -0.00200176 0.297396 7.25801 
-2 0 0 -24.9001 0.966826 -0.436381 0.131946 0.0040905 -0.187088 0.0040905 0.0328218 -0.171016 -0.187088 -0.171016 5.76308 
0 3 0 5.59603 34.3288 -2.69586 0.132749 0.107916 1.7025 0.107916 0.380872 3.70813 1.7025 3.70813 54.4349 
0 4 0 2.80495 45.3013 -3.10054 0.0794014 0.00561925 0.0900955 0.00561925 0.134849 0.0649138 0.0900955 0.0649138 4.35524 
1 4 0 13.6251 44.4209 -2.89807 0.791193 -0.584587 -1.59719 -0.584587 0.575339 1.36092 -1.59719 1.36092 8.22193 
2 -1 0 22.9372 -13.082 4.86309 0.189163 -0.0645024 0.00102867 -0.0645024 0.305784 -0.0336072 0.00102867 -0.0336072 0.183444 
-4 0 0 -43.3575 3.999 -0.844619 0.181383 0.00602362 -0.533093 0.00602362 0.0325344 -0.061433 -0.533093 -0.061433 6.08527 
-4 -2 1 -44.6569 -24.675 12.4686 0.154653 0.00325606 -0.0163987 0.00325606 0.135155 0.0287144 -0.0163987 0.0287144 0.324567 
1 -1 0 15.4836 -14.6159 4.12459 0.311221 -0.146599 -0.117125 -0.146599 0.207626 0.0352054 -0.117125 0.0352054 0.214903 
-1 1 0 -15.1141 15.1289 -0.828756 0.127507 0.0143997 0.278244 0.0143997 0.135348 0.314591 0.278244 0.314591 7.13827 
-2 -3 1 -28.7474 -34.2459 11.7326 2.2906 -0.152887 -0.0781828 -0.152887 0.150219 -0.0229741 -0.0781828 -0.0229741 0.934465 
-1 0 0 -14.8749 -0.442128 -0.151389 0.121795 0.00268136 -0.0480663 0.00268136 0.0310747 0.0462909 -0.0480663 0.0462909 0.569848 
-1 -3 0 -13.6443 -35.0195 0.393356 0.173254 0.00906991 -0.204429 0.00906991 0.109128 -0.0292447 -0.204429 -0.0292447 0.595512 
1 3 0 14.03 33.711 -2.22302 0.235252 0.0523377 -1.25476 0.0523377 0.218078 0.0866092 -1.25476 0.0866092 20.5443 
0 1 0 -0.754942 14.9547 -1.18597 0.0381446 0.0130583 0.302394 0.0130583 0.133121 0.343529 0.302394 0.343529 9.82663 
0 -2 0 0.0915936 -25.6421 3.44648 0.0507902 -0.0520385 -0.0394077 -0.0520385 0.206256 0.076142 -0.0394077 0.076142 0.197816 
-3 -1 0 -34.5035 -15.3552 0.208311 0.123724 -0.0216446 -0.00484275 -0.0216446 0.124268 0.0490714 -0.00484275 0.0490714 0.141296 
3 1 0 35.4523 14.6869 -0.685387 0.504043 -0.193782 -2.582 -0.193782 0.211076 1.15559 -2.582 1.15559 17.7595 
0 0 0 0.195912 0.323098 -0.473625 0.0345186 -0.00958828 -0.197814 -0.00958828 0.0492714 0.426429 -0.197814 0.426429 8.75332 
3 4 0 37.3532 45.0254 -2.66463 5.50173 -3.91788 -5.32662 -3.91788 3.06588 5.36464 -5.32662 5.36464 21.986 
-4 -3 0 -44.1409 -35.1589 3.82426 0.15388 -0.0707904 -0.0533096 -0.0707904 0.161243 0.0178094 -0.0533096 0.0178094 0.103859 
-2 1 0 -25.466 15.1489 -0.375156 0.124787 0.00245339 0.130154 0.00245339 0.108421 -0.00984687 0.130154 -0.00984687 0.780767 
-1 -4 0 -14.0858 -44.7187 -0.619842 0.201264 0.00779616 -0.319476 0.00779616 0.130282 -0.096261 -0.319476 -0.096261 1.20714 
-3 3 0 -35.0188 35.0655 -1.07003 0.131354 -0.0363284 0.0595668 -0.0363284 0.146299 -0.0784835 0.0595668 -0.0784835 3.84136 
3 2 0 36.5678 24.0352 -0.730433 0.149934 -0.0200445 0.228619 -0.0200445 0.167542 -0.258906 0.228619 -0.258906 1.71374 
0 -4 0 -4.10325 -45.1045 2.4964 0.0607886 0.00631561 -0.011667 0.00631561 0.117418 0.00941363 -0.011667 0.00941363 0.307739 
-4 1 0 -45.1843 14.6552 -1.08998 0.133233 0.0196799 0.000118931 0.0196799 0.13284 0.237636 0.000118931 0.237636 3.37168 
2 2 0 24.2257 25.5087 -1.66379 0.493274 -0.294705 -1.92869 -0.294705 0.341741 1.68277 -1.92869 1.68277 13.0018 
-2 -2 0 -26.098 -25.3728 1.35482 0.136643 0.0167351 0.0785062 0.0167351 0.160868 0.0384232 0.0785062 0.0384232 0.145262 
1 0 0 15.149 -1.80706 3.71624 0.168803 0.0320941 -0.00181555 0.0320941 0.0574822 0.0201688 -0.00181555 0.0201688 0.0974309 
-4 -2 0 -43.821 -26.4326 4.04207 0.153751 -0.000515167 -0.014222 -0.000515167 0.20217 -0.0136391 -0.014222 -0.0136391 0.0976877 
1 1 0 13.7899 14.8087 -1.25322 0.147407 0.0306693 0.768969 0.0306693 0.430595 5.46016 0.768969 5.46016 88.8002 
-1 -1 0 -14.7405 -14.6941 0.0646704 0.123742 -0.00889095 -0.0620766 -0.00889095 0.123459 -0.0757416 -0.0620766 -0.0757416 0.411304 
4 2 0 44.7289 25.5025 -0.422842 1.83983 -1.21318 -11.8344 -1.21318 0.94615 7.99533 -11.8344 7.99533 81.1645 
-4 3 0 -43.8031 34.6825 -0.524988 0.198115 -0.0886841 0.0320451 -0.0886841 0.269541 -0.305016 0.0320451 -0.305016 0.942816 
-2 -1 0 -25.3391 -14.5282 -0.386937 0.122288 -0.000641796 0.188082 -0.000641796 0.146473 -0.320462 0.188082 -0.320462 6.45395 
-3 -4 0 -35.2306 -44.5503 -1.40599 0.124182 0.00327664 0.0316176 0.00327664 0.150116 -0.0771711 0.0316176 -0.0771711 0.188318 
-3 4 0 -34.3936 44.0085 0.0893 0.177114 -0.128701 0.242648 -0.128701 0.319682 -0.412161 0.242648 -0.412161 1.21377 
-2 4 0 -27.0732 43.9393 -0.813946 0.297697 0.164931 -0.119348 0.164931 0.398867 -0.803391 -0.119348 -0.803391 2.55946 
4 3 0 47.5903 32.9009 -0.629732 4.46724 -3.44095 -22.586 -3.44095 2.93946 18.4261 -22.586 18.4261 120.898 
0 -1 0 0.00159867 -15.3213 0.25597 0.0444931 -0.011082 -0.16707 -0.011082 0.132358 0.191084 -0.16707 0.191084 1.88594 
-2 -4 0 -25.2983 -45.5829 -1.70521 0.129157 -0.0111788 0.0460666 -0.0111788 0.121387 0.0200247 0.0460666 0.0200247 2.25021 
0 -3 0 -3.33978 -34.687 3.21608 0.0486411 -0.00192688 -0.0169959 -0.00192688 0.126312 -0.0286892 -0.0169959 -0.0286892 0.217204 
0 -2 1 5.92856 -25.8631 10.5018 7.90925 -5.63752 6.11347 -5.63752 5.10832 -4.2518 6.11347 -4.2518 10.6837 
-1 -2 0 -15.0699 -25.254 -0.255398 0.118962 -0.00105066 -0.134591 -0.00105066 0.132717 0.201644 -0.134591 0.201644 3.88575 
