-1 -6 1 -17.3338 -66.4475 11.1992 0.633604 0.991906 0.0358629 0.991906 2.7171 -0.230123 0.0358629 -0.230123 0.974811 
0 -7 1 -7.17147 -75.668 11.238 0.292786 -0.155899 0.0874299 -0.155899 0.321658 0.0112747 0.0874299 0.0112747 1.56836 
1 -5 0 11.5519 -53.9837 1.52007 0.260319 0.0163172 -0.392841 0.0163172 0.116822 -0.266248 -0.392841 -0.266248 3.67086 
-1 -5 0 -13.2141 -55.0215 0.0478597 0.185201 0.000331963 -0.209871 0.000331963 0.123263 -0.00623035 -0.209871 -0.00623035 0.547435 
0 -7 0 -7.35335 -75.2944 4.27825 0.208334 -0.071413 0.00847855 -0.071413 0.172544 -0.00713912 0.00847855 -0.00713912 0.0909219 
0 -8 0 -6.76268 -81.2171 1.5583 1.42447 2.95701 -0.146995 2.95701 6.73924 -0.56327 -0.146995 -0.56327 0.274347 
-1 -7 1 -11.3803 -72.9648 11.422 4.79443 -1.43174 -0.727025 -1.43174 2.79861 0.269103 -0.727025 0.269103 1.02217 
-2 -9 0 -27.0862 -95.0993 -1.976 7.14474 65.5244 -8.55069 65.5244 887.822 139.609 -8.55069 139.609 280.572 
-2 -5 0 -24.9475 -56.0114 -1.05813 0.109105 0.005132 -0.0500568 0.005132 0.163172 0.0735361 -0.0500568 0.0735361 0.408596 
-4 -6 0 -43.928 -65.7456 -1.29684 0.113242 -0.0186229 -0.0569628 -0.0186229 0.157698 0.0170907 -0.0569628 0.0170907 0.190992 
-4 -7 0 -44.9105 -75.6018 -3.02187 0.109332 0.01273 0.0198395 0.01273 0.110281 0.110772 0.0198395 0.110772 0.824427 
-4 -9 0 -49.766 -90.5092 -1.98206 105.438 -31.0004 -6.56751 -31.0004 841.014 12.7469 -6.56751 12.7469 1.39527 
0 -5 0 -5.0049 -54.19 2.53885 0.0611782 -0.0281469 0.00156074 -0.0281469 0.152412 -0.0168163 0.00156074 -0.0168163 0.305548 
-3 -7 0 -34.7953 -76.3231 -3.01454 0.123101 -0.0134296 -0.0674338 -0.0134296 0.195197 0.260024 -0.0674338 0.260024 0.910645 
-1 -6 0 -15.6102 -66.4579 2.90536 0.120752 0.0116949 0.00594385 0.0116949 0.205919 0.0352622 0.00594385 0.0352622 0.0909866 
-3 -8 0 -35.4741 -82.0932 -1.56103 0.14513 -0.0560851 -0.0396089 -0.0560851 0.175021 0.043103 -0.0396089 0.043103 0.516826 
-2 -7 0 -26.0155 -74.8938 -3.4451 0.132252 -0.0195898 0.0926925 -0.0195898 0.147748 0.229765 0.0926925 0.229765 1.59543 
-3 -6 0 -37.1602 -64.2266 0.175878 0.213104 -0.0221192 0.0490781 -0.0221192 0.185458 -0.027732 0.0490781 -0.027732 0.0986129 
-2 -8 0 -26.5824 -81.7618 -1.48613 0.350521 0.24092 0.0344466 0.24092 0.520762 -0.101311 0.0344466 -0.101311 0.436723 
0 -6 0 -7.67385 -63.2835 1.63704 0.151713 0.031039 -0.065881 0.031039 0.20547 -0.0127349 -0.065881 -0.0127349 0.243276 
-2 -6 0 -23.3464 -64.7504 -1.41155 0.16 0.00859295 -0.102082 0.00859295 0.125433 -0.0127971 -0.102082 -0.0127971 0.175087 
-4 -8 0 -46.1055 -82.2946 -1.87882 0.109867 -0.0510275 0.00147992 -0.0510275 0.2048 -0.0241351 0.00147992 -0.0241351 0.582365 
-1 -8 0 -13.9571 -85.6257 -1.7871 0.312378 -0.0607844 -0.202465 -0.0607844 0.371884 0.234836 -0.202465 0.234836 0.98965 
-1 -7 0 -13.0194 -73.5268 2.26317 0.306408 0.103732 -0.114871 0.103732 0.219427 -0.060308 -0.114871 -0.060308 0.120166 
-3 -5 0 -34.2008 -55.6068 -2.34604 0.159432 0.014969 -0.263167 0.014969 0.130166 0.0215979 -0.263167 0.0215979 1.40442 
-4 -5 0 -45.8637 -55.378 -2.60829 0.118885 0.0080811 0.169638 0.0080811 0.136802 0.0727449 0.169638 0.0727449 1.95226 
