1 7 0 17.3228 75.1274 -3.43128 0.203961 0.0771176 0.098143 0.0771176 0.109484 0.27301 0.098143 0.27301 6.59246 
0 6 0 -1.68676 64.4572 -3.1739 0.0377363 0.0171052 -0.129717 0.0171052 0.084986 0.106327 -0.129717 0.106327 2.89455 
-1 6 0 -14.0871 66.8309 -3.60468 0.133578 0.0748157 0.039029 0.0748157 0.266424 0.151545 0.039029 0.151545 2.51523 
0 7 0 0.855803 77.2903 -3.71092 0.170058 -0.100176 1.01279 -0.100176 0.256982 -2.11372 1.01279 -2.11372 60.9979 
0 5 0 -0.0490993 55.0574 -3.32544 0.102822 -0.0214072 -0.993971 -0.0214072 0.123098 0.354872 -0.993971 0.354872 15.213 
-3 9 0 -33.6937 93.3817 -4.06439 1.68701 3.42829 -3.0984 3.42829 10.6382 -9.95229 -3.0984 -9.95229 13.5724 
2 7 0 23.1509 75.6116 -3.63208 31.6768 -23.2391 29.9476 -23.2391 18.6114 -8.14475 29.9476 -8.14475 181.833 
2 5 0 22.7715 56.5421 -3.40912 18.7504 3.57978 37.2973 3.57978 1.85287 14.2586 37.2973 14.2586 123.75 
-1 7 0 -14.327 72.8776 -3.50105 0.127184 -0.0437271 -0.382652 -0.0437271 0.157266 0.122214 -0.382652 0.122214 4.11391 
1 5 0 16.301 53.2146 -2.8333 0.440307 0.553324 -1.69938 0.553324 1.01317 -4.90424 -1.69938 -4.90424 38.2859 
