-6 2 0 -63.3659 22.5725 0.213264 1.55701 -0.484678 0.502534 -0.484678 0.510542 -0.0575563 0.502534 -0.0575563 0.392041 
-7 -4 0 -75.8696 -45.7376 -0.286728 29.9018 -0.614667 -3.42329 -0.614667 0.137665 -0.0820832 -3.42329 -0.0820832 2.82962 
-7 1 0 -73.1982 17.5337 -2.05754 14.8446 12.2802 12.0223 12.2802 14.5067 11.1454 12.0223 11.1454 17.7495 
-5 0 0 -55.255 -4.17683 3.0656 0.271751 -0.00552958 0.0165988 -0.00552958 0.0686403 0.0444048 0.0165988 0.0444048 0.114765 
-6 0 0 -62.1148 -6.53894 1.62277 0.629629 0.0287413 -0.0984104 0.0287413 0.080639 0.0564583 -0.0984104 0.0564583 0.23526 
-5 -1 0 -54.9013 -15.3999 -1.20835 0.126855 0.0276191 -0.0161704 0.0276191 0.237684 -0.258367 -0.0161704 -0.258367 0.498201 
-6 1 0 -66.5877 13.691 -1.7979 0.461008 0.397001 0.944591 0.397001 0.580587 1.07609 0.944591 1.07609 3.65895 
-11 0 0 -115.956 2.58091 -5.03162 0.126087 0.024593 -0.81488 0.024593 0.173624 -2.36382 -0.81488 -2.36382 45.3825 
-9 4 0 -92.4655 42.9907 -0.810568 0.261259 -0.242811 -0.0696261 -0.242811 0.529393 0.0877336 -0.0696261 0.0877336 0.253351 
-8 0 0 -86.909 0.400908 -3.66315 1.28732 0.317851 -7.99734 0.317851 0.147511 -2.25059 -7.99734 -2.25059 56.454 
-8 -2 0 -85.9468 -26.3319 2.10396 0.316696 0.237238 -0.0926514 0.237238 0.350445 -0.0325593 -0.0926514 -0.0325593 0.149539 
-7 -2 0 -76.3733 -28.4237 1.39403 0.484568 0.0737344 -0.102195 0.0737344 1.16995 0.0297033 -0.102195 0.0297033 0.124032 
-9 -3 0 -96.7751 -34.9906 1.72294 0.304079 0.269954 0.0390855 0.269954 0.397789 0.0692027 0.0390855 0.0692027 0.123406 
-12 -1 0 -125.63 -14.2006 -5.45419 0.15057 -0.00211912 0.133751 -0.00211912 0.170405 -0.241087 0.133751 -0.241087 1.41112 
-10 -1 0 -104.733 -14.4884 -5.71158 0.514094 -0.0449951 -3.47162 -0.0449951 0.265083 -2.55437 -3.47162 -2.55437 72.4022 
-11 -1 0 -116.606 -16.0872 -5.91669 0.19939 0.0418802 1.18747 0.0418802 0.362642 -4.00907 1.18747 -4.00907 91.9675 
-12 -4 0 -125.52 -44.9733 -6.25475 0.193854 -0.0243302 -2.61593 -0.0243302 0.136538 1.21621 -2.61593 1.21621 124.465 
-14 -1 0 -145.241 -14.9442 -6.50801 0.118372 0.00799634 -0.189954 0.00799634 0.13147 -0.38749 -0.189954 -0.38749 12.7679 
-12 2 0 -126.156 27.0924 -3.3052 0.152192 -0.0118601 0.0354909 -0.0118601 0.149774 -0.0475103 0.0354909 -0.0475103 0.0931022 
-14 -2 0 -145.081 -25.0658 -6.74486 0.161624 -0.00627411 -1.35485 -0.00627411 0.118844 0.0741498 -1.35485 0.0741498 42.9808 
-13 0 0 -135.323 -1.65865 -4.35821 0.103842 -0.0199464 -0.0260505 -0.0199464 0.0403686 0.0323127 -0.0260505 0.0323127 0.305915 
-10 -2 0 -106.385 -25.1724 -6.17721 0.594519 0.299304 -5.78033 0.299304 0.32833 -4.68951 -5.78033 -4.68951 115.18 
-14 -4 0 -144.875 -44.9395 -5.7459 0.128284 -0.0213903 -0.0607474 -0.0213903 0.162484 -0.0151633 -0.0607474 -0.0151633 0.487829 
-10 -3 0 -103.584 -35.7437 -1.68594 0.403037 -0.179971 -0.188227 -0.179971 0.258535 0.11594 -0.188227 0.11594 0.183837 
-5 2 0 -54.1225 24.998 -0.354935 0.255714 -0.0244703 0.0881867 -0.0244703 0.238105 -0.0739121 0.0881867 -0.0739121 0.548012 
-10 -4 0 -105.647 -46.392 -1.67399 0.555055 -0.0994793 -0.318477 -0.0994793 0.175445 0.138186 -0.318477 0.138186 0.320791 
-10 2 0 -107.092 25.6294 -1.86015 5.03178 2.03901 0.535046 2.03901 0.906168 0.209067 0.535046 0.209067 0.127412 
-13 -3 0 -134.095 -36.601 -4.73073 0.191844 0.0134887 -0.0714779 0.0134887 0.169587 0.107859 -0.0714779 0.107859 0.28689 
-12 0 0 -125.725 -0.177107 -3.68618 0.166899 -0.00982025 0.0247509 -0.00982025 0.0535494 -0.0330458 0.0247509 -0.0330458 0.25035 
-9 0 0 -96.7883 -3.44422 -4.44659 0.209585 -0.0342079 0.0182449 -0.0342079 0.0477114 -0.0358849 0.0182449 -0.0358849 1.19516 
-12 -2 0 -125.306 -25.1667 -5.95888 0.120764 -0.0545284 0.0779768 -0.0545284 0.159349 0.0772281 0.0779768 0.0772281 2.05665 
-12 4 0 -124.159 44.4414 -4.00724 0.202204 -0.00164475 -0.344821 -0.00164475 0.179312 -0.322744 -0.344821 -0.322744 2.83628 
-14 -3 0 -144.465 -34.321 -5.82853 0.153565 0.00215861 -0.0999764 0.00215861 0.157509 -0.100867 -0.0999764 -0.100867 0.495078 
-12 -3 0 -125.726 -35.3547 -6.25932 0.122883 0.0222754 -0.407834 0.0222754 0.124693 -0.939247 -0.407834 -0.939247 99.8934 
-13 4 0 -134.537 43.5302 -2.3085 0.442341 0.220213 -0.137372 0.220213 0.362578 -0.00843426 -0.137372 -0.00843426 0.28012 
-14 1 0 -145.003 14.8931 -5.19633 0.120566 -0.00169681 -0.0342721 -0.00169681 0.148665 0.0254182 -0.0342721 0.0254182 1.20453 
-5 -4 0 -51.7402 -44.7096 0.822018 0.721416 -0.0673358 -0.0789306 -0.0673358 0.19952 -0.0486667 -0.0789306 -0.0486667 0.142999 
-13 -4 0 -134.568 -44.0583 -5.84951 0.150041 -0.00252538 -0.0867532 -0.00252538 0.138869 -0.151933 -0.0867532 -0.151933 0.684174 
-11 -3 0 -116.139 -37.075 -6.00791 0.101805 0.0504612 0.151795 0.0504612 0.483169 0.497274 0.151795 0.497274 1.48614 
-14 0 0 -144.725 -0.498902 -5.52247 0.123962 0.00697884 -0.118269 0.00697884 0.0328602 0.0100624 -0.118269 0.0100624 0.711414 
-13 1 0 -135.549 14.5294 -5.00522 0.139714 -0.00127698 -0.0595756 -0.00127698 0.150448 -0.0132218 -0.0595756 -0.0132218 1.17679 
-11 3 0 -115.731 34.253 -4.06531 0.110614 0.0476448 -0.212567 0.0476448 0.45272 -1.62684 -0.212567 -1.62684 8.36403 
-14 2 0 -145.102 24.6011 -5.58036 0.106694 0.00439174 -0.401658 0.00439174 0.119026 -0.154835 -0.401658 -0.154835 32.0071 
-13 2 0 -135.114 26.0941 -5.09832 0.124051 -0.0270309 -0.0587663 -0.0270309 0.1564 -0.0589963 -0.0587663 -0.0589963 0.421833 
-5 -2 0 -51.5866 -25.401 3.91494 1.06723 0.122017 0.0369956 0.122017 0.417268 0.19527 0.0369956 0.19527 0.177223 
-11 -4 0 -114.446 -46.6258 -5.98386 0.226169 -0.209925 -2.99748 -0.209925 0.44296 4.71716 -2.99748 4.71716 73.2329 
-11 2 0 -117.258 29.2877 -5.154 0.845559 -3.50107 12.2652 -3.50107 25.3329 -75.9364 12.2652 -75.9364 284.654 
-13 3 0 -135.18 33.8271 -3.42943 0.209101 0.0303191 -0.131546 0.0303191 0.163025 0.0189989 -0.131546 0.0189989 0.235116 
-10 0 0 -104.914 -1.22616 -4.87517 0.336929 0.14566 -0.489261 0.14566 0.130999 -0.340178 -0.489261 -0.340178 2.32891 
-7 -3 0 -75.0097 -33.1121 1.79605 0.111041 0.00226079 -0.00223371 0.00226079 0.287244 -0.178228 -0.00223371 -0.178228 0.247636 
-13 -2 0 -135.022 -24.9975 -6.31696 0.307496 0.106922 -4.72063 0.106922 0.181107 -2.70244 -4.72063 -2.70244 118.771 
-8 -3 0 -87.5814 -37.2363 2.2285 0.353071 -0.182131 -0.00483378 -0.182131 0.25312 0.00633572 -0.00483378 0.00633572 0.173229 
-10 3 0 -107.96 35.1839 -3.93317 0.597342 -0.300183 0.853925 -0.300183 0.540454 -1.08402 0.853925 -1.08402 3.0577 
-14 4 0 -144.464 42.3457 -5.25474 0.141186 -0.0561788 -1.49497 -0.0561788 0.513613 -1.93406 -1.49497 -1.93406 99.243 
-12 3 0 -125.815 33.9123 -2.26005 0.170946 0.0102265 0.095579 0.0102265 0.165209 0.0946687 0.095579 0.0946687 0.206241 
-12 1 0 -125.744 15.719 -4.25312 0.167574 -0.00241708 -0.236291 -0.00241708 0.107906 0.0297301 -0.236291 0.0297301 1.16164 
-8 4 0 -89.3782 44.663 -2.70688 6.48668 -2.6172 1.19363 -2.6172 1.7966 0.16462 1.19363 0.16462 1.69735 
-9 3 0 -94.9603 38.6812 -0.866151 1.2724 -0.305213 0.0462709 -0.305213 2.73871 -0.277174 0.0462709 -0.277174 0.316177 
-13 -1 0 -135.301 -15.0639 -6.07883 0.303325 0.115942 -4.24915 0.115942 0.182295 -2.6833 -4.24915 -2.6833 111.222 
-5 -3 0 -53.3069 -34.8809 1.40069 0.178631 0.0280823 0.0142771 0.0280823 0.253838 0.00545186 0.0142771 0.00545186 0.147502 
-5 1 0 -52.2958 14.1207 -0.957684 0.260748 -0.0723983 -0.321333 -0.0723983 0.168479 0.257935 -0.321333 0.257935 1.42539 
-14 3 0 -145.151 34.2489 -5.43914 0.118962 0.044288 -1.0097 0.044288 0.19029 -1.8459 -1.0097 -1.8459 97.4969 
-6 -3 0 -63.9866 -33.3016 1.99322 0.12834 0.0479229 0.0120828 0.0479229 0.413074 0.061457 0.0120828 0.061457 0.121832 
-6 -1 0 -62.0951 -11.9322 -0.0597408 0.786379 0.136462 -0.0365327 0.136462 0.326563 -0.225266 -0.0365327 -0.225266 0.317265 
-11 -2 0 -117.165 -25.1578 -6.16886 0.159801 -0.124701 1.80298 -0.124701 0.281134 -2.28978 1.80298 -2.28978 79.694 
-11 4 0 -116.598 44.3434 -2.93944 0.160796 0.00832702 -0.209728 0.00832702 0.170309 -0.0111075 -0.209728 -0.0111075 1.91572 
