-7 -5 0 -75.8804 -55.567 -0.774217 108.118 -3.02789 3.5227 -3.02789 0.193378 -0.112488 3.5227 -0.112488 1.29061 
-8 -5 0 -86.4803 -56.121 -1.23642 6.80309 1.97631 0.585549 1.97631 0.680743 0.114814 0.585549 0.114814 1.12354 
-5 -9 0 -52.3779 -90.896 -2.13806 0.242816 -0.0803187 0.096851 -0.0803187 1.6665 -0.604786 0.096851 -0.604786 1.55639 
-5 -6 0 -54.7706 -66.1787 -1.39534 0.105681 -0.00431379 0.0874905 -0.00431379 0.118708 -0.00832287 0.0874905 -0.00832287 0.607842 
-7 -6 0 -75.1247 -66.8472 -2.01724 0.186961 0.0710955 -0.104818 0.0710955 0.261557 -0.27523 -0.104818 -0.27523 0.794985 
-6 -7 0 -65.171 -75.3775 -0.70788 0.17654 -0.0814556 0.00465247 -0.0814556 0.154875 -0.00550118 0.00465247 -0.00550118 0.153762 
-8 -8 0 -84.8894 -83.1071 -2.54666 0.117253 0.0139606 0.0128028 0.0139606 0.157556 0.0685466 0.0128028 0.0685466 0.906658 
-9 -8 0 -95.1643 -82.9778 -2.60676 0.124516 0.00133375 -0.00431172 0.00133375 0.159954 0.0456143 -0.00431172 0.0456143 1.03334 
-5 -8 0 -55.0405 -82.7785 -1.16585 0.140066 0.0219438 0.0057505 0.0219438 0.176127 -0.0447583 0.0057505 -0.0447583 0.211972 
-6 -8 0 -65.8232 -81.98 -1.99854 0.153543 -0.0412738 0.0526586 -0.0412738 0.252383 -0.0300909 0.0526586 -0.0300909 0.348369 
-7 -8 0 -74.9669 -82.7285 -2.4926 0.129902 -0.0179469 -0.00530187 -0.0179469 0.159094 0.0817478 -0.00530187 0.0817478 0.949323 
-11 -9 0 -117.401 -90.5038 -3.85647 2.14791 -2.51456 0.395856 -2.51456 10.7579 -1.68363 0.395856 -1.68363 2.41423 
-8 -13 0 -85.9127 -132.245 -6.40574 0.307226 0.256459 0.522603 0.256459 0.46539 0.802671 0.522603 0.802671 2.18797 
-10 -6 0 -104.844 -65.0249 -3.26769 0.339518 0.184346 -0.458901 0.184346 0.23536 -0.319825 -0.458901 -0.319825 1.11989 
-8 -6 0 -85.376 -66.9245 -3.27199 0.135624 -0.0125546 0.0869417 -0.0125546 0.537937 -1.26464 0.0869417 -1.26464 4.56058 
-12 -13 0 -125.673 -134.801 -7.50757 0.820434 -0.14306 0.0258871 -0.14306 0.518941 0.372496 0.0258871 0.372496 2.40647 
-10 -10 0 -102.645 -104.36 -7.85452 1.50432 0.305569 -0.994204 0.305569 0.3045 -0.646593 -0.994204 -0.646593 3.87945 
-8 -11 0 -82.5479 -114.596 -1.01116 0.932978 -0.172255 0.0041295 -0.172255 0.429804 -0.00815149 0.0041295 -0.00815149 0.052533 
-7 -13 0 -79.1389 -132.084 -7.08902 97.5273 -43.2431 83.1005 -43.2431 22.0044 -34.2651 83.1005 -34.2651 83.1658 
-14 -11 0 -144.553 -114.985 -7.05108 0.153664 -0.00375945 -1.00496 -0.00375945 0.134673 -0.118279 -1.00496 -0.118279 103.558 
-14 -8 0 -144.845 -85.8078 -6.58255 0.183813 -0.0179951 -0.675122 -0.0179951 0.124558 0.221495 -0.675122 0.221495 6.71887 
-6 -6 0 -64.0346 -68.1217 -0.500044 0.182093 0.0365637 -0.0973474 0.0365637 0.402283 -0.0577033 -0.0973474 -0.0577033 0.203881 
-14 -10 0 -144.627 -104.485 -6.9946 0.127853 -0.00698872 -0.112988 -0.00698872 0.133156 -0.223639 -0.112988 -0.223639 3.10019 
-11 -11 0 -114.333 -113.421 -8.07989 0.398131 0.264802 1.50814 0.264802 0.472561 1.71057 1.50814 1.71057 12.0375 
-13 -5 0 -134.83 -55.2631 -6.26091 0.306391 -0.198241 -4.45634 -0.198241 0.344869 4.95237 -4.45634 4.95237 106.312 
-11 -5 0 -113.424 -55.937 -4.99901 0.144901 0.02009 -0.0509012 0.02009 0.125913 0.145124 -0.0509012 0.145124 1.0303 
-6 -5 0 -66.0388 -55.4566 1.75677 13.2136 19.4561 -1.351 19.4561 28.8264 -2.60771 -1.351 -2.60771 8.63022 
-11 -7 0 -114.53 -75.8658 -4.9635 0.148984 -0.00415212 -0.175301 -0.00415212 0.141982 0.259809 -0.175301 0.259809 1.98631 
-13 -14 0 -137.084 -143.744 -8.96938 0.275489 0.129697 1.56496 0.129697 0.576313 -2.04712 1.56496 -2.04712 58.5733 
-14 -5 0 -144.36 -55.8847 -4.37977 0.187657 0.0207172 -0.0609243 0.0207172 0.192767 0.071604 -0.0609243 0.071604 0.241844 
-9 -6 0 -95.6382 -67.5173 -2.79266 0.133027 -0.0487647 0.131417 -0.0487647 0.921823 -0.678198 0.131417 -0.678198 1.45583 
-9 -14 0 -93.6846 -147.886 -3.34617 46.6925 -2.81923 -2.17629 -2.81923 0.539616 0.0504553 -2.17629 0.0504553 0.178505 
-13 -9 0 -135.369 -94.5958 -5.35362 0.156845 -0.0133503 -0.0353657 -0.0133503 0.135794 -0.0278001 -0.0353657 -0.0278001 0.24613 
-9 -10 0 -94.3699 -105.353 -7.44867 0.584922 -0.0769755 -1.45034 -0.0769755 0.554105 -1.32125 -1.45034 -1.32125 9.19069 
-12 -12 0 -128.164 -122.856 -7.37596 0.253156 0.117044 -0.2713 0.117044 0.276902 -1.32184 -0.2713 -1.32184 13.7656 
-12 -10 0 -126.531 -105.472 -7.67796 0.170678 -0.0513664 0.287603 -0.0513664 0.336879 -0.28308 0.287603 -0.28308 5.61638 
-9 -9 0 -94.5217 -95.0868 -3.29058 0.128213 0.027046 -0.0121385 0.027046 0.535336 -0.140363 -0.0121385 -0.140363 0.208228 
-10 -9 0 -105.558 -93.9497 -3.76234 0.175769 0.136517 -0.000618676 0.136517 0.362898 -0.0857727 -0.000618676 -0.0857727 0.215331 
-9 -13 0 -95.1003 -135.196 -6.517 0.173717 0.100263 -0.0737676 0.100263 0.465215 0.272326 -0.0737676 0.272326 0.740035 
-14 -13 0 -145.372 -133.444 -8.16295 0.153124 -0.112469 1.82731 -0.112469 0.427901 -5.50687 1.82731 -5.50687 111.65 
-9 -7 0 -94.4003 -75.68 -3.40029 0.121725 -0.00117489 -0.108664 -0.00117489 0.130119 0.0644863 -0.108664 0.0644863 0.476956 
-8 -7 0 -86.0821 -76.0422 -1.16433 0.187047 -0.00130835 0.0453403 -0.00130835 0.195561 0.027331 0.0453403 0.027331 0.15377 
-13 -13 0 -135.962 -135.741 -7.93208 0.158391 0.0327532 -0.758109 0.0327532 0.0797306 -0.0315155 -0.758109 -0.0315155 9.75259 
-14 -12 0 -145.341 -124.853 -7.55707 0.137153 0.0267842 -0.542789 0.0267842 0.771421 -8.38296 -0.542789 -8.38296 107.569 
-13 -6 0 -134.63 -65.427 -6.08472 0.154868 -0.032965 -0.850927 -0.032965 0.124903 0.613454 -0.850927 0.613454 19.0186 
-13 -12 0 -136.164 -123.354 -7.46335 0.110022 0.00503965 -0.152588 0.00503965 0.230518 -1.58784 -0.152588 -1.58784 26.9017 
-5 -5 0 -54.5809 -54.1774 -0.967224 0.120984 -0.0211925 0.192979 -0.0211925 0.109802 -0.00369771 0.192979 -0.00369771 1.15615 
-13 -10 0 -136.106 -104.474 -6.9427 0.161275 0.0222517 0.120373 0.0222517 0.179093 -0.281099 0.120373 -0.281099 1.96153 
-13 -8 0 -134.752 -85.667 -5.8973 0.133747 -0.0172751 -0.153142 -0.0172751 0.127012 0.173818 -0.153142 0.173818 3.40176 
-12 -8 0 -125.671 -85.2059 -5.68525 0.130984 -0.011734 -0.217828 -0.011734 0.138227 0.353457 -0.217828 0.353457 7.31663 
-11 -6 0 -115.014 -64.6842 -5.04037 0.130257 0.00719027 -0.132076 0.00719027 0.126257 -0.119867 -0.132076 -0.119867 2.01019 
-14 -7 0 -144.096 -74.867 -5.07279 0.197428 0.000890908 -0.0509114 0.000890908 0.125199 -0.00132056 -0.0509114 -0.00132056 0.380291 
-14 -14 0 -145.703 -146.679 -3.63587 0.108581 -0.0188929 -0.00598514 -0.0188929 0.235826 0.116513 -0.00598514 0.116513 0.0983604 
-13 -7 0 -134.978 -75.1123 -5.60473 0.113461 0.004386 -0.0311143 0.004386 0.128107 -0.0389362 -0.0311143 -0.0389362 1.36625 
-12 -9 0 -126.042 -93.7667 -5.84089 0.1471 -0.0270823 -0.0306734 -0.0270823 0.194192 -0.277857 -0.0306734 -0.277857 2.67331 
-12 -7 0 -126.325 -75.0349 -4.27883 0.166797 -0.000390949 0.078601 -0.000390949 0.134292 -0.0034935 0.078601 -0.0034935 0.342846 
-14 -6 0 -144.907 -65.1554 -6.51724 0.158989 -0.0188893 -1.70995 -0.0188893 0.129196 1.05523 -1.70995 1.05523 72.3951 
-12 -6 0 -125.437 -64.9897 -5.81875 0.191644 0.00270758 -1.89282 0.00270758 0.129151 -0.196363 -1.89282 -0.196363 43.019 
-12 -5 0 -125.033 -54.8225 -5.93024 0.238163 -0.19222 -3.66938 -0.19222 0.41835 5.80319 -3.66938 5.80319 115.499 
-7 -9 0 -74.4897 -94.7365 -2.77673 0.676271 0.425871 -0.945851 0.425871 0.614432 -0.60746 -0.945851 -0.60746 1.63225 
-11 -8 0 -113.208 -84.1382 -3.08779 0.179786 -0.0482323 -0.129764 -0.0482323 0.160286 0.0521846 -0.129764 0.0521846 0.32689 
-5 -7 0 -55.7726 -75.4944 -0.318941 0.170178 0.0174829 0.0379722 0.0174829 0.115847 0.0344273 0.0379722 0.0344273 0.139098 
-7 -7 0 -74.3641 -76.5863 -2.96344 0.137695 -0.0267079 -0.0999588 -0.0267079 0.15564 0.131771 -0.0999588 0.131771 0.509124 
-13 -11 0 -135.22 -114.987 -7.23047 0.157476 0.0574979 2.04177 0.0574979 0.216774 3.26834 2.04177 3.26834 122.067 
-10 -8 0 -106.545 -83.9847 -2.44438 0.127026 -0.0335593 0.0409936 -0.0335593 0.150201 -0.00860186 0.0409936 -0.00860186 0.334846 
-12 -11 0 -127.203 -115.461 -7.23715 0.246243 -0.017212 0.53979 -0.017212 0.287944 1.2627 0.53979 1.2627 13.1115 
-10 -7 0 -104.726 -75.5201 -4.33969 0.13585 -0.0173588 -0.133415 -0.0173588 0.151637 0.237885 -0.133415 0.237885 1.31743 
-14 -9 0 -144.793 -94.6105 -6.70012 0.201362 0.0734513 -0.686844 0.0734513 0.180955 -0.608902 -0.686844 -0.608902 5.77104 
-10 -5 0 -106.163 -54.8997 -1.71176 0.43817 0.0353858 -0.204441 0.0353858 0.134173 -0.0606779 -0.204441 -0.0606779 0.273289 
