-18 -6 0 -182.95 -64.836 3.46759 1066.45 636.192 128.927 636.192 469.773 87.0847 128.927 87.0847 23.0643 
-18 -5 0 -184.088 -56.4041 2.9692 0.464241 0.270373 -0.17646 0.270373 0.330648 -0.0381833 -0.17646 -0.0381833 0.256354 
-18 -9 0 -182.409 -94.1312 -2.63999 1.95292 0.67898 -2.07575 0.67898 0.593575 -1.0508 -2.07575 -1.0508 2.93963 
-18 -8 0 -181.225 -87.3618 -3.15291 3.07355 0.556208 -0.395461 0.556208 0.171643 -0.00774121 -0.395461 -0.00774121 0.379399 
-24 -14 0 -244.865 -143.449 0.787594 0.107764 -8.35863e-05 0.00598495 -8.35863e-05 0.217385 -0.00803828 0.00598495 -0.00803828 0.0992749 
-24 -13 0 -244.704 -136.586 -1.46024 0.112771 -0.029624 -0.0239236 -0.029624 0.363826 0.192376 -0.0239236 0.192376 0.212663 
-21 -13 0 -215.25 -136.831 -1.83833 0.123469 0.000714816 0.0116924 0.000714816 0.193623 0.0542061 0.0116924 0.0542061 0.0851851 
-19 -13 0 -194.829 -136.929 -1.04706 0.132003 0.0383634 0.018942 0.0383634 0.221693 0.0931388 0.018942 0.0931388 0.114851 
-23 -14 0 -235.176 -143.702 -0.322423 0.0974617 -0.0273207 0.00107478 -0.0273207 0.202691 -0.0214934 0.00107478 -0.0214934 0.120209 
-18 -14 1 -184.039 -148.945 11.3202 0.492083 0.154187 0.409717 0.154187 1.77934 0.468382 0.409717 0.468382 2.01984 
-24 -5 0 -244.978 -53.5778 -6.16046 0.151732 0.0418868 -0.0426512 0.0418868 0.172128 -0.0971018 -0.0426512 -0.0971018 0.294642 
-15 -5 0 -155.595 -55.312 -5.78258 0.121078 -0.0250461 0.0767841 -0.0250461 0.140701 0.0456736 0.0767841 0.0456736 0.785567 
-22 -14 0 -225.108 -143.245 0.253864 0.113768 0.0268735 0.00734366 0.0268735 0.197957 -0.0258833 0.00734366 -0.0258833 0.0770355 
-23 -5 0 -232.853 -54.7277 -3.80576 0.206181 0.00137111 -0.0762332 0.00137111 0.219728 -0.0115875 -0.0762332 -0.0115875 0.160262 
-20 -13 0 -205.471 -136.784 -1.90134 0.111045 -0.00997151 0.00529537 -0.00997151 0.190177 0.0694775 0.00529537 0.0694775 0.0988635 
-23 -6 0 -233.802 -63.3025 -6.95283 0.265601 -0.138422 0.164042 -0.138422 0.150453 0.0468889 0.164042 0.0468889 57.8159 
-15 -6 0 -155.66 -64.4554 -6.41255 0.13392 -0.00378547 0.317156 -0.00378547 0.140721 -0.299668 0.317156 -0.299668 4.73863 
-19 -11 0 -194.983 -117.626 -3.31967 0.123275 0.0267294 -0.025913 0.0267294 1.43375 -0.355237 -0.025913 -0.355237 0.265988 
-16 -7 0 -165.246 -75.3245 -6.16676 0.128409 0.0271507 0.166621 0.0271507 0.143497 0.206567 0.166621 0.206567 2.10217 
-15 -8 0 -156.499 -85.0842 -5.21013 0.159458 0.0122284 0.152897 0.0122284 0.115837 0.00117894 0.152897 0.00117894 0.331153 
-17 -9 0 -172.175 -95.3355 -1.35983 0.325095 0.0824125 -0.000186414 0.0824125 0.125923 0.0125386 -0.000186414 0.0125386 0.141233 
-22 -6 0 -225.996 -63.0161 -6.98409 5.11285 9.58862 12.2329 9.58862 19.1864 29.4823 12.2329 29.4823 217.738 
-15 -9 0 -155.81 -94.9141 -5.9395 0.151227 0.00191981 0.106377 0.00191981 0.114486 0.0167281 0.106377 0.0167281 0.253965 
-24 -6 0 -243.984 -65.5635 -6.51041 0.249035 0.136522 0.103469 0.136522 0.196548 0.455096 0.103469 0.455096 3.5434 
-16 -8 0 -164.863 -84.1687 -2.84392 0.104506 -0.0087975 0.00835113 -0.0087975 0.104858 0.0106423 0.00835113 0.0106423 0.265193 
-24 -12 0 -245.234 -125.47 -5.96867 0.126921 0.0154226 0.211246 0.0154226 0.0987258 0.00878354 0.211246 0.00878354 9.09105 
-15 -10 0 -156.626 -104.122 -5.62373 0.162164 -0.00253449 0.0893358 -0.00253449 0.154704 -0.064234 0.0893358 -0.064234 0.217682 
-21 -7 0 -217.834 -75.8608 -5.48014 2.1156 -1.22546 -1.14106 -1.22546 0.816914 0.760278 -1.14106 0.760278 1.06842 
-15 -14 0 -156.137 -144.816 -3.23587 0.181176 0.116245 0.055922 0.116245 0.230052 0.0839761 0.055922 0.0839761 0.0977364 
-21 -6 0 -214.117 -64.1251 -1.66829 4.03264 -0.158742 -0.147437 -0.158742 0.137728 -0.0113647 -0.147437 -0.0113647 0.0753263 
-16 -10 0 -165.088 -103.327 -2.48114 0.131031 -0.0162994 0.0208031 -0.0162994 0.204601 -0.0748149 0.0208031 -0.0748149 0.114866 
-22 -12 0 -224.628 -125.649 -5.9462 0.129183 -0.0169543 0.0159245 -0.0169543 0.151478 0.536556 0.0159245 0.536556 8.02115 
-16 -6 0 -165.308 -64.2557 -6.38936 0.114377 -0.00831556 -0.00252933 -0.00831556 0.144893 -0.102469 -0.00252933 -0.102469 1.63988 
-22 -13 0 -225.032 -136.664 -1.8303 0.105391 0.0219138 0.00746318 0.0219138 0.226941 0.0866262 0.00746318 0.0866262 0.107439 
-15 -12 0 -156.412 -125.083 -5.88855 0.145157 -0.0291401 0.0723294 -0.0291401 0.151969 -0.0216496 0.0723294 -0.0216496 0.21127 
-16 -11 0 -164.342 -116.042 -5.50514 0.158383 -0.0254799 -0.0601687 -0.0254799 0.171267 0.194231 -0.0601687 0.194231 0.655787 
-17 -13 0 -176.37 -133.25 -5.32711 0.183554 -0.0595767 0.104841 -0.0595767 0.384806 0.0851522 0.104841 0.0851522 0.798156 
-16 -13 0 -165.138 -135.601 -4.55077 0.11245 -0.00830494 -0.000920751 -0.00830494 0.146966 0.0845902 -0.000920751 0.0845902 0.168702 
-22 -11 0 -225.411 -117.094 -3.75229 0.1235 0.0189846 -7.50344e-05 0.0189846 0.941026 -0.337381 -7.50344e-05 -0.337381 0.320593 
-24 -10 0 -244.012 -104.954 -3.30147 0.280173 -0.0737839 0.0491027 -0.0737839 0.152284 -0.0380311 0.0491027 -0.0380311 0.201812 
-17 -5 0 -176.085 -55.6174 -3.3634 0.106929 -0.0022768 0.0292079 -0.0022768 0.132845 -0.00751481 0.0292079 -0.00751481 0.15771 
-19 -7 0 -196.354 -72.0202 6.77568 1.23421 -0.162183 0.084869 -0.162183 1.06584 -0.358006 0.084869 -0.358006 0.78874 
-17 -11 0 -175.896 -114.147 -5.83065 0.145126 -0.00201207 0.171889 -0.00201207 0.133575 -0.141397 0.171889 -0.141397 1.31302 
-16 -12 0 -164.627 -124.887 -4.11095 0.118827 -0.0188831 0.014036 -0.0188831 0.164158 -0.0142847 0.014036 -0.0142847 0.192285 
-16 -14 1 -167.276 -147.207 11.2286 0.387205 -0.3955 -0.272643 -0.3955 1.20601 0.72833 -0.272643 0.72833 1.54141 
-20 -11 0 -205.079 -117.597 -3.99355 0.127536 -0.0211869 0.00298209 -0.0211869 1.03489 -0.276474 0.00298209 -0.276474 0.246193 
-22 -5 0 -229.054 -53.1533 -3.51321 1.26105 0.0170305 -0.0953684 0.0170305 0.545874 0.0934601 -0.0953684 0.0934601 0.24723 
-17 -6 0 -176.066 -64.3535 -3.01627 0.124339 0.00729296 0.0795914 0.00729296 0.12459 0.0124185 0.0795914 0.0124185 0.190697 
-16 -14 0 -165.114 -144.163 -1.62267 0.122695 -0.0274917 0.00051044 -0.0274917 0.17834 0.00907871 0.00051044 0.00907871 0.0498396 
-15 -11 0 -155.684 -115.158 -7.01392 0.143289 -0.00950813 0.419533 -0.00950813 0.129217 -0.185551 0.419533 -0.185551 10.9966 
-16 -9 0 -165.377 -95.9733 -1.80055 0.140155 0.00912114 0.0147746 0.00912114 0.140305 0.0187185 0.0147746 0.0187185 0.0889832 
-18 -13 0 -185.366 -135.045 -3.85915 0.135091 -0.072458 0.0252733 -0.072458 0.183609 0.0919901 0.0252733 0.0919901 0.288952 
-23 -13 0 -235.007 -135.928 -2.33133 0.115334 0.00166353 0.00780246 0.00166353 0.163407 0.0640224 0.00780246 0.0640224 0.170533 
-17 -14 0 -174.549 -145.704 -1.52683 0.154536 -0.0694647 -0.0111869 -0.0694647 0.216361 0.0192988 -0.0111869 0.0192988 0.0513095 
-15 -13 0 -156.011 -134.301 -6.87806 0.166263 -0.0242913 0.151389 -0.0242913 0.12741 -0.0627115 0.151389 -0.0627115 0.380581 
-22 -7 0 -226.307 -78.0271 -4.28257 0.168164 0.755232 0.0371625 0.755232 16.0778 0.0401738 0.0371625 0.0401738 0.42261 
-23 -7 0 -236.218 -74.2846 -3.69274 0.288831 0.233516 0.0648316 0.233516 0.31294 0.0574991 0.0648316 0.0574991 0.220648 
-23 -12 0 -234.969 -126.007 -6.00294 0.117628 -0.00262988 -0.0797155 -0.00262988 0.144568 0.584297 -0.0797155 0.584297 9.9669 
-21 -14 1 -216.085 -142.351 11.8303 0.826128 -0.0803446 0.198727 -0.0803446 0.152359 -0.103253 0.198727 -0.103253 0.916119 
-20 -14 0 -205.245 -143.892 0.17118 0.120324 0.0038204 0.0172122 0.0038204 0.171764 0.0128805 0.0172122 0.0128805 0.0727414 
-19 -14 0 -194.73 -143.463 -0.50563 0.123411 0.0129839 0.00117827 0.0129839 0.246102 -0.0143704 0.00117827 -0.0143704 0.0760952 
-21 -12 0 -215.003 -124.598 -5.85412 0.129616 -0.00517525 -0.0960744 -0.00517525 0.118725 -0.0760214 -0.0960744 -0.0760214 4.00937 
-16 -5 0 -165.116 -54.4603 -3.92611 0.132154 -0.000790087 0.00551578 -0.000790087 0.14582 -0.0880716 0.00551578 -0.0880716 0.163704 
-21 -11 0 -215.119 -117.424 -4.13205 0.115505 -0.000294213 -0.00407071 -0.000294213 0.931919 -0.30434 -0.00407071 -0.30434 0.290664 
-21 -14 0 -214.885 -143.616 0.771655 0.116509 0.0141687 0.000927429 0.0141687 0.149696 0.0156015 0.000927429 0.0156015 0.0624988 
-18 -12 0 -185.121 -125.281 -5.78663 0.127536 0.0211206 -0.0640291 0.0211206 0.14621 0.238697 -0.0640291 0.238697 2.69657 
-21 -5 0 -213.816 -55.0312 -1.38631 1.19612 -0.0411344 -0.0874653 -0.0411344 0.122298 0.00310733 -0.0874653 0.00310733 0.0799686 
-17 -12 0 -174.655 -125.218 -5.46189 0.165956 -0.0216506 -0.163146 -0.0216506 0.171096 0.0132721 -0.163146 0.0132721 0.999899 
-20 -12 0 -204.957 -124.524 -5.91752 0.124006 0.00228744 -0.133615 0.00228744 0.137973 0.305517 -0.133615 0.305517 10.879 
-19 -12 0 -194.99 -124.539 -5.90913 0.120365 -0.00767004 0.0241405 -0.00767004 0.131528 0.165564 0.0241405 0.165564 9.07691 
-18 -11 0 -184.403 -115.352 -4.05247 0.199993 -0.136247 0.0986816 -0.136247 0.272252 -0.13822 0.0986816 -0.13822 0.278292 
-24 -11 0 -245.243 -114.94 -4.18303 0.143643 -0.0415949 0.0328223 -0.0415949 0.191863 -0.0703427 0.0328223 -0.0703427 0.242429 
-17 -8 0 -172.714 -84.2171 -2.09302 0.172021 0.0324016 0.0308521 0.0324016 0.0983595 0.0604244 0.0308521 0.0604244 0.368033 
-23 -11 0 -235.193 -115.381 -4.47124 0.15439 0.0883692 -0.0285191 0.0883692 0.226902 -0.0316053 -0.0285191 -0.0316053 0.250137 
-19 -6 0 -196.492 -65.8898 5.73971 9.15446 -0.768555 5.58822 -0.768555 0.204729 -0.341118 5.58822 -0.341118 3.98567 
-17 -7 0 -176.661 -75.2459 -3.12177 0.123599 -0.010625 0.0469369 -0.010625 0.102988 0.0120683 0.0469369 0.0120683 0.154737 
-18 -14 0 -185.105 -145.458 -1.64821 0.159082 0.0822855 0.00263611 0.0822855 0.176195 0.00541768 0.00263611 0.00541768 0.0634367 
-17 -10 0 -173.918 -105.38 -3.27775 0.396322 -0.294109 0.107348 -0.294109 0.340147 -0.128804 0.107348 -0.128804 0.189825 
-17 -14 1 -174.068 -147.066 11.4691 0.249753 -0.0126448 -0.233283 -0.0126448 0.561263 -0.172615 -0.233283 -0.172615 1.117 
-15 -7 0 -155.637 -75.6607 -6.27867 0.147297 0.00437891 0.271946 0.00437891 0.155311 0.299662 0.271946 0.299662 3.11786 
-23 -10 0 -236.784 -104.892 -3.18144 0.474717 0.151389 -0.121317 0.151389 0.198186 -0.101818 -0.121317 -0.101818 0.285151 
-24 -7 0 -243.347 -73.2363 -3.66525 0.321908 -0.12502 -0.150231 -0.12502 0.194214 0.0596783 -0.150231 0.0596783 0.251416 
-18 -7 0 -180.707 -76.1456 -3.23588 0.952668 -0.185436 0.373332 -0.185436 0.330086 -0.123604 0.373332 -0.123604 0.275739 
