-16 -15 1 -164.457 -152.262 10.5946 0.201906 -0.0665927 -0.0102957 -0.0665927 0.633645 0.406108 -0.0102957 0.406108 4.64835 
-17 -15 1 -176.316 -153.404 11.2147 0.21961 -0.0434464 0.137219 -0.0434464 0.759699 -0.159641 0.137219 -0.159641 2.24852 
-18 -15 1 -183.168 -152.711 11.172 0.259481 -0.0250363 -0.205573 -0.0250363 0.173603 0.160343 -0.205573 0.160343 1.59832 
-22 -16 1 -224.88 -162.019 11.782 5.44848 -10.9737 -4.3852 -10.9737 23.0689 10.4948 -4.3852 10.4948 8.27076 
-20 -16 1 -205.251 -169.023 12.102 1.12114 0.0307437 0.0533717 0.0307437 2.61844 0.617007 0.0533717 0.617007 0.493902 
-18 -17 1 -184.503 -173.893 14.1023 0.452566 -0.372639 0.0795899 -0.372639 1.28172 -0.0970032 0.0795899 -0.0970032 0.115238 
-22 -15 1 -224.494 -155.834 11.949 0.163837 0.0885558 -0.0691195 0.0885558 0.226648 -0.0907998 -0.0691195 -0.0907998 0.513486 
-21 -15 1 -217.307 -153.976 11.505 0.22025 0.0293696 0.221142 0.0293696 0.135484 0.0290269 0.221142 0.0290269 1.06737 
-16 -16 0 -162.578 -163.529 2.70251 0.506785 0.0184818 -0.0826704 0.0184818 0.212892 -0.0295457 -0.0826704 -0.0295457 0.126696 
-19 -16 0 -194.401 -164.441 1.40846 0.229935 -0.0487842 -0.0274721 -0.0487842 0.303288 0.0483185 -0.0274721 0.0483185 0.0504898 
-23 -16 0 -234.399 -163.855 -2.89213 0.215244 0.0681419 0.0132839 0.0681419 0.176361 0.524999 0.0132839 0.524999 4.05407 
-20 -17 1 -203.075 -173.226 12.395 0.970265 0.167327 -0.0106851 0.167327 0.107048 -0.0983059 -0.0106851 -0.0983059 0.688796 
-22 -15 0 -223.793 -155.275 2.10325 0.185078 -0.0472237 -0.0200179 -0.0472237 0.15771 0.0290335 -0.0200179 0.0290335 0.0499028 
-24 -16 0 -245.971 -163.239 -1.6735 0.132108 0.020615 0.046434 0.020615 0.179409 -0.00118561 0.046434 -0.00118561 0.0968994 
-18 -16 0 -185.294 -162.767 -0.0596388 0.113087 -0.00230071 -0.0174213 -0.00230071 0.117235 -0.0303127 -0.0174213 -0.0303127 0.0427372 
-23 -15 0 -236.692 -154.004 -1.58072 0.315472 0.183061 -0.0708554 0.183061 0.256791 -0.0658813 -0.0708554 -0.0658813 0.128117 
-19 -15 0 -193.877 -155.935 -5.93186 0.286141 0.0768482 -0.0620414 0.0768482 0.503597 1.58166 -0.0620414 1.58166 6.41789 
-19 -17 0 -197.269 -173.458 5.52087 0.783724 0.0486638 0.0425809 0.0486638 0.579315 0.0274094 0.0425809 0.0274094 0.120222 
-22 -18 0 -226.77 -186.071 6.65021 0.283936 0.157901 0.10243 0.157901 0.289045 -0.127386 0.10243 -0.127386 1.31911 
-18 -15 0 -183.161 -152.982 1.02915 0.230577 0.0356219 0.0156483 0.0356219 0.179339 0.0294953 0.0156483 0.0294953 0.0419183 
-15 -16 0 -155.566 -163.192 1.68065 0.257082 -0.156542 0.0176629 -0.156542 0.487341 0.0917016 0.0176629 0.0917016 0.105748 
-21 -16 0 -212.758 -165.899 4.21668 1.14843 0.617059 0.0536943 0.617059 0.488898 -0.012152 0.0536943 -0.012152 0.0843155 
-24 -15 0 -244.308 -153.775 -1.52098 0.243122 -0.109407 0.0252657 -0.109407 0.283792 -0.0334769 0.0252657 -0.0334769 0.120287 
-16 -15 0 -163.747 -154.6 1.06767 0.177103 -7.51489e-05 -0.0446535 -7.51489e-05 0.184809 0.0161089 -0.0446535 0.0161089 0.059211 
-20 -15 0 -208.674 -151.513 -0.760369 0.678196 -0.0790713 0.0833959 -0.0790713 0.55708 -0.1437 0.0833959 -0.1437 0.120499 
-22 -16 0 -226.097 -161.603 3.02194 0.157069 -0.126229 -0.0329947 -0.126229 0.691073 0.099327 -0.0329947 0.099327 0.0625734 
-21 -15 0 -216.345 -154.167 4.97514 0.135404 -0.0268296 -0.00601267 -0.0268296 0.141072 0.00922923 -0.00601267 0.00922923 0.0679371 
-17 -15 0 -176.658 -152.804 -0.63986 0.165882 0.000914013 0.0109656 0.000914013 0.27158 0.0319724 0.0109656 0.0319724 0.0442328 
-15 -15 0 -153.909 -153.398 -1.50295 0.142518 -0.00502466 0.0435517 -0.00502466 0.152995 0.0128426 0.0435517 0.0128426 0.0621058 
-18 -17 0 -185.685 -175.105 4.29435 0.247804 0.0135897 -0.0152013 0.0135897 0.419752 0.0429871 -0.0152013 0.0429871 0.133601 
-24 -15 1 -248.553 -156.795 11.6838 8.48792 5.39117 -6.56906 5.39117 3.70239 -4.38287 -6.56906 -4.38287 7.04392 
-20 -17 0 -204.356 -172.827 3.88623 0.18117 0.0250759 0.0145018 0.0250759 0.122384 0.00885841 0.0145018 0.00885841 0.0530847 
-21 -17 0 -213.516 -173.815 3.58452 0.216063 -0.111329 -0.0452945 -0.111329 0.25792 0.051898 -0.0452945 0.051898 0.10133 
-20 -16 0 -204.277 -168.006 1.79027 0.23483 0.0907991 0.0354596 0.0907991 0.561454 0.105276 0.0354596 0.105276 0.0558365 
