-18 -4 0 -185.694 -45.1101 2.12734 0.202818 0.0121958 -0.217447 0.0121958 0.272287 -0.255527 -0.217447 -0.255527 1.03738 
-18 -2 0 -185.192 -25.08 -1.0175 0.120706 -0.0175976 -0.0823939 -0.0175976 7.2131 -2.06639 -0.0823939 -2.06639 9.47751 
-19 -2 0 -195.062 -25.2211 -1.15751 0.123526 0.0072852 -0.138062 0.0072852 0.763271 0.384192 -0.138062 0.384192 7.78372 
-20 -2 0 -201.944 -23.4487 -1.30561 0.202373 -0.111377 0.383015 -0.111377 0.293102 -0.0101278 0.383015 -0.0101278 5.9224 
-20 -1 0 -202.65 -14.8465 -1.49684 0.153759 0.0523759 0.264319 0.0523759 0.128484 0.00533275 0.264319 0.00533275 2.82764 
-23 4 0 -234.5 40.6512 -1.30478 0.166465 0.160943 -0.0226064 0.160943 1.13539 -0.00590859 -0.0226064 -0.00590859 0.176526 
-24 4 0 -244.817 40.7754 -1.06825 0.2017 3.17726 -0.0503286 3.17726 93.6778 -1.51465 -0.0503286 -1.51465 0.179119 
-15 4 0 -155.26 45.0619 -4.9814 0.170945 -0.0269699 0.973779 -0.0269699 0.202263 -2.67808 0.973779 -2.67808 148.368 
-16 4 0 -164.736 43.6822 -4.95766 0.0968597 0.0380674 0.355835 0.0380674 0.117971 -0.894011 0.355835 -0.894011 54.8566 
-18 4 0 -185.623 45.3033 -4.62415 0.118196 -0.028815 0.183451 -0.028815 0.135822 -0.224653 0.183451 -0.224653 1.51212 
-19 4 0 -194.675 44.4492 -1.44467 0.160844 0.0033584 0.00577704 0.0033584 0.0974024 0.012569 0.00577704 0.012569 0.0984785 
-15 3 0 -156.459 33.5197 -3.0622 0.188047 0.00920125 0.0761309 0.00920125 0.13978 0.0782043 0.0761309 0.0782043 0.288545 
-16 3 0 -165.521 33.0739 -1.08948 0.177184 -0.0421478 -0.00253124 -0.0421478 0.229264 0.067913 -0.00253124 0.067913 0.127083 
-17 3 0 -175.01 33.9481 -4.92079 0.12541 0.0373531 -0.133963 0.0373531 0.133331 0.0344046 -0.133963 0.0344046 1.4118 
-20 3 0 -204.45 36.6394 -2.055 0.132681 -0.0165927 0.00609649 -0.0165927 0.235206 -0.162595 0.00609649 -0.162595 0.20215 
-21 3 0 -216.318 35.8072 -0.919835 0.207326 -0.103717 0.0549431 -0.103717 0.204661 -0.0579223 0.0549431 -0.0579223 0.123532 
-22 3 0 -225.166 34.2031 0.0268917 0.118429 -0.0241666 0.0225729 -0.0241666 0.118901 0.00122628 0.0225729 0.00122628 0.119594 
-21 4 0 -214.777 43.6021 -0.627649 0.108603 0.000958567 -0.0159925 0.000958567 0.11487 0.0187963 -0.0159925 0.0187963 0.143138 
-23 3 0 -235.34 33.8858 0.835554 0.109916 0.00141392 0.00153514 0.00141392 0.105172 0.0152845 0.00153514 0.0152845 0.103456 
-24 3 0 -245.061 34.141 0.789164 0.13029 -0.00791379 -0.0140762 -0.00791379 0.0881389 0.0167619 -0.0140762 0.0167619 0.102963 
-15 2 0 -155.959 24.809 -4.3623 0.146398 0.0144119 0.13279 0.0144119 0.114121 0.0001846 0.13279 0.0001846 0.512979 
-16 2 0 -164.897 25.3295 -2.23967 0.106512 0.0287324 0.0139024 0.0287324 0.18609 -0.0269728 0.0139024 -0.0269728 0.163268 
-17 2 0 -174.133 24.8445 -1.03792 0.115767 0.0156491 -0.011259 0.0156491 0.25072 -0.00396227 -0.011259 -0.00396227 0.103947 
-18 2 0 -183.44 25.219 -1.12511 0.196078 0.0464443 -0.0564079 0.0464443 0.206611 -0.0116861 -0.0564079 -0.0116861 0.106736 
-16 1 0 -165.091 14.2677 -4.87801 0.123774 -0.0101521 0.0134875 -0.0101521 0.164808 0.128561 0.0134875 0.128561 0.967143 
-16 0 0 -165.009 -1.97956 -5.52426 0.148286 0.00358602 -0.0144034 0.00358602 0.027347 0.0189918 -0.0144034 0.0189918 0.379612 
-17 -1 0 -174.467 -14.7406 -3.25157 0.113731 -0.0233539 -0.0500776 -0.0233539 0.13894 0.00699118 -0.0500776 0.00699118 0.127874 
-19 0 0 -194.351 0.221357 -4.05749 0.132968 0.000562097 -0.0434413 0.000562097 0.0571228 -0.00873297 -0.0434413 -0.00873297 0.159422 
-16 -1 0 -164.762 -13.8255 -2.6174 0.253265 0.105737 0.0745433 0.105737 0.198516 0.0664256 0.0745433 0.0664256 0.122072 
-18 0 0 -185.856 -0.685955 -4.41433 0.131242 0.00301489 0.0393421 0.00301489 0.0496501 0.00632642 0.0393421 0.00632642 0.200574 
-17 4 0 -175.966 44.8183 -4.97159 0.226452 -0.0138169 -0.65359 -0.0138169 0.137784 -1.78812 -0.65359 -1.78812 100.61 
-19 3 0 -194.83 36.6122 -2.42941 0.197041 -0.0021895 -0.0184626 -0.0021895 0.182356 -0.108733 -0.0184626 -0.108733 0.151809 
-24 -3 0 -243.744 -35.3326 -1.71627 0.162645 -0.0374811 -0.0362121 -0.0374811 0.11533 0.036981 -0.0362121 0.036981 0.0691914 
-23 1 0 -234.241 15.6894 -4.42371 0.162146 -0.0114763 -0.0609542 -0.0114763 0.128562 -0.0789847 -0.0609542 -0.0789847 0.209963 
-17 0 0 -175.493 -0.315018 -4.93187 0.126205 -0.0213389 0.024153 -0.0213389 0.0587425 -0.00878706 0.024153 -0.00878706 0.310604 
-20 4 0 -204.779 44.0475 -0.385121 0.150664 0.0275826 0.00858607 0.0275826 0.122556 0.0293775 0.00858607 0.0293775 0.109038 
-23 0 0 -235.955 0.014077 -2.80181 0.163922 -0.01224 0.0570805 -0.01224 0.0374504 0.0200875 0.0570805 0.0200875 0.130924 
-19 -1 0 -196.302 -13.9972 -3.58238 0.225503 0.152018 0.332638 0.152018 0.196859 0.295271 0.332638 0.295271 0.740157 
-23 -4 0 -237.892 -44.6233 -0.474312 0.447279 -0.0404462 0.159597 -0.0404462 0.136673 -0.0638991 0.159597 -0.0638991 0.154307 
-22 1 0 -225.619 15.6145 -4.63619 0.161756 0.012054 0.0662928 0.012054 0.115389 -0.0585505 0.0662928 -0.0585505 0.202571 
-18 3 0 -185.142 34.7754 -5.19141 0.122426 -0.00656567 -0.600446 -0.00656567 0.142686 -1.44297 -0.600446 -1.44297 106.141 
-17 -2 0 -175.684 -23.7963 -3.81981 0.529906 -0.0165356 0.133574 -0.0165356 0.273941 0.0627167 0.133574 0.0627167 0.310584 
-15 -4 0 -154.865 -45.2437 -6.33376 0.123064 0.0101613 0.0340382 0.0101613 0.136412 0.0942644 0.0340382 0.0942644 1.72104 
-22 -4 0 -225.298 -44.5137 -6.7657 0.135065 0.00576657 -0.491352 0.00576657 0.159251 -0.67745 -0.491352 -0.67745 132.779 
-23 -2 0 -236.541 -25.242 -1.58987 0.222253 0.00856277 0.0693452 0.00856277 0.12561 0.00634599 0.0693452 0.00634599 0.0964359 
-15 -1 0 -155.444 -14.2647 -5.63336 0.1723 0.0167963 0.0586823 0.0167963 0.139463 -0.00731423 0.0586823 -0.00731423 0.674304 
-21 -2 0 -214.466 -25.0184 -4.49305 0.175078 -0.0374328 -0.11152 -0.0374328 0.126823 0.0453483 -0.11152 0.0453483 0.296924 
-17 -4 0 -175.787 -45.8064 -3.71202 0.100376 0.0253568 0.0265084 0.0253568 0.110643 0.00830284 0.0265084 0.00830284 0.138816 
-24 -4 0 -244.49 -43.9598 -0.597205 0.16002 -0.00237258 -0.0177648 -0.00237258 0.156547 -0.0168285 -0.0177648 -0.0168285 0.0832382 
-19 -3 0 -195.475 -36.8961 -1.77302 0.239587 -0.0362514 -0.208147 -0.0362514 0.116949 0.0474134 -0.208147 0.0474134 0.276247 
-16 -4 0 -164.143 -45.0259 -2.3967 0.147487 -0.00506434 -0.0196501 -0.00506434 0.110028 0.00289727 -0.0196501 0.00289727 0.106679 
-22 0 0 -225.11 5.7835 -4.45911 0.116731 0.00842964 0.00809946 0.00842964 0.0945599 0.0616268 0.00809946 0.0616268 0.538494 
-19 1 0 -194.717 15.1717 -5.80395 0.111622 0.000421894 0.0215963 0.000421894 0.119892 -0.058231 0.0215963 -0.058231 0.985341 
-20 0 0 -204.772 1.04773 -4.49001 0.117681 0.00790187 0.00262264 0.00790187 0.0417116 0.025693 0.00262264 0.025693 0.243286 
-23 -1 0 -235.563 -14.7841 0.496529 0.138756 0.0145607 0.0191535 0.0145607 0.170996 0.00261051 0.0191535 0.00261051 0.0517231 
-21 0 0 -214.373 3.97381 -4.50019 0.143698 0.00940173 -0.0150074 0.00940173 0.0584857 0.069171 -0.0150074 0.069171 0.486838 
-16 -2 0 -163.474 -23.9182 -1.82468 0.521967 0.14872 0.145787 0.14872 0.177209 0.0132657 0.145787 0.0132657 0.185739 
-24 0 0 -243.292 -2.12538 -2.83292 0.216528 -0.00690112 -0.0796015 -0.00690112 0.0471857 0.0314192 -0.0796015 0.0314192 0.134371 
-17 -3 0 -175.295 -38.0025 -4.43857 0.136611 -0.212602 -0.0538535 -0.212602 1.83119 0.170987 -0.0538535 0.170987 0.235536 
-20 2 0 -203.576 24.7883 -3.6136 0.180884 -0.00332312 -0.11259 -0.00332312 0.157929 -0.0548984 -0.11259 -0.0548984 0.235753 
-18 -3 0 -183.994 -38.2094 -3.15203 0.163209 0.145398 0.0926655 0.145398 0.51449 0.123279 0.0926655 0.123279 0.137021 
-24 1 0 -244.954 14.9809 -6.05344 0.121047 0.0075289 -0.0539774 0.0075289 0.128136 0.0880603 -0.0539774 0.0880603 3.98164 
-18 -1 0 -184.171 -15.2228 -4.49756 0.15137 0.0196728 -0.053175 0.0196728 0.0792968 -0.00986109 -0.053175 -0.00986109 0.250231 
-15 1 0 -154.953 14.6325 -4.83862 0.13101 0.00346014 -0.0167461 0.00346014 0.133319 -0.0235757 -0.0167461 -0.0235757 0.333657 
-20 -4 0 -205.694 -41.7385 0.668935 0.208227 0.168862 -0.0412072 0.168862 1.02255 0.0851811 -0.0412072 0.0851811 0.0941963 
-17 1 0 -175.038 14.4446 -5.06827 0.121167 -0.000747718 -0.0348987 -0.000747718 0.168256 0.149787 -0.0348987 0.149787 1.00315 
-22 -3 0 -226.702 -33.6481 -2.69008 0.224438 -0.0561983 0.0429838 -0.0561983 0.336445 0.0308476 0.0429838 0.0308476 0.114737 
-22 4 0 -223.321 43.3599 -1.66293 0.166396 -0.0367304 -0.0287469 -0.0367304 0.121124 0.0291009 -0.0287469 0.0291009 0.19365 
-15 -3 0 -156.509 -34.7908 -4.76853 0.232614 -0.0232929 0.171807 -0.0232929 0.14014 -0.0398679 0.171807 -0.0398679 0.336522 
-16 -3 0 -164.341 -37.8396 -3.51002 0.145416 -0.00960908 -0.0263431 -0.00960908 0.436406 -0.114923 -0.0263431 -0.114923 0.201526 
-21 -3 0 -214.348 -33.8104 -4.58515 0.238982 0.0385296 -0.144431 0.0385296 0.237196 -0.0422576 -0.144431 -0.0422576 0.317364 
-21 -1 0 -213.635 -16.5505 -4.23716 0.251467 0.0441557 -0.139121 0.0441557 0.149958 -0.0468491 -0.139121 -0.0468491 0.224961 
-20 -3 0 -207.412 -37.1605 -3.47395 1.55725 -0.0440844 0.665226 -0.0440844 0.160849 -0.253801 0.665226 -0.253801 1.02388 
-15 -2 0 -156.016 -25.3674 -4.81616 0.29658 0.0101429 0.263269 0.0101429 0.14 0.0472807 0.263269 0.0472807 0.436533 
-22 -1 0 -224.327 -14.9367 -5.50853 0.168974 0.135916 -0.0344255 0.135916 0.3264 -0.089259 -0.0344255 -0.089259 0.279056 
-23 2 0 -234.587 25.5299 -0.455383 0.143148 0.0315427 -0.0171202 0.0315427 0.129357 -0.0168876 -0.0171202 -0.0168876 0.0932459 
-15 0 0 -155.327 -0.59661 -5.93857 0.122144 0.000454735 -0.0409031 0.000454735 0.0299214 -0.0638252 -0.0409031 -0.0638252 1.90771 
-24 -2 0 -244.24 -24.4429 -0.562689 0.167116 0.0446975 -0.0197235 0.0446975 0.139024 -0.0154395 -0.0197235 -0.0154395 0.0844303 
-21 1 0 -215.174 15.2423 -5.92348 0.122247 -0.00986341 0.00720522 -0.00986341 0.142924 -0.0824997 0.00720522 -0.0824997 6.06788 
-20 1 0 -205.192 14.8658 -5.86931 0.11115 0.000486393 0.0949257 0.000486393 0.130939 0.119119 0.0949257 0.119119 5.06797 
-24 2 0 -245.085 27.387 -1.23117 0.114654 -0.00657138 0.00277761 -0.00657138 0.304667 -0.115943 0.00277761 -0.115943 0.111823 
-21 -4 0 -213.206 -44.0721 -1.66185 0.531589 -0.0637064 -0.0696894 -0.0637064 0.127532 0.0104822 -0.0696894 0.0104822 0.0884237 
-18 1 0 -185.233 15.1305 -5.84635 0.120112 -0.0127576 -0.224391 -0.0127576 0.140412 0.255089 -0.224391 0.255089 5.57954 
-23 -3 0 -236.259 -34.5517 -2.05943 0.18497 -0.0430825 0.012516 -0.0430825 0.130378 -0.0052958 0.012516 -0.0052958 0.0994225 
-22 2 0 -226.553 24.9894 -0.797855 0.232252 0.000614152 0.057166 0.000614152 0.114136 0.000734045 0.057166 0.000734045 0.102449 
-24 -1 0 -243.43 -15.5622 -1.99408 0.176924 -0.0564932 -0.0496483 -0.0564932 0.119998 0.0361505 -0.0496483 0.0361505 0.0972605 
-21 2 0 -214.783 24.5213 -5.73117 0.124784 0.0402377 -0.3023 0.0402377 0.251566 -1.35976 -0.3023 -1.35976 14.5017 
-22 -2 0 -225.436 -25.7029 -6.95699 0.139336 0.0109795 0.0695353 0.0109795 0.155787 0.198134 0.0695353 0.198134 1.80531 
-19 2 0 -196.041 24.7726 -4.53242 0.147112 -0.0012057 0.113133 -0.0012057 0.136218 -0.0397234 0.113133 -0.0397234 0.316727 
-19 -4 0 -195.778 -43.3769 2.66582 0.206196 0.102595 -0.031423 0.102595 0.232081 -0.00659584 -0.031423 -0.00659584 0.233668 
