-28 -15 1 -283.503 -152.164 11.0547 0.29843 -0.130992 -0.274382 -0.130992 0.499826 0.182297 -0.274382 0.182297 0.844119 
-26 -15 1 -265.705 -154.673 11.1228 0.249231 -0.230087 -0.00657803 -0.230087 0.461167 0.0441788 -0.00657803 0.0441788 1.09126 
-25 -15 1 -253.853 -155.981 11.3141 0.331562 0.293222 -0.678544 0.293222 0.462508 -0.62864 -0.678544 -0.62864 2.51494 
-27 -15 1 -275.987 -156.196 11.4878 0.208754 0.0561658 0.00942123 0.0561658 0.167437 0.0516264 0.00942123 0.0516264 0.758197 
-25 -15 0 -255.077 -155.172 0.610774 0.141883 0.0523588 0.0160584 0.0523588 0.112692 0.0206408 0.0160584 0.0206408 0.0550638 
-26 -16 0 -264.797 -162.696 5.2624 0.142172 0.0100329 0.00445872 0.0100329 0.110175 0.0109799 0.00445872 0.0109799 0.125246 
-25 -16 0 -253.362 -161.874 1.10786 0.253257 -0.0990372 -0.0297537 -0.0990372 0.465525 -0.0185462 -0.0297537 -0.0185462 0.0729341 
-27 -16 0 -275.062 -161.991 5.64668 0.200686 -0.00112128 0.0829388 -0.00112128 0.144174 0.0281152 0.0829388 0.0281152 0.170771 
-27 -15 0 -275.65 -154.831 3.54711 0.212829 0.0278717 0.0257791 0.0278717 0.0884149 0.0242842 0.0257791 0.0242842 0.102367 
-26 -15 0 -264.521 -154.002 2.51557 0.126735 -0.0196975 0.0070264 -0.0196975 0.109215 0.0221747 0.0070264 0.0221747 0.0857048 
-27 -16 1 -277.103 -160.947 11.7232 0.224895 -1.09643 0.253299 -1.09643 14.808 -3.05674 0.253299 -3.05674 0.916737 
-29 -15 0 -297.114 -152.542 4.83545 0.369487 0.0132716 0.193206 0.0132716 0.37987 -0.011325 0.193206 -0.011325 0.214945 
-28 -15 0 -283.742 -152.074 4.18016 0.18047 -0.00649763 0.0103668 -0.00649763 0.33274 0.02157 0.0103668 0.02157 0.0941648 
-31 -15 0 -314.77 -152.155 7.84011 0.155121 -0.0254243 0.229402 -0.0254243 0.200683 -0.0808356 0.229402 -0.0808356 0.767204 
-30 -15 0 -304.532 -152.266 3.3063 1.13192 0.0480377 0.14645 0.0480377 0.256377 0.0430177 0.14645 0.0430177 0.092034 
-28 -16 0 -281.943 -163.888 5.23547 1.18789 0.0879141 -0.281457 0.0879141 0.240544 0.0311233 -0.281457 0.0311233 0.269505 
-26 -16 1 -264.315 -161.795 11.3374 1.60388 1.60612 -0.522078 1.60612 1.82227 -0.551764 -0.522078 -0.551764 0.955513 
