-28 -3 0 -283.221 -36.8094 -1.03035 0.308774 0.0849458 -0.350451 0.0849458 0.219371 -0.0661921 -0.350451 -0.0661921 1.49571 
-29 4 0 -295.487 41.0741 -1.10168 0.119434 0.115473 0.0261044 0.115473 3.17822 0.43645 0.0261044 0.43645 0.258627 
-25 4 0 -255.154 41.159 -2.12079 0.212162 0.226848 -0.0249952 0.226848 2.19382 -0.436944 -0.0249952 -0.436944 0.209213 
-26 4 0 -266.51 43.2936 4.04233 0.143395 -0.0730954 0.0531439 -0.0730954 0.337569 -0.235502 0.0531439 -0.235502 0.252561 
-27 4 0 -275.849 40.3098 -0.404067 0.161342 0.152247 -0.0192478 0.152247 4.87885 0.518876 -0.0192478 0.518876 0.2106 
-31 4 0 -313.569 43.2852 0.643679 0.146394 -0.0804859 -0.0166372 -0.0804859 0.205535 0.0262902 -0.0166372 0.0262902 0.145657 
-34 4 0 -345.156 44.7892 -5.47492 0.116933 0.00804405 0.208476 0.00804405 0.150305 -0.346401 0.208476 -0.346401 7.18768 
-26 3 0 -264.686 34.9899 -1.77255 0.0796602 0.00348795 0.00423087 0.00348795 0.111126 -0.0483526 0.00423087 -0.0483526 0.163073 
-28 3 0 -283.973 32.1114 -2.39564 0.169643 -0.0156809 -0.0447423 -0.0156809 0.550093 -0.0406069 -0.0447423 -0.0406069 0.0885167 
-29 3 0 -295.718 33.2868 -3.50766 0.103884 -0.00751948 0.014728 -0.00751948 0.205214 -0.0926409 0.014728 -0.0926409 0.237438 
-30 3 0 -305.594 35.4359 -0.42453 0.206241 0.0882868 -0.0351569 0.0882868 0.203234 -0.0654217 -0.0351569 -0.0654217 0.100679 
-31 -3 0 -310.15 -32.4326 -4.29465 375.707 -3.83712 -12.0917 -3.83712 0.453795 0.316176 -12.0917 0.316176 1.73053 
-29 -3 0 -294.774 -32.8017 -4.92796 1.49404 -0.167108 0.442987 -0.167108 0.111738 0.0155048 0.442987 0.0155048 1.63408 
-27 3 0 -273.728 34.5565 -0.321541 0.215045 -0.0125933 -0.0584606 -0.0125933 0.0853788 -0.00311146 -0.0584606 -0.00311146 0.135236 
-27 -4 0 -274.135 -40.9868 -3.47808 0.48688 -0.804152 0.699659 -0.804152 3.81091 -1.43882 0.699659 -1.43882 1.35774 
-30 -4 0 -308.464 -42.7591 -4.65495 3.20261 0.0754748 -0.58873 0.0754748 0.286238 -0.597553 -0.58873 -0.597553 5.71355 
-33 3 0 -335.2 34.6383 -5.87288 0.126226 0.0122813 -0.0691388 0.0122813 0.180861 -1.06518 -0.0691388 -1.06518 22.9098 
-30 -3 0 -308.436 -34.0557 -3.43273 3.34847 -0.176105 1.44397 -0.176105 0.127215 -0.0254913 1.44397 -0.0254913 1.45569 
-27 -2 0 -274.63 -25.1107 -2.69223 0.122528 0.0293875 0.00997405 0.0293875 0.255883 0.0534757 0.00997405 0.0534757 0.0687791 
-32 -3 0 -324.315 -32.5544 -0.827037 0.465537 0.0927827 -0.119264 0.0927827 0.256642 0.0684442 -0.119264 0.0684442 0.150473 
-28 -1 0 -284.932 -16.766 -3.05039 0.130867 0.00429017 0.00687462 0.00429017 0.405178 0.0228554 0.00687462 0.0228554 0.0951633 
-27 -3 0 -272.806 -35.8231 -2.5237 0.174065 -0.0433775 0.0953262 -0.0433775 0.193757 0.0420236 0.0953262 0.0420236 0.296368 
-34 1 0 -344.407 14.7854 -6.28068 0.146328 -0.00117348 -0.265598 -0.00117348 0.130059 0.0548628 -0.265598 0.0548628 4.26776 
-34 3 0 -344.996 34.8845 -5.86945 0.127664 0.00379535 -0.345524 0.00379535 0.168239 -0.670854 -0.345524 -0.670854 13.045 
-32 -2 0 -324.92 -25.0482 -2.98454 0.190958 -0.0168005 -0.0717136 -0.0168005 0.156945 0.0437356 -0.0717136 0.0437356 0.160765 
-26 -4 0 -263.923 -42.1669 -2.24614 0.152425 0.0471543 -0.087565 0.0471543 0.299379 -0.0959596 -0.087565 -0.0959596 0.168402 
-26 -2 0 -266.018 -25.6834 -2.34343 0.106394 0.0273782 0.00243491 0.0273782 0.143519 0.032174 0.00243491 0.032174 0.0628473 
-32 -1 0 -324.048 -14.8862 -5.7033 0.162821 0.00992059 -0.288671 0.00992059 0.110201 -0.0689761 -0.288671 -0.0689761 2.78038 
-25 2 0 -255.035 27.3688 -2.10176 0.131731 0.004747 -0.000754102 0.004747 0.285705 -0.12434 -0.000754102 -0.12434 0.132581 
-29 0 0 -295.259 -2.951 -2.57124 0.214407 -0.0162641 -0.0197413 -0.0162641 0.0322996 -0.00861625 -0.0197413 -0.00861625 0.0601677 
-29 2 0 -295.854 27.1544 -4.98063 0.110197 -0.0351697 0.00390834 -0.0351697 0.239967 0.0449399 0.00390834 0.0449399 0.242801 
-26 0 0 -262.816 0.272779 -1.11869 0.142852 0.0269479 0.0136396 0.0269479 0.0407768 0.0239427 0.0136396 0.0239427 0.0758498 
-34 0 0 -344.683 -0.681024 -6.56848 0.121891 -0.00326645 0.00315704 -0.00326645 0.03205 -0.0287646 0.00315704 -0.0287646 2.1335 
-31 0 0 -315.622 0.257372 -2.53836 0.184547 -0.0332683 -0.0309302 -0.0332683 0.0496253 0.0240044 -0.0309302 0.0240044 0.0966137 
-27 -1 0 -274.901 -16.9553 -2.98335 0.122111 0.0449943 0.00119603 0.0449943 0.454521 0.0475422 0.00119603 0.0475422 0.100376 
-34 -4 0 -344.044 -43.7308 -7.00155 0.888381 0.353586 -0.940486 0.353586 0.326442 -0.442367 -0.940486 -0.442367 2.06567 
-25 -4 0 -254.947 -42.9104 -3.77733 0.181727 -0.0196463 0.0724022 -0.0196463 0.140651 -0.0743098 0.0724022 -0.0743098 0.133967 
-25 -3 0 -255.6 -35.2984 -0.395622 0.157691 0.0220194 0.0330265 0.0220194 0.141496 -0.0116664 0.0330265 -0.0116664 0.0784187 
-25 1 0 -254.954 14.7522 -6.23521 0.135297 -0.00181486 0.014463 -0.00181486 0.135896 0.676912 0.014463 0.676912 16.4546 
-32 -4 0 -323.543 -43.5608 0.120963 0.235811 -0.0691318 -0.0490552 -0.0691318 0.291214 -0.0238957 -0.0490552 -0.0238957 0.058556 
-28 4 0 -284.887 40.7593 -1.25824 0.120423 0.0996251 0.0143221 0.0996251 2.72065 0.412354 0.0143221 0.412354 0.2254 
-28 -2 0 -284.595 -24.3119 -2.63874 0.131251 0.0426232 0.0117724 0.0426232 0.348662 0.0582916 0.0117724 0.0582916 0.0665306 
-33 0 0 -334.325 1.78383 -4.35034 0.15559 -0.00537393 -0.0753583 -0.00537393 0.0527357 -0.0369915 -0.0753583 -0.0369915 0.210384 
-30 0 0 -307.316 -3.02417 -2.45101 0.199368 -0.00984416 -0.0205571 -0.00984416 0.0521204 -0.010415 -0.0205571 -0.010415 0.0476993 
-33 -3 0 -331.752 -34.1956 -4.17342 1.33696 -0.907855 -0.155644 -0.907855 0.803396 0.0708765 -0.155644 0.0708765 0.380398 
-31 3 0 -315.856 34.2348 -2.78469 0.163398 -0.0112962 0.0391766 -0.0112962 0.276367 -0.188225 0.0391766 -0.188225 0.245647 
-26 -1 0 -264.053 -16.364 -1.22222 0.103348 -0.069414 -0.0195624 -0.069414 0.209189 -0.00677387 -0.0195624 -0.00677387 0.0690958 
-34 -2 0 -344.427 -24.3569 -6.57986 0.0953323 -0.0294178 -0.0348274 -0.0294178 0.154565 -0.0995571 -0.0348274 -0.0995571 1.31823 
-29 -1 0 -295.25 -16.3849 -2.00743 0.136647 0.0336847 0.00694931 0.0336847 0.284588 0.0432215 0.00694931 0.0432215 0.0600454 
-30 4 0 -305.963 42.725 -0.446662 0.175741 0.0586629 0.0614275 0.0586629 0.229729 0.0870691 0.0614275 0.0870691 0.153213 
-25 3 0 -255.141 34.0099 0.0655349 0.142405 -0.000137175 0.00123606 -0.000137175 0.0887324 0.00609312 0.00123606 0.00609312 0.118107 
-32 3 0 -325.118 33.6962 -5.49312 0.150378 0.0366676 -0.331794 0.0366676 0.236856 -0.461625 -0.331794 -0.461625 3.5474 
-25 -1 0 -255.63 -15.2405 -5.352 0.20307 -0.00799921 0.100499 -0.00799921 0.184159 0.0361489 0.100499 0.0361489 0.550864 
-31 -2 0 -314.454 -22.3534 -2.65893 0.102054 0.0264204 0.00975365 0.0264204 0.277993 -0.0281817 0.00975365 -0.0281817 0.0787912 
-33 -2 0 -333.952 -24.8243 -4.15896 0.185734 0.0654422 -0.0349877 0.0654422 0.233141 0.119773 -0.0349877 0.119773 0.372919 
-32 4 0 -325.185 43.6419 -5.13301 0.174645 0.0530978 -0.148558 0.0530978 0.21843 -0.0363801 -0.148558 -0.0363801 0.719443 
-30 -2 0 -305.152 -22.601 -2.15519 0.134058 -0.0558631 -0.00955068 -0.0558631 0.26214 -0.0365469 -0.00955068 -0.0365469 0.0676801 
-25 -2 0 -256.078 -26.4458 -2.16092 0.171334 -0.00198424 0.040284 -0.00198424 0.206215 0.0650989 0.040284 0.0650989 0.0888129 
-26 -3 0 -264.667 -34.7549 -1.92517 0.13766 0.0016407 -0.0322702 0.0016407 0.145834 0.00173717 -0.0322702 0.00173717 0.088809 
-27 2 0 -274.39 28.175 -2.50126 0.169898 0.0456985 0.00416891 0.0456985 0.417122 -0.0924948 0.00416891 -0.0924948 0.101454 
-34 -1 0 -344.621 -15.2591 -6.47086 0.10767 0.0225536 0.0774368 0.0225536 0.13089 0.129117 0.0774368 0.129117 1.27233 
-33 -4 0 -335.327 -42.5572 -5.3886 0.439652 0.197176 -0.644577 0.197176 0.184327 -0.367589 -0.644577 -0.367589 1.45581 
-33 1 0 -335.307 15.4364 -6.0731 0.126436 -0.0211482 0.0751422 -0.0211482 0.138761 -0.163209 0.0751422 -0.163209 2.00132 
-31 -1 0 -315.839 -15.721 -2.11409 0.193248 0.0313014 -0.00593962 0.0313014 0.114047 -0.0202753 -0.00593962 -0.0202753 0.0640777 
-29 -2 0 -294.704 -23.555 -1.9873 0.169763 0.0716961 0.00847521 0.0716961 0.25769 -0.0243371 0.00847521 -0.0243371 0.0550774 
-28 -4 0 -281.908 -40.7297 -2.53883 0.854986 3.13946 0.0896279 3.13946 23.4183 0.379032 0.0896279 0.379032 0.890133 
-32 0 0 -325.106 -0.36482 -3.59078 0.133366 0.000252519 0.0375897 0.000252519 0.0344085 0.019177 0.0375897 0.019177 0.188606 
-30 -1 0 -305.134 -16.5755 -1.55058 0.125961 0.0235449 -0.00316915 0.0235449 0.228756 0.0354366 -0.00316915 0.0354366 0.0556829 
-25 0 0 -256.003 0.780785 -4.95087 0.180522 -0.00224314 0.107862 -0.00224314 0.0386357 -0.00464253 0.107862 -0.00464253 0.296775 
-31 2 0 -315.514 25.593 -6.15191 0.135382 -0.0334699 0.17339 -0.0334699 0.1508 -0.375318 0.17339 -0.375318 6.41515 
-27 0 0 -273.75 2.72216 0.226298 0.181264 -0.034494 0.00683523 -0.034494 0.0601348 0.0301242 0.00683523 0.0301242 0.0790092 
-32 1 0 -325.148 13.5062 -5.38703 0.109479 0.00640476 0.0166615 0.00640476 0.194091 0.292124 0.0166615 0.292124 1.17051 
-33 -1 0 -335.5 -15.2452 -6.63645 0.113699 0.00288661 -0.00649683 0.00288661 0.111786 0.108021 -0.00649683 0.108021 2.75914 
-31 1 0 -315.836 12.9745 -4.20431 0.182096 -0.0156797 -0.0121912 -0.0156797 0.18199 0.0927821 -0.0121912 0.0927821 0.214747 
-30 1 0 -306.615 15.9258 -6.29081 0.178013 -0.0276768 0.233957 -0.0276768 0.108372 0.155586 0.233957 0.155586 10.136 
-29 1 0 -294.106 11.542 -2.09776 0.803918 -0.664994 0.268902 -0.664994 1.48605 -0.351699 0.268902 -0.351699 0.357398 
-26 1 0 -264.065 13.3804 -4.60317 0.174687 -0.0202895 -0.0274551 -0.0202895 0.164802 0.140817 -0.0274551 0.140817 0.311745 
-28 2 0 -284.907 28.6355 -4.70171 0.121691 0.0671472 -0.0213133 0.0671472 0.874531 -0.0695375 -0.0213133 -0.0695375 0.133343 
-27 1 0 -272.529 12.0386 -1.18668 0.394184 -0.232538 -0.293321 -0.232538 1.0648 0.739975 -0.293321 0.739975 0.712065 
-34 2 0 -345.061 24.9895 -6.46858 0.12711 0.0402187 -0.756886 0.0402187 0.472233 -6.45164 -0.756886 -6.45164 117.81 
-33 2 0 -335.038 24.6058 -6.35566 0.126088 0.00223221 0.00918238 0.00223221 0.112051 0.0788626 0.00918238 0.0788626 5.15814 
-33 4 0 -336.798 43.9158 -5.45414 0.269125 -0.00085463 -0.834744 -0.00085463 0.17193 -0.021035 -0.834744 -0.021035 5.67015 
-34 -3 0 -345.429 -32.8334 -7.07785 0.16155 0.0218902 -0.105157 0.0218902 0.244295 -0.119488 -0.105157 -0.119488 4.65615 
-32 2 0 -325.042 25.1498 -6.30011 0.121194 -0.00891869 0.0133798 -0.00891869 0.147891 -0.807095 0.0133798 -0.807095 15.5306 
-30 2 0 -304.766 26.5458 -5.2904 0.130153 -0.0108165 -0.0929921 -0.0108165 0.178821 -0.0434224 -0.0929921 -0.0434224 0.372209 
-28 0 0 -284.733 0.00869349 0.754097 0.167588 -0.0365297 -0.0199296 -0.0365297 0.072333 0.0230554 -0.0199296 0.0230554 0.0550314 
-26 2 0 -264.614 26.2596 -6.05817 0.128237 0.0377336 -0.0970262 0.0377336 0.193104 -0.179103 -0.0970262 -0.179103 0.738378 
