-33 -9 1 -333.203 -97.2426 11.4867 4.00691 0.397112 -0.0459239 0.397112 0.312543 -0.106357 -0.0459239 -0.106357 1.31924 
-33 -10 1 -333.291 -101.056 11.1054 5.67589 -1.69333 -0.0208452 -1.69333 2.94524 0.0977922 -0.0208452 0.0977922 1.50699 
-33 -12 1 -332.584 -124.613 11.3359 0.444768 -0.0684814 0.0138483 -0.0684814 0.137158 0.0701118 0.0138483 0.0701118 1.28947 
-33 -13 1 -336.016 -135.325 11.0317 2.31454 -1.59036 0.702112 -1.59036 1.14119 -0.437453 0.702112 -0.437453 1.61865 
-31 -14 1 -313.55 -143.926 11.0566 0.746246 0.477619 0.106714 0.477619 0.47604 -0.107865 0.106714 -0.107865 2.24427 
-27 -14 1 -278.468 -147.594 11.7894 4.52254 -0.394752 -0.41061 -0.394752 0.527888 -0.179821 -0.41061 -0.179821 0.935552 
-26 -9 0 -262.756 -97.2797 2.89735 0.670656 0.250695 -1.33085 0.250695 1.7575 -2.84401 -1.33085 -2.84401 13.0912 
-33 -8 0 -333.008 -86.2215 5.74441 0.327605 -0.00586401 0.0291907 -0.00586401 0.204878 -0.0648418 0.0291907 -0.0648418 0.235282 
-34 -13 0 -340.648 -139.4 6.27394 21.3174 0.00385411 1.21766 0.00385411 35.2134 1.4906 1.21766 1.4906 0.231659 
-28 -14 1 -283.646 -148.108 11.493 0.357398 0.0584869 -0.381706 0.0584869 0.626215 -0.388154 -0.381706 -0.388154 0.995319 
-32 -7 0 -322.721 -75.6933 0.89959 4.42283 4.01011 -0.0415192 4.01011 4.15079 -0.0992399 -0.0415192 -0.0992399 0.156396 
-31 -7 0 -315.807 -79.1658 0.995832 2.98165 18.0699 -0.615156 18.0699 115.782 -3.61105 -0.615156 -3.61105 0.29667 
-31 -8 0 -312.296 -84.3974 -1.12439 0.0865991 -0.0404191 -0.00542352 -0.0404191 0.132062 -0.173802 -0.00542352 -0.173802 0.490789 
-34 -9 0 -341.225 -94.2078 -2.22945 127.618 67.4987 17.7427 67.4987 39.773 11.6378 17.7427 11.6378 4.02873 
-28 -13 0 -285.001 -136.203 -2.23909 0.147215 -0.0194891 -0.0444614 -0.0194891 0.181835 0.122939 -0.0444614 0.122939 0.209218 
-32 -11 0 -328.49 -115.286 -2.2134 0.264259 -0.00460985 0.0462425 -0.00460985 0.382001 0.170381 0.0462425 0.170381 0.136641 
-26 -5 0 -264.228 -54.3705 -6.04961 0.736524 0.356211 5.0382 0.356211 0.331042 3.1299 5.0382 3.1299 51.8684 
-29 -13 0 -295.087 -135.128 -2.82027 0.0979719 0.00815844 0.026818 0.00815844 0.172139 0.0995894 0.026818 0.0995894 0.371769 
-25 -11 0 -255.173 -116.15 -4.68991 0.117324 0.0112737 -0.00100141 0.0112737 0.365774 -0.30596 -0.00100141 -0.30596 0.733418 
-25 -13 0 -254.124 -135.53 -2.51732 0.125747 0.0185937 0.00921674 0.0185937 0.242824 0.158005 0.00921674 0.158005 0.242085 
-27 -13 0 -274.914 -136.323 -0.85724 0.159315 0.00905466 0.0185264 0.00905466 0.17871 0.0896783 0.0185264 0.0896783 0.139306 
-30 -11 0 -304.917 -114.909 -5.98682 0.172091 0.0334453 1.06483 0.0334453 0.135097 0.413143 1.06483 0.413143 31.5363 
-31 -13 0 -313.877 -136.51 0.146268 0.189394 -0.0147506 0.0107528 -0.0147506 0.190433 0.0610935 0.0107528 0.0610935 0.0730155 
-33 -14 1 -336.657 -142.658 11.8266 0.688738 0.627177 -0.0674226 0.627177 0.777952 0.227152 -0.0674226 0.227152 1.1915 
-30 -13 0 -304.066 -135.255 -2.88014 0.139795 0.0170077 -0.030258 0.0170077 0.183665 0.109849 -0.030258 0.109849 0.353995 
-26 -12 0 -265.026 -125.349 -5.98811 0.116985 0.00237779 -0.00310005 0.00237779 0.221628 1.61625 -0.00310005 1.61625 32.2173 
-29 -14 0 -295.799 -143.63 0.79458 0.131457 0.0136435 0.0409881 0.0136435 0.208832 0.022821 0.0409881 0.022821 0.0987481 
-30 -12 0 -304.231 -125.29 -4.95766 0.134882 -0.0256767 -0.016869 -0.0256767 0.18549 -0.0409282 -0.016869 -0.0409282 0.966801 
-32 -13 0 -324.259 -135.919 -1.75214 0.224181 0.0602978 0.0558309 0.0602978 0.158116 0.062407 0.0558309 0.062407 0.106473 
-25 -14 1 -258.984 -147.546 11.2482 238.51 42.1007 -66.8928 42.1007 7.7178 -11.89 -66.8928 -11.89 19.406 
-32 -12 0 -321.093 -126.51 -1.02964 0.315596 -0.0858076 0.0811401 -0.0858076 0.187384 -0.0199805 0.0811401 -0.0199805 0.106492 
-31 -10 0 -314.323 -105.55 -5.66846 0.134042 0.0170577 0.275713 0.0170577 0.144415 -0.126915 0.275713 -0.126915 5.26995 
-25 -5 0 -254.757 -52.7441 -6.60608 0.167346 -0.0126991 1.28853 -0.0126991 0.184548 1.89658 1.28853 1.89658 121.36 
-29 -12 0 -294.939 -124.883 -5.80613 0.126383 0.00347768 0.380153 0.00347768 0.128012 0.150424 0.380153 0.150424 6.97904 
-33 -12 0 -333.607 -127.171 6.03142 0.190902 0.00933845 -0.0394421 0.00933845 0.223762 -0.0664915 -0.0394421 -0.0664915 0.10961 
-25 -6 0 -257.152 -65.9872 -6.55312 0.917771 -0.075318 2.53593 -0.075318 0.170389 0.210234 2.53593 0.210234 161.446 
-28 -14 0 -284.619 -144.513 1.57356 0.124528 0.00501203 -0.00241804 0.00501203 0.142166 0.0157547 -0.00241804 0.0157547 0.0867925 
-25 -7 0 -256.189 -73.4319 -6.53907 0.272213 0.0544079 3.44154 0.0544079 0.0931423 0.755534 3.44154 0.755534 75.3646 
-30 -7 0 -306.844 -79.936 2.03177 0.802582 -2.77769 1.02912 -2.77769 59.7227 -2.90087 1.02912 -2.90087 1.50449 
-29 -10 0 -298.648 -106.103 -6.12241 1.63297 0.14474 -1.25664 0.14474 0.152932 -0.202081 -1.25664 -0.202081 5.67664 
-30 -8 0 -306.776 -84.5758 -1.64835 0.571638 -0.221252 0.139099 -0.221252 0.236159 -0.149861 0.139099 -0.149861 0.227747 
-25 -12 0 -254.915 -125.213 -5.92401 0.121714 -0.00166548 -0.140215 -0.00166548 0.107914 0.113528 -0.140215 0.113528 8.18887 
-26 -7 0 -262.255 -72.2872 -6.199 2.71976 0.29222 21.3242 0.29222 0.518269 3.84841 21.3242 3.84841 186.359 
-28 -11 0 -285.151 -115.894 -4.97548 0.12777 -0.0314498 0.0462898 -0.0314498 0.280487 -0.241742 0.0462898 -0.241742 0.75203 
-30 -9 0 -304.209 -97.6045 -5.72516 0.340043 0.067959 1.08592 0.067959 0.300726 0.514608 1.08592 0.514608 8.52337 
-27 -11 0 -275.689 -115.599 -4.97472 0.113428 -0.0347469 0.0387566 -0.0347469 0.290283 -0.197235 0.0387566 -0.197235 0.494695 
-29 -11 0 -294.591 -115.639 -5.13964 0.155733 0.0379921 -0.111087 0.0379921 0.207547 -0.162016 -0.111087 -0.162016 0.57547 
-33 -5 0 -334.078 -56.8554 -2.44513 0.291137 -0.133745 -0.0561032 -0.133745 0.863672 0.0657015 -0.0561032 0.0657015 0.13518 
-26 -13 0 -265.159 -136.143 -1.34756 0.174033 0.029233 -0.029227 0.029233 0.237752 0.121382 -0.029227 0.121382 0.168275 
-31 -12 0 -316.851 -125.423 -2.34162 0.178215 0.0103042 0.0964994 0.0103042 0.255992 -0.0214019 0.0964994 -0.0214019 0.160529 
-30 -10 0 -305.227 -104.94 -6.0328 0.129582 0.00488479 0.265469 0.00488479 0.110918 -0.123025 0.265469 -0.123025 7.0637 
-31 -11 0 -313.618 -113.778 -5.78125 0.266942 0.0914925 3.63748 0.0914925 0.174142 1.74208 3.63748 1.74208 112.968 
-28 -12 0 -285.177 -125.054 -5.90924 0.125273 0.00539402 0.0723113 0.00539402 0.16796 0.577649 0.0723113 0.577649 12.323 
-33 -11 0 -332.906 -115.549 2.70607 0.495525 0.0102781 0.115015 0.0102781 0.219229 0.0457974 0.115015 0.0457974 0.102895 
-27 -12 0 -275.107 -125.17 -5.96444 0.123863 0.0194566 0.491721 0.0194566 0.153859 0.656141 0.491721 0.656141 33.7054 
-32 -10 0 -324.952 -103.899 -3.38502 0.258212 0.106023 0.158026 0.106023 0.269048 -0.193619 0.158026 -0.193619 0.637391 
-33 -10 0 -333.999 -102.399 2.37812 0.373543 -0.0282929 -0.0315927 -0.0282929 0.378514 -0.0788952 -0.0315927 -0.0788952 0.0846785 
-32 -9 0 -326.23 -94.8771 -1.39807 0.247015 -0.0396792 0.182403 -0.0396792 0.108314 -0.0299843 0.182403 -0.0299843 0.330076 
-31 -9 0 -315.693 -97.6478 -5.10157 0.107707 0.0966671 0.336317 0.0966671 0.319707 0.43358 0.336317 0.43358 8.67538 
-25 -14 0 -255.702 -144.905 1.16436 0.120459 -0.0126275 0.00534961 -0.0126275 0.123546 0.00244895 0.00534961 0.00244895 0.084397 
-32 -8 0 -323.65 -87.925 -0.398128 0.185486 -0.0194642 0.0820845 -0.0194642 0.227139 -0.0318701 0.0820845 -0.0318701 0.256157 
-33 -11 1 -332.612 -118.318 11.0921 2.65146 1.21919 0.260605 1.21919 1.89358 0.142239 0.260605 0.142239 2.97296 
-26 -14 0 -264.584 -144.381 0.810816 0.136603 0.0150211 -0.0222274 0.0150211 0.128455 0.00123939 -0.0222274 0.00123939 0.0888467 
-27 -14 0 -275.42 -144.48 1.07362 0.127759 -0.0172396 0.0108058 -0.0172396 0.127296 0.00631985 0.0108058 0.00631985 0.0873475 
-26 -6 0 -264.302 -62.9524 -5.93571 0.811463 -0.0710476 5.4435 -0.0710476 0.194571 -1.69666 5.4435 -1.69666 49.1918 
-32 -14 0 -322.889 -142.344 -0.742084 0.308861 -0.0205928 0.0272219 -0.0205928 0.291937 0.0471033 0.0272219 0.0471033 0.062671 
-26 -11 0 -264.466 -115.521 -4.8168 0.111843 -0.00395763 -0.021251 -0.00395763 0.348113 -0.181379 -0.021251 -0.181379 0.362118 
-31 -14 0 -314.289 -142.416 3.76633 0.254136 0.0239589 -0.0424748 0.0239589 0.320535 0.0557387 -0.0424748 0.0557387 0.0659203 
-26 -14 1 -262.147 -149.261 11.8209 65.4455 8.14986 2.54457 8.14986 8.72101 -1.60627 2.54457 -1.60627 1.93192 
-33 -9 0 -333.228 -96.2639 3.83594 0.211068 0.0258544 -0.0459443 0.0258544 0.103355 -0.0253948 -0.0459443 -0.0253948 0.105521 
-30 -14 0 -303.421 -144.291 1.24015 0.239371 0.0229703 0.0372407 0.0229703 0.143506 0.0288991 0.0372407 0.0288991 0.078363 
-33 -14 0 -336.307 -141.57 3.45909 0.161492 0.156815 0.0299922 0.156815 0.626215 0.0438051 0.0299922 0.0438051 0.0425001 
-33 -13 0 -335.074 -132.976 3.38444 0.119328 -0.0174828 -0.013518 -0.0174828 0.0976564 0.000251884 -0.013518 0.000251884 0.0840767 
