-34 5 0 -343.253 53.5181 -4.84577 0.460804 -0.205484 0.557532 -0.205484 0.298123 -0.78263 0.557532 -0.78263 5.25263 
-33 5 0 -335.117 56.897 -5.05876 0.160691 -0.166352 0.179 -0.166352 0.386563 -0.596664 0.179 -0.596664 3.78907 
-34 6 0 -345.687 64.5763 -2.89915 0.148273 0.00706448 0.054089 0.00706448 0.150651 0.0137048 0.054089 0.0137048 0.085634 
-32 6 0 -324.807 62.4019 -5.00167 1.11014 -0.684753 9.16784 -0.684753 2.04564 -21.2579 9.16784 -21.2579 298.862 
-30 5 0 -306.071 54.4713 -2.3795 2.22723 0.0867708 0.391726 0.0867708 0.133352 -0.0355609 0.391726 -0.0355609 0.370615 
-32 5 0 -322.929 54.29 -2.76648 0.227509 0.0564155 -0.143381 0.0564155 0.108126 -0.0549568 -0.143381 -0.0549568 0.230768 
-33 6 0 -334.626 65.8699 -4.66597 0.182344 -0.0770724 1.10364 -0.0770724 0.176315 -1.67897 1.10364 -1.67897 28.7928 
-30 6 0 -306.136 64.277 -1.47326 6.27869 -0.460494 0.11408 -0.460494 0.124424 -0.0128156 0.11408 -0.0128156 0.260499 
-31 5 0 -313.096 53.1155 -1.97674 10.9674 0.882613 1.12715 0.882613 9.00299 0.0251585 1.12715 0.0251585 0.326811 
-34 7 0 -345.689 72.3113 0.015317 2.23085 3.34577 -0.235406 3.34577 10.3423 -0.235879 -0.235406 -0.235879 0.0923844 
