-40 4 1 -405.979 45.2758 11.237 0.17251 0.130061 -0.0115718 0.130061 1.04861 1.04477 -0.0115718 1.04477 2.17326 
-38 4 1 -387.648 45.6959 11.166 0.205374 -0.148854 0.297823 -0.148854 0.291816 -0.252335 0.297823 -0.252335 1.5134 
-41 4 1 -416.449 43.6607 11.6096 0.0572679 -0.0493745 -0.0068687 -0.0493745 0.452872 -0.199384 -0.0068687 -0.199384 0.531399 
-43 4 1 -435.935 44.6851 11.6133 0.192787 -0.0943224 0.208273 -0.0943224 0.192923 -0.266697 0.208273 -0.266697 0.889682 
-44 4 1 -444.558 43.5285 11.6323 0.531277 0.783824 -0.602867 0.783824 1.336 -1.15854 -0.602867 -1.15854 1.80226 
-41 3 1 -418.763 34.6294 10.7595 9.43361 2.75485 3.36876 2.75485 1.23671 1.57458 3.36876 1.57458 5.60219 
-43 3 1 -435.26 37.6382 11.3852 2.55032 -1.62996 -1.01819 -1.62996 1.15783 0.678108 -1.01819 0.678108 1.00343 
-42 -3 0 -425.308 -32.1078 1.86421 0.317439 0.34989 0.113893 0.34989 0.981976 0.25208 0.113893 0.25208 0.378029 
-38 -1 0 -383.181 -12.3256 -3.07872 1.61002 22.0336 -2.87674 22.0336 692.534 -33.8205 -2.87674 -33.8205 17.5272 
-43 -3 0 -435.52 -32.4134 -2.95528 8.70058 -2.02262 -16.2433 -2.02262 0.827406 3.42087 -16.2433 3.42087 38.4704 
-40 -1 0 -404.149 -15.671 -2.62604 0.443102 -0.0478837 -0.197676 -0.0478837 0.130423 0.0378134 -0.197676 0.0378134 0.575684 
-42 -1 0 -425.606 -16.8719 -2.43634 0.227995 -0.0763257 -0.434847 -0.0763257 0.115609 0.159473 -0.434847 0.159473 1.88263 
-43 -1 0 -434.27 -17.54 -3.70505 0.154109 0.0256932 -0.0179086 0.0256932 0.208987 0.376757 -0.0179086 0.376757 1.63186 
-44 -2 0 -446.658 -22.454 -3.47882 0.455761 -0.701644 0.643645 -0.701644 1.8654 -0.283533 0.643645 -0.283533 3.04238 
-40 -2 0 -406.52 -26.6445 0.518752 0.244721 -0.0638312 0.0345394 -0.0638312 0.169819 0.0504154 0.0345394 0.0504154 0.0969229 
-41 -3 0 -414.148 -32.2282 -0.413734 0.0957727 0.0276798 -0.014182 0.0276798 0.527605 -0.137923 -0.014182 -0.137923 0.109514 
-35 4 0 -354.935 45.3864 -4.75217 0.140511 0.0347388 0.0267626 0.0347388 0.156246 -0.0952869 0.0267626 -0.0952869 0.434324 
-42 4 1 -423.871 45.321 11.085 0.17191 0.10237 -0.150869 0.10237 0.195378 -0.378832 -0.150869 -0.378832 1.57354 
-36 4 0 -365.627 44.941 -0.317296 0.129571 -0.022189 0.0231938 -0.022189 0.124412 -0.0123312 0.0231938 -0.0123312 0.0629944 
-42 -2 0 -421.706 -26.9705 2.62335 0.685057 0.0910404 -0.0610114 0.0910404 0.255897 0.0617628 -0.0610114 0.0617628 0.123106 
-41 -1 0 -414.598 -14.6907 -2.43162 0.165385 0.00344462 0.00729806 0.00344462 0.142395 0.0190378 0.00729806 0.0190378 0.355373 
-43 0 0 -434.819 1.28602 -4.98778 0.119767 0.00383856 -0.164422 0.00383856 0.0348427 0.305892 -0.164422 0.305892 23.558 
-39 1 0 -394.633 15.1215 -5.55995 0.122301 -0.00824459 -0.0351985 -0.00824459 0.147388 0.232418 -0.0351985 0.232418 3.23709 
-40 0 0 -404.784 0.499525 -2.47927 0.119323 0.00515762 -0.00751964 0.00515762 0.0430228 0.0261886 -0.00751964 0.0261886 0.293613 
-38 1 0 -385.173 15.328 -5.78524 0.12164 0.0262916 0.255053 0.0262916 0.20187 1.12167 0.255053 1.12167 16.8731 
-35 1 0 -355.045 15.0116 -6.39902 0.139716 0.0150528 0.504655 0.0150528 0.128439 0.308071 0.504655 0.308071 14.7148 
-41 -2 0 -415.699 -26.6809 0.686663 0.171921 -0.0239739 0.0515203 -0.0239739 0.193645 -0.0021408 0.0515203 -0.0021408 0.0732797 
-37 1 0 -374.798 14.7621 -5.82542 0.12938 0.0166813 0.0989891 0.0166813 0.144246 0.0936955 0.0989891 0.0936955 2.56206 
-37 4 0 -373.888 44.5539 0.266265 0.120211 0.0301364 -0.00993538 0.0301364 0.137072 -0.00739021 -0.00993538 -0.00739021 0.0632772 
-37 -2 0 -372.988 -25.0745 -2.61403 0.37281 0.0246345 -0.0919869 0.0246345 0.143325 0.0051816 -0.0919869 0.0051816 0.114905 
-36 0 0 -365.088 -0.817894 -1.35255 0.125114 0.00280374 0.00985431 0.00280374 0.0512997 0.00992362 0.00985431 0.00992362 0.0887353 
-42 0 0 -424.153 2.85621 -3.73567 0.144608 -0.00222145 -0.133183 -0.00222145 0.0433514 0.0485641 -0.133183 0.0485641 0.682181 
-39 4 1 -395.244 44.6395 11.3413 0.316424 -0.132251 0.168 -0.132251 0.255982 -0.213243 0.168 -0.213243 1.02147 
-36 -2 0 -365.374 -24.8482 -1.03756 0.108089 -0.0471426 -0.00451432 -0.0471426 0.13697 0.000779404 -0.00451432 0.000779404 0.071144 
-37 -3 0 -373.068 -32.4605 -4.20189 0.272425 -0.0853541 -0.0143858 -0.0853541 0.278397 0.120115 -0.0143858 0.120115 0.316475 
-36 2 0 -364.9 25.2783 -6.1111 0.121218 0.0110892 -0.123268 0.0110892 0.128079 -0.156391 -0.123268 -0.156391 3.33557 
-36 -3 0 -366.727 -32.5081 -2.5549 0.229184 0.0583134 0.0302607 0.0583134 0.303033 -0.0698142 0.0302607 -0.0698142 0.104996 
-43 -2 0 -435.156 -21.6569 -2.99898 0.15241 -0.0224422 -0.126007 -0.0224422 0.256007 0.0166912 -0.126007 0.0166912 1.27002 
-42 3 0 -425.293 35.7605 0.98439 0.111561 0.0132139 -0.00228005 0.0132139 0.177995 0.0113362 -0.00228005 0.0113362 0.0557359 
-35 -4 0 -356.848 -44.8992 -7.63818 0.724083 -0.0216008 -1.38063 -0.0216008 0.126784 -0.12352 -1.38063 -0.12352 7.77243 
-35 -2 0 -356.856 -24.3263 -0.177519 0.240725 0.00493965 0.0323519 0.00493965 0.169663 -0.0212374 0.0323519 -0.0212374 0.0645333 
-39 2 0 -394.829 24.6412 -5.80018 0.141658 0.00243766 0.525262 0.00243766 0.128158 -0.0475614 0.525262 -0.0475614 15.7621 
-38 0 0 -385.723 1.58437 -0.19127 0.156858 0.00520075 0.0225594 0.00520075 0.0923194 0.00357472 0.0225594 0.00357472 0.0838572 
-38 2 0 -385.201 24.7695 -5.97631 0.132196 -0.0306196 0.762894 -0.0306196 0.159379 -1.01273 0.762894 -1.01273 43.0917 
-44 0 0 -443.599 3.89677 -3.90878 0.163583 -0.00619846 0.0693695 -0.00619846 0.0326882 -0.0811583 0.0693695 -0.0811583 0.805191 
-41 0 0 -414.399 1.79121 -1.42913 0.13328 0.00200787 -0.0488256 0.00200787 0.0294434 -5.41969e-05 -0.0488256 -5.41969e-05 0.242224 
-35 -3 0 -354.621 -33.9403 -6.16215 0.160393 -0.0421919 0.0494499 -0.0421919 0.212692 -0.098612 0.0494499 -0.098612 0.16872 
-35 -1 0 -355.776 -15.4307 -4.40679 0.146145 0.0275408 0.0385617 0.0275408 0.121557 0.0496892 0.0385617 0.0496892 0.0974497 
-35 0 0 -356.863 -1.46315 -3.58574 0.204149 -0.0146217 0.0922787 -0.0146217 0.050254 0.000375969 0.0922787 0.000375969 0.151661 
-41 3 0 -416.447 36.0994 -0.322823 0.165921 -0.03663 0.0472857 -0.03663 0.155536 -0.0133208 0.0472857 -0.0133208 0.0679089 
-44 -1 0 -445.249 -13.6346 -4.46423 0.198943 0.0325565 2.46167 0.0325565 0.134019 0.661912 2.46167 0.661912 71.1764 
-36 -1 0 -364.477 -14.5595 -1.3523 0.193383 -0.00924451 0.0420206 -0.00924451 0.154423 -0.00390893 0.0420206 -0.00390893 0.0766653 
-36 3 0 -366.128 35.5773 -2.86205 0.169755 0.04255 0.0723242 0.04255 0.146091 -0.026512 0.0723242 -0.026512 0.141385 
-38 4 0 -385.399 45.4543 -0.66912 0.102368 -0.0192726 0.00939224 -0.0192726 0.104438 -0.0240553 0.00939224 -0.0240553 0.0530674 
-37 2 0 -375.054 25.1437 -6.08516 0.133891 -0.0684229 1.39239 -0.0684229 0.3756 -5.32657 1.39239 -5.32657 115.587 
-37 -4 0 -370.886 -46.0497 -0.809847 3.6829 0.860289 -0.244046 0.860289 0.76544 -0.0750577 -0.244046 -0.0750577 0.0595573 
-40 2 0 -405.209 24.9725 -4.66545 0.151168 -0.00114151 0.0214053 -0.00114151 0.142423 0.000811412 0.0214053 0.000811412 0.166734 
-37 0 0 -374.052 -0.399393 -2.28101 0.139916 0.00653048 -0.0273575 0.00653048 0.0650613 0.0224568 -0.0273575 0.0224568 0.105237 
-36 -4 0 -365.376 -44.9611 -4.95134 1.21725 -0.575691 0.473908 -0.575691 0.402467 -0.204286 0.473908 -0.204286 0.246181 
-44 3 0 -444.129 36.5438 0.548418 0.149101 0.0225238 -0.0156693 0.0225238 0.178373 -0.00248193 -0.0156693 -0.00248193 0.0557246 
-42 1 0 -424.805 14.072 -4.28226 0.117889 -0.00721975 -0.0618253 -0.00721975 0.192763 0.139425 -0.0618253 0.139425 0.967334 
-35 2 0 -355.16 24.9644 -6.35548 0.136953 -0.00674559 0.179965 -0.00674559 0.120279 -0.178784 0.179965 -0.178784 7.01544 
-41 1 0 -415.162 13.4304 -3.73256 0.111506 0.00122928 -0.0169357 0.00122928 0.199555 0.17649 -0.0169357 0.17649 0.436777 
-44 4 0 -445.281 44.4837 -0.53644 0.111241 0.0115877 -0.000398262 0.0115877 0.122667 0.0214543 -0.000398262 0.0214543 0.0650559 
-40 1 0 -405.561 14.705 -4.89033 0.145427 0.00360274 0.144601 0.00360274 0.166683 0.157458 0.144601 0.157458 0.964313 
-43 2 0 -435.052 24.9909 -5.17291 0.157771 0.00672131 2.12339 0.00672131 0.121254 0.251149 2.12339 0.251149 117.764 
-44 2 0 -444.984 25.347 -4.54289 0.141229 0.0115706 -0.0218564 0.0115706 0.135796 -0.0202179 -0.0218564 -0.0202179 0.369296 
-42 2 0 -424.928 25.0711 -5.19949 0.120625 -0.00127609 -0.049386 -0.00127609 0.123725 -0.0643222 -0.049386 -0.0643222 0.790391 
-40 -3 0 -406.891 -34.4547 -2.23574 0.509977 0.272236 -0.242765 0.272236 0.335749 -0.260299 -0.242765 -0.260299 0.730646 
-38 3 0 -384.231 35.8083 0.452126 0.132289 0.0171545 0.00191608 0.0171545 0.156767 -0.0137177 0.00191608 -0.0137177 0.0580954 
-37 -1 0 -372.596 -14.29 -1.09028 0.434043 -0.0830086 -0.0690181 -0.0830086 0.144941 0.00545045 -0.0690181 0.00545045 0.0648558 
-39 0 0 -394.117 2.09856 -0.157169 0.145468 -0.00215465 -0.0222333 -0.00215465 0.0809845 -0.00900334 -0.0222333 -0.00900334 0.0886746 
-41 2 0 -415.033 25.0093 -5.35105 0.125151 0.00341681 0.0643219 0.00341681 0.121331 -0.0606423 0.0643219 -0.0606423 0.71188 
-36 1 0 -364.803 15.5975 -5.78186 0.132485 -0.015671 -0.0416217 -0.015671 0.13962 -0.0796884 -0.0416217 -0.0796884 2.00786 
-44 1 0 -443.867 13.8772 -3.32287 0.17192 -0.00028451 -0.0567552 -0.00028451 0.216775 0.233889 -0.0567552 0.233889 0.711065 
-37 3 0 -375.249 35.2618 0.325694 0.133692 -0.0393093 -0.00577782 -0.0393093 0.177217 0.0195735 -0.00577782 0.0195735 0.0784012 
-43 3 0 -434.835 35.9527 1.6102 0.121286 -0.0094767 -0.00626879 -0.0094767 0.169134 0.00585591 -0.00626879 0.00585591 0.0588373 
-40 3 0 -405.204 36.9153 -2.95927 0.104194 0.00033557 0.020469 0.00033557 0.214442 -0.109455 0.020469 -0.109455 0.188583 
-43 1 0 -435.346 14.9547 -4.55292 0.118889 0.0123752 0.102781 0.0123752 0.169232 0.0698652 0.102781 0.0698652 1.6429 
-39 3 0 -394.725 36.5591 -0.984779 0.118941 -0.00911956 -0.000183293 -0.00911956 0.208023 -0.027882 -0.000183293 -0.027882 0.0637912 
-42 4 0 -425.497 44.4507 -0.234738 0.136553 -0.0440032 0.00737768 -0.0440032 0.125487 0.00749392 0.00737768 0.00749392 0.059312 
-43 4 0 -435.072 43.9831 -0.243767 0.136013 -0.000433902 -0.000395162 -0.000433902 0.134206 0.0225992 -0.000395162 0.0225992 0.0728144 
-40 4 0 -405.862 44.21 -0.733753 0.121588 0.0446923 0.0156169 0.0446923 0.162187 0.00031942 0.0156169 0.00031942 0.0471975 
-35 3 0 -355.242 35.0213 -5.4862 0.144738 -0.0132256 0.139549 -0.0132256 0.150355 -0.125754 0.139549 -0.125754 1.14753 
-41 4 0 -415.22 44.9847 -0.928114 0.119743 0.0250062 0.0147075 0.0250062 0.17172 -0.00290019 0.0147075 -0.00290019 0.0677058 
-39 4 0 -395.346 44.2729 -0.0187252 0.113756 -0.0259453 5.65903e-05 -0.0259453 0.134782 -0.00350649 5.65903e-05 -0.00350649 0.0401167 
