-44 6 1 -449.039 67.2095 14.1073 17.7033 -5.2658 0.752477 -5.2658 16.2523 3.66331 0.752477 3.66331 1.19685 
-41 5 1 -416.494 56.2336 12.2065 5.39998 -10.4618 -6.45941 -10.4618 20.6563 12.6562 -6.45941 12.6562 8.2323 
-39 5 1 -396.447 56.0283 10.8248 0.101986 0.0802892 -0.0564218 0.0802892 0.19825 -0.221938 -0.0564218 -0.221938 1.07606 
-38 5 1 -387.552 53.3385 11.0144 9.27639 -4.49296 -3.5269 -4.49296 2.38258 1.53975 -3.5269 1.53975 2.48827 
-37 5 1 -372.851 52.5594 11.4581 2.47341 -2.91795 -0.160206 -2.91795 4.61309 -0.307586 -0.160206 -0.307586 1.03016 
-43 5 1 -434.14 54.2322 12.2869 1.20088 -0.991636 0.591822 -0.991636 1.0069 -0.889309 0.591822 -0.889309 1.45051 
-42 8 0 -422.257 82.6563 0.510113 0.43419 0.229424 0.070845 0.229424 0.267185 0.0336267 0.070845 0.0336267 0.848487 
-43 7 0 -435.455 73.7913 0.275554 0.138941 -0.0872772 0.14271 -0.0872772 0.366066 -0.405858 0.14271 -0.405858 0.7043 
-42 5 1 -429.057 52.6738 12.2798 26.2297 -22.4569 -7.79549 -22.4569 20.155 7.38168 -7.79549 7.38168 3.2729 
-36 8 0 -363.362 82.3347 1.21756 1.52171 2.30592 -0.1817 2.30592 4.36786 -0.342009 -0.1817 -0.342009 0.0889191 
-36 5 0 -366.655 53.3931 -0.483337 0.144128 -0.0193064 0.0307835 -0.0193064 0.18493 0.0170157 0.0307835 0.0170157 0.0682205 
-41 5 0 -415.179 55.6036 -1.37537 0.120422 -0.0177377 0.0153797 -0.0177377 0.154479 -0.0446506 0.0153797 -0.0446506 0.0778051 
-40 6 0 -403.842 64.72 -0.0982783 0.256001 0.0455825 -0.0598115 0.0455825 0.0968298 -0.0131806 -0.0598115 -0.0131806 0.0925982 
-41 8 0 -415.253 83.778 0.222867 0.1673 0.100168 -0.194832 0.100168 0.751806 -1.67164 -0.194832 -1.67164 4.73102 
-42 5 0 -425.567 54.0865 -0.882673 0.104163 -0.00788491 0.0251086 -0.00788491 0.140066 0.0031215 0.0251086 0.0031215 0.07236 
-37 6 0 -376.148 64.7855 0.876528 0.221949 -0.0767829 0.0411405 -0.0767829 0.130045 -0.017488 0.0411405 -0.017488 0.0660258 
-40 7 0 -405.75 73.9142 -1.37919 0.117195 0.0196956 -0.125576 0.0196956 2.12169 -11.0009 -0.125576 -11.0009 61.1917 
-43 6 1 -433.312 62.6284 11.3511 11.3999 12.921 5.6143 12.921 14.7314 6.59752 5.6143 6.59752 5.22883 
-40 8 0 -403.135 82.4046 0.323794 0.796194 1.72813 -7.38666 1.72813 4.61166 -20.5032 -7.38666 -20.5032 102.051 
-35 6 0 -353.041 64.1836 -0.666186 0.410212 -0.0887285 0.0353821 -0.0887285 0.317261 -0.0304372 0.0353821 -0.0304372 0.0647023 
-35 5 0 -356.536 54.4735 -1.09991 0.182064 -0.0313051 0.0457191 -0.0313051 0.155603 -0.0137763 0.0457191 -0.0137763 0.0720873 
-37 7 0 -371.94 71.8951 0.766302 0.943794 -0.0458719 -0.106594 -0.0458719 0.132391 0.0352116 -0.106594 0.0352116 0.133934 
-44 5 1 -443.045 55.5425 12.5718 0.612597 -0.314652 -0.145328 -0.314652 0.502639 0.320778 -0.145328 0.320778 0.592184 
-38 5 0 -386.668 54.4708 -0.0738057 0.157025 -0.0841713 -0.00231719 -0.0841713 0.236989 0.0172645 -0.00231719 0.0172645 0.0474924 
-40 5 0 -405.53 54.4114 -3.33376 0.129347 -0.0204422 0.0624319 -0.0204422 0.133655 -0.0228854 0.0624319 -0.0228854 0.251841 
-44 5 0 -444.605 55.0686 -1.48623 0.152037 -0.00583847 -0.0251891 -0.00583847 0.127437 -0.0214488 -0.0251891 -0.0214488 0.0931476 
-38 6 0 -384.705 63.3034 -1.0352 0.247456 0.248686 -0.0349386 0.248686 0.460881 -0.0387178 -0.0349386 -0.0387178 0.122358 
-43 5 0 -435.382 53.6398 -1.00906 0.126071 0.0214132 0.0313325 0.0214132 0.143844 0.0428858 0.0313325 0.0428858 0.0926939 
-42 6 0 -425.738 64.7434 -2.53158 0.17352 -0.0406546 0.202285 -0.0406546 0.142617 -0.0565242 0.202285 -0.0565242 1.28015 
-36 6 0 -365.285 66.3625 -0.632522 0.180192 -0.0595273 0.115004 -0.0595273 0.201334 -0.0828046 0.115004 -0.0828046 0.134795 
-39 5 0 -394.482 55.3937 -1.75838 0.114639 0.0542076 -0.00400191 0.0542076 0.166396 -0.0164695 -0.00400191 -0.0164695 0.0595992 
-36 7 0 -365.078 74.4508 -2.37109 13.9922 9.73358 13.5342 9.73358 6.89344 9.34511 13.5342 9.34511 13.4246 
-44 6 0 -445.347 64.9997 -0.971414 0.102275 -0.0286096 0.0198059 -0.0286096 0.168345 -0.0721175 0.0198059 -0.0721175 0.117189 
-39 7 0 -395.719 73.1845 -1.41272 0.438389 -0.676294 3.35227 -0.676294 2.28153 -10.4153 3.35227 -10.4153 51.2684 
-37 5 0 -373.425 53.5162 1.83122 0.225281 0.190643 -0.0225253 0.190643 0.489798 -0.00209123 -0.0225253 -0.00209123 0.0494686 
-43 6 0 -434.719 63.8901 -0.63537 0.113775 0.0328362 -0.0316209 0.0328362 0.146468 0.000723571 -0.0316209 0.000723571 0.135797 
-41 6 0 -414.465 65.348 -1.72689 0.111587 0.0399776 -0.100516 0.0399776 0.199008 -0.121836 -0.100516 -0.121836 0.269416 
-41 7 0 -414.367 75.7168 -1.5454 0.620438 1.11583 -6.80105 1.11583 2.52158 -15.0176 -6.80105 -15.0176 94.4197 
-38 7 0 -385.545 74.9326 -1.49183 0.218126 0.0974505 -0.0232131 0.0974505 0.273216 -0.296617 -0.0232131 -0.296617 1.37327 
-40 6 1 -404.981 63.9714 11.8801 1.27497 -0.051144 1.5128 -0.051144 0.0747534 -0.120667 1.5128 -0.120667 2.04264 
-39 6 0 -394.2 64.56 -1.47905 0.196082 -0.0286642 -0.0351486 -0.0286642 0.0798011 -0.0204478 -0.0351486 -0.0204478 0.122283 
-35 7 0 -352.946 77.2888 -1.42354 1.9507 5.50616 0.844494 5.50616 16.4019 2.44557 0.844494 2.44557 0.723548 
-44 7 0 -444.693 73.3419 -1.19944 2.39723 2.92148 -15.0592 2.92148 3.88451 -19.136 -15.0592 -19.136 99.1042 
-42 7 0 -424.595 72.898 1.54679 0.178673 -0.0122083 0.0305231 -0.0122083 0.228683 0.0362973 0.0305231 0.0362973 0.0816105 
