-46 4 1 -461.361 47.2013 12.0341 1.01646 0.441573 0.0966226 0.441573 2.74039 -0.553434 0.0966226 -0.553434 0.496046 
-54 4 1 -547.843 45.5683 12.4009 0.581643 0.16316 -0.0882788 0.16316 0.134561 -0.0748829 -0.0882788 -0.0748829 0.34881 
-47 4 1 -478.36 43.2693 12.6037 0.357843 0.142586 -0.0177592 0.142586 0.602734 -0.271089 -0.0177592 -0.271089 0.422335 
-48 4 1 -484.951 42.872 12.2502 0.293447 -0.214959 0.0935915 -0.214959 0.443883 -0.313967 0.0935915 -0.313967 0.580119 
-49 4 1 -494.955 44.7323 12.2616 0.409847 -0.197113 0.210343 -0.197113 0.353381 -0.059889 0.210343 -0.059889 0.49977 
-50 4 1 -504.533 43.2498 12.3401 0.152765 -0.0365258 0.0355512 -0.0365258 0.209138 -0.0571249 0.0355512 -0.0571249 0.474477 
-51 4 1 -515.903 43.9761 12.1917 0.196787 0.103681 -0.168274 0.103681 0.151426 -0.128987 -0.168274 -0.128987 0.530593 
-51 3 1 -513.08 37.7528 11.1721 0.618508 -0.228452 -0.574566 -0.228452 0.520918 0.285538 -0.574566 0.285538 1.38979 
-48 3 1 -487.125 36.6944 11.6156 0.955834 -0.13641 0.109077 -0.13641 0.417173 0.0164884 0.109077 0.0164884 1.08017 
-46 3 1 -464.36 32.7756 11.1811 0.225098 0.0603599 -0.178888 0.0603599 0.244624 0.145945 -0.178888 0.145945 1.23797 
-50 3 1 -504.848 35.8711 12.2192 0.225301 0.0405561 0.0447308 0.0405561 0.168981 -0.0832888 0.0447308 -0.0832888 0.453527 
-45 4 1 -454.558 46.4057 11.8996 0.250216 0.300617 0.227567 0.300617 0.928931 0.29223 0.227567 0.29223 0.787862 
-52 3 1 -528.956 35.5049 12.0012 1.00299 0.134921 0.00208583 0.134921 0.125342 0.010338 0.00208583 0.010338 0.644428 
-53 3 1 -535.28 35.6455 12.689 0.121857 0.0540476 0.0591115 0.0540476 0.171169 0.0115585 0.0591115 0.0115585 0.368557 
-49 3 1 -495.736 36.0606 11.0695 0.289468 0.117747 0.214836 0.117747 0.261046 -0.120489 0.214836 -0.120489 2.20484 
-53 2 1 -535.555 28.713 12.4396 0.800158 -0.795679 0.0685817 -0.795679 1.18285 -0.16537 0.0685817 -0.16537 0.112542 
-47 3 1 -477.669 37.5195 11.3045 0.590459 -0.169229 0.257472 -0.169229 0.444075 -0.0827139 0.257472 -0.0827139 0.555498 
-50 -2 0 -501.58 -23.7707 6.08081 1.18803 -0.311315 -10.6131 -0.311315 0.30115 1.6946 -10.6131 1.6946 159.904 
-48 -2 0 -484.365 -25.6773 6.056 0.162461 0.157002 0.0787737 0.157002 0.910544 0.460167 0.0787737 0.460167 2.41671 
-52 2 0 -524.907 25.1792 -2.77594 0.130786 -0.00991937 0.0827985 -0.00991937 0.137773 -0.10532 0.0827985 -0.10532 0.92879 
-51 2 0 -515.161 25.2511 -3.10772 0.114425 0.00882247 -0.0285923 0.00882247 0.119937 -0.0759438 -0.0285923 -0.0759438 1.08493 
-48 -1 0 -485.796 -18.9362 5.21857 0.0988931 0.433694 -0.0229306 0.433694 32.7099 0.109496 -0.0229306 0.109496 0.327548 
-52 1 0 -525.342 17.1618 -1.87046 0.135345 -0.0622875 0.0237342 -0.0622875 0.365589 0.294334 0.0237342 0.294334 1.70276 
-51 1 0 -515.011 17.4958 -2.28771 0.128158 0.0429868 0.096152 0.0429868 0.617929 0.4745 0.096152 0.4745 1.84746 
-54 4 0 -545.898 44.0155 0.971331 0.180279 -0.00831725 0.0665801 -0.00831725 0.140094 0.00981351 0.0665801 0.00981351 0.11604 
-48 3 0 -485.418 36.1123 1.21578 0.122919 0.0251609 0.00264625 0.0251609 0.200544 -0.0160949 0.00264625 -0.0160949 0.0676875 
-50 -1 0 -503.867 -18.564 5.96912 0.513313 4.73746 -2.13446 4.73746 79.9443 -25.974 -2.13446 -25.974 13.9985 
-45 3 0 -456.561 34.7829 0.283527 0.173718 0.000318728 0.0551397 0.000318728 0.120746 0.00385029 0.0551397 0.00385029 0.0543511 
-45 -2 0 -453.911 -23.9007 -1.71631 0.216425 -0.0163469 0.181445 -0.0163469 0.334865 -0.214476 0.181445 -0.214476 1.35469 
-48 4 0 -485.322 43.6225 -0.0475075 0.132908 0.00322171 0.00708953 0.00322171 0.152011 0.0325264 0.00708953 0.0325264 0.076651 
-46 2 1 -464.632 29.3582 11.3982 0.524061 0.089585 -0.845674 0.089585 1.99488 -1.02979 -0.845674 -1.02979 3.25168 
-49 2 0 -494.971 25.081 -3.7574 0.193278 -0.025968 2.97381 -0.025968 0.130869 -0.801764 2.97381 -0.801764 112.852 
-46 4 0 -464.325 44.1915 -0.718342 0.12497 -0.0058282 -0.0287966 -0.0058282 0.103833 0.00793772 -0.0287966 0.00793772 0.0603437 
-45 2 0 -455.234 25.3209 -4.16537 0.126694 -0.00173311 0.0630824 -0.00173311 0.125588 -0.0567798 0.0630824 -0.0567798 0.230967 
-53 4 1 -536.478 45.984 11.5503 1.07848 -0.405529 0.146548 -0.405529 0.224322 -0.0245882 0.146548 -0.0245882 0.544313 
-46 0 0 -464.537 8.93242 -2.41932 0.399442 0.00353638 0.938361 0.00353638 0.0810671 -0.0825593 0.938361 -0.0825593 2.98558 
-48 1 0 -484.809 14.0356 -0.902084 0.126799 -0.00498299 -0.0171165 -0.00498299 0.198109 0.0999158 -0.0171165 0.0999158 0.332445 
-54 3 1 -541.161 34.8928 12.297 1.58179 0.20568 -0.494152 0.20568 0.298041 -0.255701 -0.494152 -0.255701 0.569396 
-48 0 0 -484.138 9.49088 -0.187013 0.161322 0.638529 -0.172932 0.638529 13.0446 -2.18354 -0.172932 -2.18354 1.8155 
-52 0 0 -527.698 1.62635 -2.34934 1.51767 -0.108559 0.748114 -0.108559 0.0447421 0.176132 0.748114 0.176132 6.98876 
-46 3 0 -465.405 35.2468 2.07608 0.131569 0.00514073 -0.00792804 0.00514073 0.119416 0.0160997 -0.00792804 0.0160997 0.0574728 
-47 4 0 -476.284 43.6032 0.187711 0.140903 0.00355766 0.0284726 0.00355766 0.144997 0.0253443 0.0284726 0.0253443 0.0605949 
-46 2 0 -464.549 26.7743 -0.0116121 0.159712 -0.00944053 -0.00913614 -0.00944053 0.172196 -0.0523027 -0.00913614 -0.0523027 0.0507511 
-51 3 0 -514.464 35.4293 1.94197 0.153013 0.0262599 -0.0120462 0.0262599 0.204 -0.0322732 -0.0120462 -0.0322732 0.0710215 
-54 0 0 -545.748 4.27762 -1.95625 0.289052 -0.0517756 2.46895 -0.0517756 0.0524711 -0.334332 2.46895 -0.334332 39.4471 
-48 2 0 -485.349 25.1892 -3.58476 0.141091 0.00413361 0.0976553 0.00413361 0.132775 -0.0384529 0.0976553 -0.0384529 0.464867 
-47 1 0 -475.612 14.3546 -2.46357 0.113225 0.0193652 0.0910877 0.0193652 0.176144 0.174128 0.0910877 0.174128 0.551646 
-45 4 0 -455.19 45.3554 0.313777 0.140831 -0.00155249 0.00981615 -0.00155249 0.139039 0.00618221 0.00981615 0.00618221 0.0433298 
-47 2 0 -475.206 24.7697 -4.23095 0.153364 0.0136212 0.966577 0.0136212 0.132312 0.542912 0.966577 0.542912 24.726 
-47 3 0 -475.275 35.9808 1.87146 0.126478 0.018615 0.0108518 0.018615 0.193416 -0.00171502 0.0108518 -0.00171502 0.05893 
-50 0 0 -503.188 -1.25492 5.26459 5.7516 -8.96436 -3.44315 -8.96436 15.214 5.62072 -3.44315 5.62072 2.13927 
-45 1 0 -455.165 13.7303 -1.7142 0.158184 0.0312953 -0.00212949 0.0312953 0.220251 0.107355 -0.00212949 0.107355 0.305219 
-53 0 0 -535.405 4.80415 -1.86383 0.177017 0.0432328 0.0717411 0.0432328 0.0851384 0.112196 0.0717411 0.112196 1.03818 
-47 0 0 -477.617 4.57074 0.506158 0.122566 0.0319601 0.20135 0.0319601 0.0517895 0.234543 0.20135 0.234543 1.67981 
-50 2 0 -504.801 26.3401 -0.758182 0.13461 -0.00451694 -0.00434678 -0.00451694 0.169786 -0.0807009 -0.00434678 -0.0807009 0.0942771 
-50 3 0 -504.7 35.0835 2.59922 0.133832 -0.00404329 0.00159539 -0.00404329 0.134184 0.0108673 0.00159539 0.0108673 0.079303 
-46 1 0 -464.843 14.3202 -2.99844 0.0948661 -0.0207408 -0.0173779 -0.0207408 0.203436 0.238859 -0.0173779 0.238859 0.869235 
-49 3 0 -494.889 35.8327 2.16344 0.111301 -0.0159654 0.00687006 -0.0159654 0.190896 -0.0107963 0.00687006 -0.0107963 0.0731887 
-49 1 0 -494.183 15.4009 -2.15066 0.131436 0.0823789 -0.000199476 0.0823789 0.323135 0.269099 -0.000199476 0.269099 0.823614 
-52 3 0 -526.537 34.5409 2.15012 0.240663 0.0127419 0.073726 0.0127419 0.148015 0.00576121 0.073726 0.00576121 0.0738902 
-49 4 0 -495.16 44.7428 0.631949 0.120297 -0.0133101 0.00301483 -0.0133101 0.121801 -0.0106486 0.00301483 -0.0106486 0.0726955 
-53 1 0 -535.224 16.3876 -1.69474 0.14187 -0.0365228 -0.00268049 -0.0365228 0.159648 -0.0235534 -0.00268049 -0.0235534 1.1235 
-51 4 0 -515.267 44.4911 0.545774 0.177562 0.00971267 0.0131987 0.00971267 0.160317 0.0381102 0.0131987 0.0381102 0.0890069 
-47 -3 0 -476.453 -33.3855 5.85275 0.25154 0.0343047 1.33047 0.0343047 0.220437 0.643609 1.33047 0.643609 22.001 
-50 4 0 -504.669 44.0974 0.699798 0.147173 -0.0285636 -0.0108613 -0.0285636 0.125196 0.0191992 -0.0108613 0.0191992 0.0807511 
-54 1 0 -544.989 16.5226 -1.54613 0.140486 -0.0407475 0.00192267 -0.0407475 0.239481 0.119967 0.00192267 0.119967 1.44005 
-48 -3 0 -485.994 -34.2262 6.26738 0.217191 2.66172 -0.450859 2.66172 166.109 1.46663 -0.450859 1.46663 27.1941 
-54 2 0 -544.557 25.4425 -2.37602 0.153635 -0.0283176 1.61486 -0.0283176 0.145431 -1.33931 1.61486 -1.33931 70.2479 
-47 -2 0 -475.067 -26.1871 5.68228 0.153945 -0.0300257 0.462723 -0.0300257 0.256447 0.262284 0.462723 0.262284 6.81826 
-53 2 0 -534.912 26.4561 1.35862 0.147598 -0.0111056 0.00970434 -0.0111056 0.196117 -0.06076 0.00970434 -0.06076 0.07197 
-54 3 0 -544.204 35.2621 1.70286 0.138666 0.0267156 -0.0212293 0.0267156 0.125174 -0.00197627 -0.0212293 -0.00197627 0.0565166 
-52 4 1 -525.355 48.9568 13.4488 0.607859 -0.198797 -0.321819 -0.198797 1.45636 0.606445 -0.321819 0.606445 0.62557 
-50 1 0 -504.792 15.2915 1.08307 0.164368 0.0210568 0.0114339 0.0210568 0.42026 0.165835 0.0114339 0.165835 0.206454 
-53 3 0 -534.658 35.2647 2.79608 0.122899 0.0125167 -0.00627822 0.0125167 0.112452 -0.00967707 -0.00627822 -0.00967707 0.0588653 
-53 4 0 -535.161 44.7301 3.07591 0.177294 -0.000414441 0.00964674 -0.000414441 0.0804161 -0.0146867 0.00964674 -0.0146867 0.0867571 
-52 4 0 -524.658 45.1241 -0.357723 0.130373 -0.0300108 0.0270709 -0.0300108 0.11862 0.00308411 0.0270709 0.00308411 0.0875417 
-45 0 0 -453.457 7.7319 -1.92939 0.186798 0.0188648 -0.0918439 0.0188648 0.0430688 -0.0438513 -0.0918439 -0.0438513 0.328567 
-49 -1 0 -494.545 -18.7481 5.19421 0.138606 1.26118 -0.0234115 1.26118 41.5414 1.21455 -0.0234115 1.21455 0.525853 
-49 -2 0 -494.221 -24.6875 5.9986 0.133479 -0.0542504 0.08781 -0.0542504 0.811194 -0.0363965 0.08781 -0.0363965 4.94799 
-47 -1 0 -474.479 -19.1615 5.30455 0.159142 0.29721 0.0959576 0.29721 26.0953 -2.89452 0.0959576 -2.89452 1.95312 
