-45 8 0 -457.068 84.5609 2.08938 0.28127 0.029342 0.0995101 0.029342 0.131473 0.00162435 0.0995101 0.00162435 0.0775977 
-48 6 0 -485.725 63.4018 -0.455945 0.123249 -0.0143134 0.0487705 -0.0143134 0.111201 0.0206244 0.0487705 0.0206244 0.165868 
-48 5 1 -481.26 57.4054 14.3221 1.78041 -0.150514 0.48566 -0.150514 1.70283 0.0996468 0.48566 0.0996468 0.39116 
-50 7 0 -503.662 74.4404 3.03118 0.122454 -0.0223398 -0.0330395 -0.0223398 0.241629 -0.127465 -0.0330395 -0.127465 0.175444 
-54 6 0 -545.581 63.5183 1.89776 0.274864 0.140077 0.0900381 0.140077 0.225312 0.0370973 0.0900381 0.0370973 0.181662 
-47 8 0 -474.839 81.8079 3.36019 0.600697 -0.726787 -0.168132 -0.726787 1.94356 0.149283 -0.168132 0.149283 0.123457 
-46 5 0 -464.518 54.8334 -2.73517 0.114882 0.00262492 -0.0296921 0.00262492 0.132493 -0.0202019 -0.0296921 -0.0202019 0.126184 
-53 5 0 -535.153 53.1192 1.589 0.145661 -0.0140692 -0.0244682 -0.0140692 0.157981 0.056977 -0.0244682 0.056977 0.105131 
-54 5 0 -545.449 52.9331 0.963041 0.201368 -0.0401592 0.0918261 -0.0401592 0.193772 0.0472631 0.0918261 0.0472631 0.179721 
-52 6 0 -525.328 62.3884 1.67949 0.165691 -0.00896609 0.0178723 -0.00896609 0.260245 0.0443816 0.0178723 0.0443816 0.137123 
-50 5 1 -506.47 51.95 12.9446 0.175551 -0.126369 0.0749204 -0.126369 0.57233 -0.109151 0.0749204 -0.109151 0.279692 
-45 7 0 -454.194 74.8862 0.15939 0.150953 0.0924424 -0.0256218 0.0924424 0.341672 -0.0237631 -0.0256218 -0.0237631 0.113992 
-46 7 0 -464.246 72.9961 0.712698 0.174309 -0.0493794 -0.116386 -0.0493794 0.388825 0.0250412 -0.116386 0.0250412 0.156669 
-49 7 0 -496.172 74.8645 1.41903 0.118777 0.0255183 -0.00429669 0.0255183 0.116861 -0.0810788 -0.00429669 -0.0810788 0.258144 
-45 5 0 -455.001 55.2089 -1.12426 0.148495 0.0377178 0.00790252 0.0377178 0.165158 -0.0132721 0.00790252 -0.0132721 0.0643317 
-50 6 0 -505.223 64.2716 0.0638801 0.123623 0.0156296 0.0662588 0.0156296 0.117318 -0.0415697 0.0662588 -0.0415697 0.358234 
-49 8 0 -491.826 83.1096 1.68505 1.20193 0.307068 0.808154 0.307068 0.660777 0.260727 0.808154 0.260727 0.684066 
-47 5 0 -475.004 54.8163 -0.921773 0.116702 0.0300864 0.00468105 0.0300864 0.14136 0.00108529 0.00468105 0.00108529 0.0564906 
-47 6 0 -474.931 64.4592 -1.52858 0.1092 -0.013759 -0.01607 -0.013759 0.117168 0.00346005 -0.01607 0.00346005 0.144075 
-51 6 0 -515.246 63.544 0.328236 0.134976 -0.0118256 0.0199833 -0.0118256 0.151387 -0.0615661 0.0199833 -0.0615661 0.363377 
-46 6 0 -464.085 63.6024 -1.75026 0.134249 0.0424474 -0.0582669 0.0424474 0.16602 0.00234065 -0.0582669 0.00234065 0.168924 
-48 5 0 -484.303 54.7739 -0.538256 0.121351 -0.0387486 -0.0270412 -0.0387486 0.140012 -0.0287262 -0.0270412 -0.0287262 0.100743 
-45 6 0 -455.479 64.5962 -0.911645 0.12225 -0.0189663 0.0446104 -0.0189663 0.197479 -0.0583967 0.0446104 -0.0583967 0.112155 
-52 5 0 -524.629 54.2572 0.23297 0.158846 -0.0150736 0.0104397 -0.0150736 0.133141 0.0414454 0.0104397 0.0414454 0.137555 
-48 8 0 -486.73 83.2572 1.76667 0.320372 -0.33597 0.174137 -0.33597 0.789016 -0.38377 0.174137 -0.38377 0.377645 
-49 6 0 -495.004 65.0572 1.40291 0.156205 0.0139825 -0.0051687 0.0139825 0.152131 -0.0768238 -0.0051687 -0.0768238 0.121443 
-51 5 0 -514.959 55.3555 -0.812722 0.114568 0.0106778 -0.00181157 0.0106778 0.142038 -0.0330141 -0.00181157 -0.0330141 0.208309 
-49 5 0 -494.639 54.8565 0.128761 0.110426 -0.0311841 0.0109844 -0.0311841 0.12677 -0.0190431 0.0109844 -0.0190431 0.134225 
-48 7 0 -482.673 73.7782 1.07432 0.250671 -0.0369678 -0.0976898 -0.0369678 0.194483 0.0109492 -0.0976898 0.0109492 0.127246 
-50 5 0 -505.852 54.227 0.457009 0.138304 -0.00590944 0.0296695 -0.00590944 0.129562 0.00523483 0.0296695 0.00523483 0.0934416 
-47 7 0 -475.096 74.7102 0.73954 0.131267 0.0201756 -0.0283871 0.0201756 0.242066 -0.0630533 -0.0283871 -0.0630533 0.110539 
-51 7 0 -514.31 73.2017 4.09391 0.205575 -0.120978 0.021431 -0.120978 0.211413 -0.0116771 0.021431 -0.0116771 0.150769 
-53 7 0 -530.67 73.384 6.35779 58.4652 -72.7832 2.66448 -72.7832 189.204 -6.22616 2.66448 -6.22616 0.447941 
-53 6 0 -533.538 65.45 3.04743 0.143566 -0.0519025 0.030107 -0.0519025 0.193048 -0.116632 0.030107 -0.116632 0.162029 
-52 5 1 -524.59 52.1756 11.133 2.64477 -0.586769 -1.73886 -0.586769 0.190577 0.556629 -1.73886 0.556629 4.61082 
-47 5 1 -479.272 57.8152 14.3928 3.28429 7.66797 0.505416 7.66797 43.3117 1.71134 0.505416 1.71134 0.277408 
-45 5 1 -455.878 53.8109 12.575 0.220067 0.124546 -0.0184664 0.124546 0.249759 0.0595807 -0.0184664 0.0595807 0.433937 
