-57 0 0 -575.615 6.74337 7.3564 0.879099 0.177833 -0.0447009 0.177833 0.493175 0.256409 -0.0447009 0.256409 0.65667 
-55 1 0 -553.607 17.0147 -0.884195 0.130408 -0.0505756 0.0212773 -0.0505756 0.444301 0.282912 0.0212773 0.282912 0.988461 
-56 4 0 -565.258 44.3804 3.14873 0.0891386 0.0242634 0.0210198 0.0242634 0.132661 -0.00170305 0.0210198 -0.00170305 0.142315 
-55 0 0 -556.643 2.48449 -0.239856 0.307157 0.00875336 1.16399 0.00875336 0.0974732 -0.127227 1.16399 -0.127227 5.55623 
-56 3 0 -563.437 34.7046 2.29818 0.156577 0.102416 -0.0408257 0.102416 0.223715 -0.0392167 -0.0408257 -0.0392167 0.098718 
-57 1 0 -572.6 15.0178 4.35524 0.694218 0.0910624 0.0350955 0.0910624 0.391063 0.0175874 0.0350955 0.0175874 0.562857 
-56 2 0 -562.922 27.9678 1.69074 0.225756 0.101294 -0.0730514 0.101294 1.20165 -0.141185 -0.0730514 -0.141185 0.0801781 
-55 3 0 -556.069 34.9895 2.63393 0.150022 0.0121712 0.0445712 0.0121712 0.166012 0.0132192 0.0445712 0.0132192 0.0790766 
-55 4 1 -557.495 43.8171 13.1809 1.49202 -3.78732 -0.672775 -3.78732 10.1206 1.82122 -0.672775 1.82122 0.682956 
-57 4 0 -573.195 45.1526 4.05035 0.272578 0.07173 0.211204 0.07173 0.120005 -0.00775962 0.211204 -0.00775962 0.391846 
-57 3 0 -573.372 35.0048 1.89185 0.20386 0.0604293 -0.102628 0.0604293 0.25645 -0.166984 -0.102628 -0.166984 0.187581 
-59 0 0 -590.717 6.50452 8.85316 46.5539 -49.7034 32.5916 -49.7034 56.246 -36.9725 32.5916 -36.9725 25.4412 
-55 2 0 -554.274 26.6946 0.252704 0.170109 0.0530939 0.0448813 0.0530939 0.252279 -0.0369438 0.0448813 -0.0369438 0.0754213 
-56 1 0 -562.599 15.1941 -0.272016 0.317189 0.360201 -0.601598 0.360201 0.672883 -0.427734 -0.601598 -0.427734 3.18304 
-55 4 0 -554.95 45.3679 3.06138 0.078023 0.0167564 -0.00452558 0.0167564 0.145969 -0.04701 -0.00452558 -0.04701 0.106934 
-56 0 0 -560.039 6.68392 0.90213 4157.32 216.012 -80.3764 216.012 15.8051 -6.12918 -80.3764 -6.12918 15.2235 
-55 3 1 -556.274 33.9558 11.426 0.253699 0.16021 0.0463139 0.16021 0.362135 0.0191195 0.0463139 0.0191195 0.705137 
