-6 -22 4 -18.3046 -66.1364 12.5471 84.2179 -58.999 2.93163 -58.999 116.128 -8.37378 2.93163 -8.37378 7.98045 
-2 -24 4 -7.04257 -74.1209 12.2094 175.82 -211.769 58.1602 -211.769 346.83 -65.5189 58.1602 -65.5189 57.7796 
-5 -22 3 -17.4561 -66.6758 10.1207 5.76025 0.474457 -0.321946 0.474457 2.77516 -0.57048 -0.321946 -0.57048 1.74786 
-4 -23 3 -13.0049 -69.2659 9.65711 6.07615 32.8041 -10.5013 32.8041 272.105 -62.6877 -10.5013 -62.6877 26.6073 
-3 -26 3 -9.28576 -78.3747 9.5464 81.6297 31.5149 -20.5754 31.5149 31.5413 -8.24669 -20.5754 -8.24669 13.3746 
0 -22 2 2.10719 -67.462 7.76137 123.331 -214.457 48.9088 -214.457 376.935 -80.6945 48.9088 -80.6945 31.4727 
-13 -20 2 -39.3086 -62.1743 6.6001 38.2881 0.201818 -8.73974 0.201818 5.56125 0.102055 -8.73974 0.102055 6.06293 
-13 -21 2 -39.334 -63.2986 6.17031 125.517 148.586 82.0446 148.586 192.581 86.7503 82.0446 86.7503 109.804 
-3 -22 2 -11.6287 -67.7114 7.11398 11.1344 0.582804 1.33153 0.582804 1.63352 0.226948 1.33153 0.226948 1.74798 
-13 -22 2 -39.9535 -67.1808 6.36539 11.2426 1.60457 1.2464 1.60457 5.9354 -1.08424 1.2464 -1.08424 13.6245 
-6 -23 2 -18.5474 -69.3361 6.68887 115.766 20.7422 -5.83207 20.7422 34.6264 -3.32042 -5.83207 -3.32042 6.91815 
-3 -23 2 -10.8489 -70.8631 7.13712 4.20354 0.438873 -0.549033 0.438873 1.20061 0.668679 -0.549033 0.668679 1.71438 
-3 -24 2 -10.5851 -73.2704 7.64902 1.40748 -0.312165 0.0242661 -0.312165 2.24243 0.43379 0.0242661 0.43379 1.477 
-4 -25 2 -12.2582 -75.312 6.33575 136.918 -24.01 -25.3098 -24.01 38.3816 -0.0371495 -25.3098 -0.0371495 12.9206 
-2 -26 2 -8.42491 -79.0792 7.44581 4.06041 0.225217 1.06313 0.225217 2.83709 -0.962146 1.06313 -0.962146 2.34851 
-1 -22 1 -4.92123 -66.7451 4.64082 70.692 -44.3415 81.4825 -44.3415 75.7026 -72.4885 81.4825 -72.4885 107.246 
-2 -25 1 -7.53187 -76.5339 4.99753 1.6325 -0.561431 0.287348 -0.561431 1.38552 -0.528469 0.287348 -0.528469 1.77123 
-1 -19 1 -5.22119 -58.0436 4.27136 3.72575 -0.173601 -1.21166 -0.173601 1.03945 0.364771 -1.21166 0.364771 2.95833 
0 -16 1 -0.981946 -50.4868 4.17252 0.522511 -0.321759 0.146147 -0.321759 16.6087 1.13894 0.146147 1.13894 1.22063 
-5 -22 2 -16.9804 -66.7597 7.41801 1.37658 0.519839 0.348142 0.519839 2.33704 0.201171 0.348142 0.201171 1.5016 
-3 -16 1 -9.27365 -50.8303 3.49339 34.3643 -14.6438 10.1768 -14.6438 63.2097 15.6303 10.1768 15.6303 22.4572 
-6 -21 3 -18.6967 -65.4692 10.1767 5.90077 -1.67429 -0.740582 -1.67429 7.55579 1.56395 -0.740582 1.56395 1.7304 
-2 -17 1 -7.38663 -52.4813 4.17741 2.03798 -1.06514 -0.970183 -1.06514 1.99681 0.588145 -0.970183 0.588145 2.06868 
-4 -24 3 -12.2642 -73.7513 9.91563 22.7544 2.90782 -3.20053 2.90782 2.14234 -1.86856 -3.20053 -1.86856 4.53282 
-3 -17 1 -9.81227 -52.8085 3.78249 5.01851 -0.40484 -0.688291 -0.40484 1.4917 0.902699 -0.688291 0.902699 3.62764 
0 -24 2 2.39455 -73.1219 7.62787 20.0316 -2.33639 -3.57872 -2.33639 4.62277 0.19689 -3.57872 0.19689 3.25157 
-1 -18 1 -4.74857 -55.0788 4.32317 1.70244 0.30389 -0.841276 0.30389 1.55208 -0.0734165 -0.841276 -0.0734165 4.34345 
0 -18 1 -1.2006 -54.6322 4.15635 0.852653 3.22824 -0.521401 3.22824 20.2198 -5.41548 -0.521401 -5.41548 4.21783 
-9 -18 1 -27.3007 -55.8335 3.10708 5515.73 9481.23 14289.9 9481.23 17134.7 25723.7 14289.9 25723.7 39342.9 
-2 -18 1 -7.91936 -55.1436 3.99215 1.66887 -0.459224 0.141623 -0.459224 2.02014 -0.614052 0.141623 -0.614052 2.72195 
-3 -18 1 -9.89222 -55.2752 3.9805 5.7991 0.170911 0.640787 0.170911 1.42294 -0.370949 0.640787 -0.370949 3.10082 
-5 -22 4 -17.6391 -66.2951 12.6113 18.5339 1.1181 7.91532 1.1181 65.364 -23.7159 7.91532 -23.7159 19.7895 
-6 -19 1 -20.8741 -58.2503 3.31591 2896.15 419.193 298.772 419.193 75.1321 46.6537 298.772 46.6537 56.413 
-3 -19 1 -9.87675 -58.1611 3.6485 6.59369 -0.603208 -5.10314 -0.603208 1.6418 0.79441 -5.10314 0.79441 8.87263 
-6 -20 1 -20.3657 -61.1089 3.48633 13.8955 4.4517 -0.722399 4.4517 13.8149 0.597408 -0.722399 0.597408 5.98146 
-2 -20 1 -8.1115 -61.1989 3.94201 2.41107 0.887484 0.0341161 0.887484 2.16445 -1.6823 0.0341161 -1.6823 4.46448 
-12 -20 1 -38.1168 -62.199 4.45724 1.85121 1.02948 0.0113894 1.02948 3.74074 0.179363 0.0113894 0.179363 1.44401 
-13 -20 1 -39.5271 -61.9571 4.24937 5.79327 0.0929769 -0.579398 0.0929769 2.89687 0.121086 -0.579398 0.121086 1.39471 
-2 -21 1 -7.98815 -63.832 3.42573 2.50377 1.22579 -1.96214 1.22579 3.70359 -1.86236 -1.96214 -1.86236 12.796 
-4 -21 1 -13.6785 -65.6647 3.40727 620.309 208.626 -653.685 208.626 85.2127 -214.576 -653.685 -214.576 694.573 
-5 -21 1 -16.9383 -64.8368 4.39042 2.37341 0.280781 -0.0914994 0.280781 2.52316 0.0626355 -0.0914994 0.0626355 1.25791 
-5 -21 4 -17.7343 -65.7206 12.3917 105.498 26.4268 -20.8111 26.4268 28.3141 4.70246 -20.8111 4.70246 19.9926 
0 -17 1 -0.223016 -52.5869 4.2213 0.824312 0.440432 0.245327 0.440432 1.48654 0.879005 0.245327 0.879005 3.10159 
-4 -22 3 -13.3382 -68.088 9.99086 6.27824 -0.215467 0.0961909 -0.215467 5.79016 1.31175 0.0961909 1.31175 2.28049 
-2 -26 3 -8.50282 -78.3278 10.572 13.3296 0.121711 -1.09371 0.121711 14.3759 -0.405275 -1.09371 -0.405275 1.50644 
-6 -22 1 -19.4013 -67.2783 4.52496 1.9878 0.23215 -0.507093 0.23215 1.60787 -0.0388367 -0.507093 -0.0388367 1.52201 
-12 -22 1 -38.7955 -67.1778 3.71235 42.6297 -4.76283 -1.56995 -4.76283 1.62661 -0.887351 -1.56995 -0.887351 4.97412 
-1 -16 1 -4.72979 -50.6077 4.21686 1.53347 -0.862913 0.132567 -0.862913 22.8968 0.340306 0.132567 0.340306 1.83434 
-5 -22 1 -16.643 -67.2097 4.48376 1.09191 -0.0344711 0.018049 -0.0344711 1.28215 -0.105068 0.018049 -0.105068 1.25698 
-4 -24 2 -12.4847 -73.487 7.4064 8.76936 0.500031 0.633884 0.500031 2.04222 -0.21158 0.633884 -0.21158 1.24538 
-14 -22 1 -42.1947 -67.6233 3.49412 60.254 0.837116 14.8298 0.837116 7.87989 -7.54634 14.8298 -7.54634 27.8013 
-3 -24 1 -9.76364 -72.9417 4.90303 3.06332 0.794751 0.558413 0.794751 1.88233 0.588803 0.558413 0.588803 1.91436 
-4 -24 1 -12.9346 -73.4194 4.48708 7.69446 0.663226 -1.53764 0.663226 1.59064 -0.0691897 -1.53764 -0.0691897 1.78078 
-4 -25 1 -12.6715 -75.4402 4.76829 16.1186 2.18841 -0.563031 2.18841 13.3228 1.11939 -0.563031 1.11939 1.61807 
-5 -21 3 -17.1516 -65.4707 10.0407 5.36332 2.16212 1.69692 2.16212 8.20804 2.54033 1.69692 2.54033 2.62335 
-3 -25 1 -10.1045 -76.6615 4.65571 2.15599 1.62024 0.542577 1.62024 2.24599 0.524145 0.542577 0.524145 1.55971 
-2 -26 1 -8.32754 -79.4762 4.20995 3.07642 -0.305095 0.698292 -0.305095 1.62303 -0.377658 0.698292 -0.377658 1.87455 
-13 -21 1 -40.2428 -64.7463 3.9334 2.30012 -1.07126 -0.515147 -1.07126 1.44881 -0.136533 -0.515147 -0.136533 1.87224 
-12 -21 2 -36.7631 -63.4764 6.79328 1.45706 1.64351 -1.17506 1.64351 20.6433 -2.00175 -1.17506 -2.00175 3.38442 
-3 -24 4 -11.3158 -72.8645 12.6975 14.1871 -5.94284 -0.813975 -5.94284 26.1319 0.169183 -0.813975 0.169183 4.20458 
1 -16 0 4.19921 -50.4758 1.37863 6.16731 -2.31708 2.12303 -2.31708 48.7733 2.40629 2.12303 2.40629 2.29021 
0 -17 0 0.340403 -52.6998 0.926997 0.373267 0.0236331 -0.106119 0.0236331 2.08491 -0.884597 -0.106119 -0.884597 2.69954 
-1 -18 0 -4.58265 -55.2956 1.9382 1.45208 0.293883 0.235112 0.293883 1.14872 0.11175 0.235112 0.11175 1.43507 
-1 -16 0 -4.7937 -50.5052 1.82996 2.28218 -0.244383 -0.314339 -0.244383 15.1844 0.652596 -0.314339 0.652596 1.35049 
1 -18 0 4.4526 -55.5935 1.49912 1.78047 2.0088 -0.381694 2.0088 5.67108 -1.76506 -0.381694 -1.76506 1.2267 
-2 -16 0 -7.98341 -50.5254 1.37689 1.38155 -1.33872 -0.920057 -1.33872 14.0204 2.62347 -0.920057 2.62347 1.71751 
-1 -25 0 -4.62101 -76.2117 0.633074 232.878 -1.74079 197.96 -1.74079 1.01626 -2.11216 197.96 -2.11216 169.631 
-2 -18 0 -8.00673 -55.5456 1.4454 1.9467 0.351592 -0.391343 0.351592 1.50715 -0.109807 -0.391343 -0.109807 0.744802 
-2 -19 0 -7.9175 -58.1335 0.703272 1.69745 0.0274395 -0.15073 0.0274395 2.00931 -0.256251 -0.15073 -0.256251 0.802842 
-3 -18 0 -10.3614 -55.4777 0.855945 1.96397 0.138738 -0.0119954 0.138738 1.32272 0.141447 -0.0119954 0.141447 0.729265 
-4 -18 0 -13.7587 -55.3666 -1.30548 3.07085 0.284684 -17.2168 0.284684 1.55539 -6.28203 -17.2168 -6.28203 186.682 
-3 -19 0 -10.2573 -58.4509 0.812592 2.42075 -0.215672 0.186878 -0.215672 1.56755 0.0404718 0.186878 0.0404718 0.634107 
-2 -20 0 -8.05599 -61.7031 0.718793 1.89337 0.614341 0.212915 0.614341 1.84019 0.624464 0.212915 0.624464 0.774032 
-4 -21 2 -13.1073 -65.7878 6.29626 14.8325 2.77587 -31.9678 2.77587 52.16 18.6898 -31.9678 18.6898 126.488 
1 -17 0 3.96701 -52.6362 1.55991 1.83025 -0.30009 -0.118874 -0.30009 1.14263 -0.324947 -0.118874 -0.324947 0.893107 
-2 -24 0 -7.03571 -73.7501 0.851738 2.13862 -0.027198 0.25769 -0.027198 1.56014 0.132435 0.25769 0.132435 0.681942 
-1 -24 0 -5.4003 -73.5978 0.345665 10.4116 -1.85127 0.772886 -1.85127 2.25325 0.0482423 0.772886 0.0482423 0.551017 
-4 -29 0 -13.3112 -87.4079 -0.366733 32.9564 -14.6202 -4.75567 -14.6202 11.8484 2.95167 -4.75567 2.95167 2.87752 
-11 -20 1 -35.7863 -62.6149 5.00658 136.419 -62.5454 7.82118 -62.5454 42.5202 -5.3718 7.82118 -5.3718 1.87394 
-11 -21 1 -35.3783 -63.9643 4.20152 7.27473 2.00269 1.68759 2.00269 4.50498 0.486798 1.68759 0.486798 2.03197 
-5 -16 0 -16.5403 -50.401 -1.34793 14.4498 -0.707275 -121.162 -0.707275 10.677 6.76781 -121.162 6.76781 1102.05 
1 -19 0 5.04772 -58.1597 0.231398 19.3776 -10.8254 -25.7743 -10.8254 8.65432 17.4683 -25.7743 17.4683 48.6111 
-5 -18 0 -16.3862 -55.5264 -1.49036 2.16876 0.533746 -10.3128 0.533746 1.5307 -4.71146 -10.3128 -4.71146 118.649 
-4 -19 0 -13.5232 -58.3135 -1.42214 2.68053 1.06174 -24.6285 1.06174 2.15308 -19.625 -24.6285 -19.625 447.637 
-3 -20 0 -10.2944 -61.4898 0.0878964 1.83564 -0.512754 -0.0387779 -0.512754 1.84141 -0.13204 -0.0387779 -0.13204 1.01778 
-4 -20 0 -13.338 -61.1024 -1.48114 3.18835 0.91618 -3.23333 0.91618 1.76416 -0.99961 -3.23333 -0.99961 12.503 
-2 -21 0 -8.34687 -64.2676 1.39621 4.51826 -0.231092 0.396768 -0.231092 1.59801 -0.207078 0.396768 -0.207078 0.627313 
-4 -27 0 -13.4623 -83.6932 -2.66032 4.29168 -5.49045 -9.3597 -5.49045 19.0885 7.56832 -9.3597 7.56832 28.3839 
-16 -27 0 -48.9724 -82.4325 -1.61578 6.09327 -1.30541 0.608301 -1.30541 1.42831 -0.318476 0.608301 -0.318476 1.26376 
-2 -24 2 -7.33936 -73.7637 7.6316 1.81128 -0.574437 -0.515142 -0.574437 4.00365 0.524444 -0.515142 0.524444 1.55054 
-14 -26 0 -43.9611 -79.6566 -1.25282 1.82289 0.405456 -0.144935 0.405456 2.61621 1.46057 -0.144935 1.46057 1.99266 
-15 -16 -1 -47.2655 -50.5018 -3.08092 36.3511 -8.22714 -305.049 -8.22714 16.4794 35.6679 -305.049 35.6679 2925.22 
-16 -16 -1 -49.185 -50.5679 -3.15707 2.77919 1.87257 29.0177 1.87257 13.1328 -6.83554 29.0177 -6.83554 1901.44 
-11 -26 0 -34.5987 -79.2418 -1.11279 1.42163 0.0762134 -0.0211214 0.0762134 1.4703 0.716109 -0.0211214 0.716109 1.2808 
-8 -19 -1 -26.5546 -59.8546 -3.05218 119.03 207.851 -925.195 207.851 407.125 -1684.27 -925.195 -1684.27 8311.41 
-13 -25 0 -40.6583 -77.4004 -2.04374 3.28584 0.916035 -1.31394 0.916035 6.68033 1.45814 -1.31394 1.45814 3.52556 
-9 -19 -1 -28.6205 -59.428 -3.14372 6.74823 12.6666 -80.14 12.6666 40.6344 -190.801 -80.14 -190.801 1164.93 
-15 -17 0 -45.5062 -52.0042 -2.95608 21.2095 8.58712 -186.522 8.58712 7.27931 -107.499 -186.522 -107.499 2787.52 
-10 -19 -1 -31.487 -59.1015 -3.13017 2.23273 -5.60542 33.7901 -5.60542 40.7819 -222.613 33.7901 -222.613 1345.36 
-7 -20 -1 -23.724 -62.2888 -3.08473 185.56 117.913 -840.071 117.913 87.7442 -599.984 -840.071 -599.984 4341.88 
-3 -26 1 -9.53459 -79.1551 4.48662 11.3416 0.589841 -0.961479 0.589841 2.35632 -0.00675853 -0.961479 -0.00675853 1.79632 
-12 -18 -1 -37.8302 -55.6831 -3.07093 2.94083 0.949571 -31.9845 0.949571 1.98099 -20.2598 -31.9845 -20.2598 698.816 
-6 -22 -1 -20.5857 -68.096 -3.05423 123.583 38.277 -368.56 38.277 13.8104 -124.776 -368.56 -124.776 1388.68 
-4 -23 2 -13.7811 -69.562 7.37456 2.32639 1.29873 -0.163976 1.29873 4.75284 -0.493229 -0.163976 -0.493229 1.33825 
-14 -18 -1 -43.5086 -55.5449 -3.12207 1.42969 1.05397 -11.3093 1.05397 11.5289 -114.268 -11.3093 -114.268 1285.71 
-15 -20 0 -47.4637 -61.5122 -2.77158 16.5417 0.307215 29.8919 0.307215 1.359 -1.08 29.8919 -1.08 124.394 
-16 -23 -1 -49.1136 -70.5049 -3.56785 3.5339 -0.19303 -0.136215 -0.19303 1.63142 -0.635955 -0.136215 -0.635955 7.89668 
-14 -27 -1 -43.5017 -81.1726 -3.44173 3.02927 47.3079 0.251503 47.3079 1294.8 12.3373 0.251503 12.3373 17.9405 
-5 -20 0 -16.5544 -61.1596 -1.56054 1.2538 -0.815617 -0.301327 -0.815617 4.19731 3.10242 -0.301327 3.10242 4.73657 
-5 -28 0 -15.6332 -85.9278 -1.9012 4.11632 -1.64554 -0.110936 -1.64554 2.33306 0.542116 -0.110936 0.542116 1.9066 
-16 -28 -1 -49.1488 -85.2783 -3.2325 20.9391 -6.53612 -0.307385 -6.53612 4.02546 -1.11658 -0.307385 -1.11658 44.9701 
-6 -22 0 -19.6348 -67.3873 0.130489 1.97876 0.496312 -0.0824196 0.496312 1.61201 -0.0259267 -0.0824196 -0.0259267 0.327461 
-10 -16 0 -31.6586 -50.4262 -2.58965 3.99123 0.0736075 -59.4501 0.0736075 11.8397 5.41101 -59.4501 5.41101 1341.05 
-16 -18 -1 -48.4824 -55.43 -3.0792 21.5783 -1.00008 122.273 -1.00008 1.34578 -13.3583 122.273 -13.3583 1154.66 
-12 -26 -1 -37.4667 -79.2401 -3.77688 1.27316 -0.0641668 -1.54355 -0.0641668 2.44999 3.21393 -1.54355 3.21393 19.7615 
-15 -27 0 -46.5051 -81.2754 -2.15224 1.33681 0.816003 -0.0114316 0.816003 82.9199 5.80298 -0.0114316 5.80298 5.11846 
-8 -20 -1 -25.5738 -61.554 -3.26443 24.9456 29.8965 -156.237 29.8965 38.6561 -197.042 -156.237 -197.042 1049.08 
-10 -27 0 -31.5184 -81.6136 -2.29478 1.29285 -0.802463 -0.400772 -0.802463 27.9619 0.138342 -0.400772 0.138342 2.74084 
-9 -26 -1 -28.2229 -79.344 -3.62435 2.25308 -0.325027 -10.5972 -0.325027 5.9014 36.2112 -10.5972 36.2112 353.639 
-5 -17 0 -16.6277 -52.385 -1.37789 2.04347 0.403998 -10.605 0.403998 1.71949 -7.36773 -10.605 -7.36773 147.61 
-7 -18 0 -22.3531 -55.6512 -1.90235 2.33608 -0.210216 -2.66766 -0.210216 1.27267 1.17326 -2.66766 1.17326 7.53905 
-14 -20 -1 -43.5909 -61.507 -3.54846 2.44942 1.05744 -19.2025 1.05744 1.96755 -13.9533 -19.2025 -13.9533 305.475 
-13 -22 -1 -40.7865 -67.5277 -3.69391 1.68255 -0.268886 0.379417 -0.268886 1.38738 -0.290906 0.379417 -0.290906 6.15807 
-16 -22 -1 -48.9708 -67.5664 -3.46746 2.96197 0.305464 0.480321 0.305464 1.45897 0.134068 0.480321 0.134068 15.7124 
-16 -28 0 -49.0902 -85.2847 -1.81169 11.9307 -1.35248 0.0787776 -1.35248 1.59409 0.0942668 0.0787776 0.0942668 1.57495 
-11 -16 0 -34.6411 -50.4886 -2.66078 1.72231 1.14163 -14.7962 1.14163 19.977 -125.28 -14.7962 -125.28 1572.59 
-6 -25 -1 -19.6181 -75.7281 -3.40463 6.23241 0.529099 -20.458 0.529099 2.5877 0.401942 -20.458 0.401942 114.81 
-16 -21 0 -49.1577 -65.0043 -1.4255 3.25767 0.153992 0.38641 0.153992 2.1966 0.815784 0.38641 0.815784 1.18484 
-13 -22 0 -40.6503 -67.4539 -0.147545 1.43518 0.0899186 -0.0422505 0.0899186 1.3701 -0.0245021 -0.0422505 -0.0245021 0.359959 
-9 -27 0 -28.2968 -81.3059 -0.960112 1.94468 0.437256 -0.700131 0.437256 27.5244 -6.54342 -0.700131 -6.54342 2.3606 
-2 -24 1 -7.33263 -73.309 4.60004 1.45312 -0.200764 0.0143412 -0.200764 1.86423 0.420641 0.0143412 0.420641 1.34342 
-7 -25 -1 -23.1214 -76.8091 -3.65484 2.83184 -1.536 -4.46658 -1.536 2.43532 24.0226 -4.46658 24.0226 700.108 
-10 -26 0 -31.5395 -79.4478 -0.954182 1.38104 0.143973 0.0128378 0.143973 1.2912 0.539147 0.0128378 0.539147 0.935718 
-3 -20 1 -9.63039 -60.7468 3.90771 6.54778 1.08756 -0.620122 1.08756 4.41821 -1.83241 -0.620122 -1.83241 6.31772 
0 -18 0 -0.579017 -54.8146 1.99493 0.229995 0.27122 0.0461945 0.27122 3.31556 -0.860575 0.0461945 -0.860575 2.24953 
-15 -20 -1 -46.4365 -61.4632 -3.47515 3.71279 -0.354639 9.69216 -0.354639 1.53484 -2.51575 9.69216 -2.51575 51.3689 
-16 -26 -1 -49.0077 -79.6275 -3.78951 2.89944 0.00916126 -0.894888 0.00916126 1.24721 1.0776 -0.894888 1.0776 12.2658 
-8 -26 -1 -25.2651 -79.6217 -3.53955 2.20987 -2.32241 -12.9624 -2.32241 11.855 97.4445 -12.9624 97.4445 954.337 
-14 -22 -1 -43.113 -67.1823 -3.74974 1.68069 0.0144341 -1.25621 0.0144341 1.94346 -1.44772 -1.25621 -1.44772 10.5527 
-14 -19 -1 -43.5543 -58.3781 -3.36471 1.41237 -0.482217 5.57411 -0.482217 9.37532 -102.561 5.57411 -102.561 1312.25 
-6 -19 0 -20.3133 -58.1132 -0.237796 3.79949 0.700691 0.947865 0.700691 2.27768 0.258572 0.947865 0.258572 0.754382 
-15 -19 -1 -46.5453 -58.4161 -3.31315 2.50071 -0.721783 12.5352 -0.721783 1.6215 -6.97793 12.5352 -6.97793 147.383 
-8 -27 -1 -25.4444 -81.6765 -3.21813 1.46906 -1.04817 -1.55705 -1.04817 14.7765 17.3751 -1.55705 17.3751 102.856 
-16 -27 -1 -49.1199 -82.3896 -3.5839 7.03032 -1.46724 -7.43254 -1.46724 1.54753 2.82431 -7.43254 2.82431 22.4682 
-16 -24 0 -49.3057 -72.2799 -2.35579 8.93209 -2.19784 7.02869 -2.19784 30.2084 -2.9207 7.02869 -2.9207 14.5363 
-13 -27 -1 -40.374 -81.2689 -3.43226 2.33724 21.7211 1.97424 21.7211 633.333 53.3154 1.97424 53.3154 24.0485 
-15 -25 -1 -46.3379 -76.8912 -3.85819 1.447 -0.422025 -2.04248 -0.422025 2.54574 3.80151 -2.04248 3.80151 17.909 
-3 -22 1 -11.369 -67.3835 4.40122 6.18844 0.207981 0.355698 0.207981 2.89562 1.22381 0.355698 1.22381 1.79552 
-4 -28 0 -13.2223 -85.6303 -1.23627 1.08641 -0.451092 0.0530421 -0.451092 1.80672 0.332013 0.0530421 0.332013 1.07623 
-13 -20 -1 -40.3758 -61.6979 -3.43218 1.71169 0.0855348 -0.727079 0.0855348 1.41878 -0.949948 -0.727079 -0.949948 25.5567 
-16 -21 -1 -48.8926 -65.2521 -3.33255 4.41711 -2.82902 6.0901 -2.82902 7.44842 -10.1743 6.0901 -10.1743 34.0415 
-10 -26 -1 -31.8514 -79.2368 -3.51802 1.17163 0.182559 0.912209 0.182559 2.02447 -0.431672 0.912209 -0.431672 16.3961 
-13 -26 0 -40.6163 -79.478 -1.37391 2.41187 -0.343 -0.459229 -0.343 2.01298 0.814144 -0.459229 0.814144 1.45428 
-1 -24 2 -5.67973 -73.3727 7.30152 22.53 1.97827 4.58214 1.97827 9.74491 3.41537 4.58214 3.41537 3.0812 
-11 -26 -1 -34.6309 -79.2994 -3.49883 1.42134 0.603284 -1.67113 0.603284 1.98289 -2.5346 -1.67113 -2.5346 17.8211 
-6 -22 2 -19.1973 -67.1756 7.47276 2.17108 0.413777 -0.343908 0.413777 1.71058 0.0389459 -0.343908 0.0389459 1.47318 
-14 -21 -1 -43.1776 -64.9083 -3.60475 1.69513 0.10294 -1.38612 0.10294 1.44329 0.316616 -1.38612 0.316616 13.9223 
-8 -27 0 -25.3084 -81.4913 -0.845088 1.1401 0.45685 0.0790531 0.45685 5.36684 -1.54042 0.0790531 -1.54042 1.21718 
-15 -18 -1 -46.4837 -55.5242 -3.17186 1.30294 0.0221805 -0.29704 0.0221805 3.61141 -46.7506 -0.29704 -46.7506 931.178 
-15 -27 -1 -46.4988 -81.0657 -3.45135 2.83666 44.6629 -0.134762 44.6629 1305.23 -4.79015 -0.134762 -4.79015 16.4088 
-11 -21 2 -35.8179 -64.0155 6.59304 71.9384 8.96889 8.08708 8.96889 10.7478 -1.68668 8.08708 -1.68668 7.73835 
-13 -26 -1 -40.4393 -79.3375 -3.59542 1.81383 -0.0449469 -0.692772 -0.0449469 1.60891 -0.0229857 -0.692772 -0.0229857 8.8225 
-7 -21 -1 -22.9063 -64.7419 -3.2645 74.3556 41.4489 -297.347 41.4489 24.8966 -169.656 -297.347 -169.656 1228.71 
-12 -16 0 -37.4982 -50.4394 -2.63928 1.32814 -0.739649 6.57949 -0.739649 22.4708 -127.486 6.57949 -127.486 1280.65 
-12 -20 2 -38.2434 -62.5414 6.63361 1.46958 0.735704 1.70606 0.735704 17.2787 -2.27947 1.70606 -2.27947 8.54939 
-2 -19 1 -8.03288 -58.3062 4.37952 1.56329 -0.107896 0.0609263 -0.107896 1.42802 -0.235903 0.0609263 -0.235903 2.28169 
-16 -30 0 -49.8205 -90.5133 -1.80966 109.804 -64.2212 -12.4862 -64.2212 194.209 7.02576 -12.4862 7.02576 3.28314 
-2 -26 0 -8.36256 -79.8195 0.317052 4.47274 -0.0568118 -0.0250513 -0.0568118 1.38465 0.101399 -0.0250513 0.101399 0.536473 
-4 -22 1 -13.4269 -67.4274 4.54684 1.58091 -0.176637 -0.138422 -0.176637 1.91042 0.367719 -0.138422 0.367719 1.68046 
-10 -27 -1 -31.4678 -81.5465 -3.32896 1.75943 11.4191 2.00815 11.4191 209.033 67.114 2.00815 67.114 52.5757 
-4 -16 0 -13.3354 -50.4813 -0.933785 6.79495 -1.65938 -32.4095 -1.65938 12.4959 8.93681 -32.4095 8.93681 186.838 
-11 -24 -1 -34.4505 -73.3617 -4.0202 1.39777 -0.10168 -7.39752 -0.10168 1.72298 -18.8245 -7.39752 -18.8245 1158.93 
-11 -17 0 -34.3946 -52.2548 -2.71841 1.316 0.126068 -1.81622 0.126068 1.45454 0.0623525 -1.81622 0.0623525 20.5243 
-12 -27 -1 -37.4862 -81.3725 -3.41662 1.86158 13.0371 0.157862 13.0371 232.111 -3.74911 0.157862 -3.74911 19.9962 
-13 -23 -1 -40.8668 -70.4374 -3.55994 2.35285 0.12942 3.21888 0.12942 3.36766 2.34709 3.21888 2.34709 12.8346 
-12 -23 -1 -37.7468 -70.0445 -4.05441 2.31836 0.281837 0.430795 0.281837 2.39216 3.01113 0.430795 3.01113 34.1256 
-3 -26 2 -9.33863 -78.8716 7.1687 20.7445 2.14728 -1.57013 2.14728 5.60702 -0.66918 -1.57013 -0.66918 1.52234 
-4 -22 0 -13.3981 -67.3335 0.715759 1.43446 0.0931555 0.0744732 0.0931555 1.25393 -0.116324 0.0744732 -0.116324 0.549621 
-12 -21 1 -37.3779 -63.885 4.35128 1.18648 -0.231203 -0.0661001 -0.231203 2.34782 -0.571766 -0.0661001 -0.571766 1.50647 
-4 -23 1 -13.6104 -70.2188 4.49078 1.85375 0.889863 0.189138 0.889863 2.08865 -0.412401 0.189138 -0.412401 1.76902 
-6 -23 -1 -20.3316 -70.6166 -3.25091 64.0827 23.8881 -227.822 23.8881 10.5712 -89.3982 -227.822 -89.3982 867.371 
-14 -26 -1 -43.6878 -79.3967 -3.71123 1.38609 0.281875 2.32252 0.281875 1.6017 1.76165 2.32252 1.76165 21.1976 
-6 -21 2 -18.8773 -65.3364 7.38952 3.15187 -0.226961 -0.447429 -0.226961 6.50873 -0.48341 -0.447429 -0.48341 1.6416 
-10 -21 -1 -30.7785 -64.0873 -3.96969 3.80116 -0.60472 -1.15311 -0.60472 3.54513 -13.9273 -1.15311 -13.9273 117.861 
-11 -21 0 -35.337 -63.7587 -0.718882 5.98308 0.349508 0.492777 0.349508 3.59549 0.0951916 0.492777 0.0951916 0.456455 
-13 -19 0 -40.3899 -58.7067 -2.29634 10.6523 -1.97557 -1.54148 -1.97557 1.56656 -0.39309 -1.54148 -0.39309 8.64583 
-2 -16 1 -6.703 -50.7743 3.55404 1.55502 -1.15814 -0.819881 -1.15814 14.788 -1.80951 -0.819881 -1.80951 6.69373 
-3 -17 0 -10.2782 -52.5404 1.04461 1.75034 -0.144837 -0.232819 -0.144837 1.40421 -0.108487 -0.232819 -0.108487 0.928434 
-15 -24 -1 -46.7419 -73.1808 -4.01997 1.69505 -0.402485 -0.836809 -0.402485 2.03837 0.463246 -0.836809 0.463246 8.92254 
-10 -18 0 -31.34 -55.8573 -2.09836 1.79162 0.391989 -0.613082 0.391989 1.67563 0.68814 -0.613082 0.68814 1.87126 
-5 -25 -1 -17.5175 -76.3607 -3.30354 63.2084 25.9732 -80.1688 25.9732 11.5755 -31.4089 -80.1688 -31.4089 157.757 
-2 -25 0 -7.62068 -76.2947 1.23407 31.1222 -15.6759 5.55754 -15.6759 9.56577 -4.45076 5.55754 -4.45076 4.2076 
-14 -17 -1 -44.5225 -53.7772 -3.01082 25.7857 11.8587 -403.051 11.8587 48.0225 -466.345 -403.051 -466.345 14243.9 
-2 -24 3 -7.17501 -74.0285 10.4424 5.14385 -2.49995 -0.637575 -2.49995 7.13721 0.845023 -0.637575 0.845023 1.83981 
0 -28 0 -0.311117 -84.4541 -1.18183 14.0787 -21.8871 1.9163 -21.8871 41.8036 -5.04401 1.9163 -5.04401 1.48346 
-14 -25 -1 -43.6756 -76.7817 -3.8343 1.24455 -0.0261685 0.81346 -0.0261685 2.57642 2.02995 0.81346 2.02995 16.9307 
-9 -22 -1 -28.4835 -67.6126 -4.14834 3.08826 -0.100632 -47.9507 -0.100632 1.51696 1.43328 -47.9507 1.43328 1283.05 
-3 -23 1 -10.8172 -70.6127 4.37244 3.70724 1.58353 0.696193 1.58353 1.62577 0.259865 0.696193 0.259865 1.2817 
-16 -25 -1 -49.1043 -76.5295 -4.11307 3.04516 0.166981 -0.142552 0.166981 1.78939 6.46441 -0.142552 6.46441 86.2446 
-8 -21 -1 -25.5004 -64.5 -3.72954 3.36673 1.92072 -18.2913 1.92072 3.60402 -17.8756 -18.2913 -17.8756 156.474 
-11 -22 -1 -33.8832 -68.313 -4.19411 2.81644 -0.668535 -30.9595 -0.668535 6.83471 79.0335 -30.9595 79.0335 2315.54 
-1 -17 1 -4.91878 -52.1414 4.23142 1.82114 -0.214459 -0.315422 -0.214459 1.3558 -0.401927 -0.315422 -0.401927 2.00001 
-11 -25 -1 -34.5559 -76.8394 -3.91189 1.24181 0.255206 0.299218 0.255206 3.27052 11.9223 0.299218 11.9223 86.2684 
-13 -22 1 -40.5633 -67.3509 4.13577 2.15665 0.182805 -0.379482 0.182805 1.72394 -0.275884 -0.379482 -0.275884 1.66587 
-3 -21 0 -9.89087 -64.3808 0.802294 2.13906 -0.518919 -0.495975 -0.518919 1.24162 0.212041 -0.495975 0.212041 0.502403 
-10 -23 -1 -31.5537 -70.5015 -4.10485 1.5906 0.942249 11.697 0.942249 7.36099 88.1502 11.697 88.1502 1367.2 
-3 -25 2 -9.67575 -77.0523 7.0813 5.22449 4.14514 -0.246272 4.14514 4.81038 -0.309803 -0.246272 -0.309803 1.58959 
-15 -26 -1 -46.4053 -79.4087 -3.69145 1.22 0.046204 -0.923327 0.046204 1.0561 -0.436135 -0.923327 -0.436135 12.2354 
-15 -21 -1 -46.6428 -64.7136 -3.59613 2.49898 -0.200182 3.62199 -0.200182 1.38787 -0.752906 3.62199 -0.752906 16.0164 
-3 -16 0 -10.2302 -50.5203 0.583796 1.64677 -0.413018 -0.372921 -0.413018 13.7917 1.90479 -0.372921 1.90479 1.27069 
-9 -27 -1 -28.6619 -81.4977 -3.3448 1.68478 -3.85949 -0.890112 -3.85949 39.8203 30.0024 -0.890112 30.0024 74.3253 
-12 -25 -1 -37.5339 -76.6771 -3.97751 1.33421 -0.00908047 -1.79699 -0.00908047 1.93694 12.0123 -1.79699 12.0123 220.174 
-9 -23 -1 -28.4563 -70.4459 -4.05853 3.12965 -2.16176 -44.9747 -2.16176 4.36415 59.0401 -44.9747 59.0401 1136.3 
-13 -24 0 -41.4379 -72.3728 -2.93372 452.031 700.997 -460.762 700.997 1122.14 -812.544 -460.762 -812.544 1110.16 
-5 -21 2 -16.9323 -65.194 7.41696 2.12944 0.115592 0.00902268 0.115592 4.8886 0.706647 0.00902268 0.706647 1.46281 
-7 -20 0 -21.6374 -61.1948 -0.954437 3.32831 0.501655 -0.788248 0.501655 2.63669 -0.193732 -0.788248 -0.193732 0.53882 
-6 -21 1 -19.2122 -65.2005 4.46262 1.99554 -0.694813 0.218145 -0.694813 2.91045 0.640347 0.218145 0.640347 1.59647 
-11 -20 -1 -34.7286 -61.2755 -3.41165 1.53593 -0.464315 1.33385 -0.464315 1.309 -0.614259 1.33385 -0.614259 26.2934 
-11 -23 -1 -34.0703 -70.5295 -4.10425 2.7035 -1.95596 -32.5413 -1.95596 4.46072 60.9992 -32.5413 60.9992 1177.44 
-12 -22 0 -38.6317 -67.2549 0.0884888 9.61276 -0.714485 -0.404828 -0.714485 1.60269 0.0583309 -0.404828 0.0583309 0.342245 
-2 -25 3 -8.24091 -77.4124 10.5383 7.84969 -2.32778 -0.160464 -2.32778 3.66691 1.05653 -0.160464 1.05653 1.85341 
-12 -22 -1 -37.6926 -67.5228 -4.10842 1.55527 -0.0509003 1.0243 -0.0509003 1.95606 -2.0372 1.0243 -2.0372 8.74798 
-6 -23 1 -19.0854 -69.1306 4.8736 19.2241 4.00984 -9.17245 4.00984 67.4251 -6.8844 -9.17245 -6.8844 6.92566 
-12 -21 -1 -37.3091 -64.1445 -3.55002 1.11467 -0.238616 0.221003 -0.238616 1.79426 -1.17515 0.221003 -1.17515 8.49464 
-13 -24 -1 -40.7273 -73.4226 -3.84427 2.38838 0.551116 2.20034 0.551116 3.06701 -4.92838 2.20034 -4.92838 19.1453 
-10 -25 -1 -31.631 -76.5941 -3.92862 1.34187 -0.564194 -14.341 -0.564194 4.75995 54.7711 -14.341 54.7711 884.592 
0 -16 0 -0.474068 -50.4776 1.62894 0.915322 0.762617 0.459789 0.762617 12.3411 -0.692372 0.459789 -0.692372 1.23067 
-11 -25 0 -34.7201 -77.6945 -1.52089 3.06113 2.10032 0.398676 2.10032 23.1135 -0.729869 0.398676 -0.729869 1.93877 
-13 -16 0 -40.4825 -50.4487 -2.64546 1.57985 0.866408 -15.755 0.866408 18.2436 -105.582 -15.755 -105.582 1377.83 
-7 -19 1 -21.4178 -58.1637 3.84638 31.2655 -7.59681 -3.2271 -7.59681 18.3526 0.71378 -3.2271 0.71378 3.54689 
-7 -16 0 -22.4693 -50.4425 -1.92663 8.784 1.40028 -98.1198 1.40028 10.7992 -25.0854 -98.1198 -25.0854 1292.72 
-12 -17 0 -37.5602 -52.292 -2.80175 1.47642 1.17569 -13.4829 1.17569 10.5274 -104.062 -13.4829 -104.062 1159.34 
-9 -25 -1 -28.6903 -76.3994 -3.8445 3.03499 -2.04072 -47.198 -2.04072 4.08193 54.2164 -47.198 54.2164 1257.32 
-8 -22 -1 -25.3622 -67.4871 -3.95748 2.96647 0.697944 -14.643 0.697944 1.64533 -6.26017 -14.643 -6.26017 130.315 
-11 -19 -1 -34.6719 -59.0024 -3.1215 2.10559 4.62817 -28.6694 4.62817 25.2401 -159.704 -28.6694 -159.704 1142.11 
-5 -19 0 -16.7148 -58.2407 -1.59335 1.42445 0.220258 -2.0022 0.220258 1.82856 -5.33364 -2.0022 -5.33364 86.2455 
-10 -24 -1 -31.4369 -73.4837 -3.97128 1.4746 -0.603465 -16.4065 -0.603465 1.70349 18.2465 -16.4065 18.2465 726.266 
-10 -20 -1 -31.5062 -61.0751 -3.52416 1.79149 -5.57423 25.2127 -5.57423 53.2245 -223.631 25.2127 -223.631 969.205 
-12 -29 0 -37.752 -88.5401 -0.834323 3.1108 -1.35969 -0.0144392 -1.35969 8.26391 -0.532271 -0.0144392 -0.532271 3.2508 
-10 -22 -1 -31.4865 -67.8491 -4.18351 1.32349 0.00167564 -0.621809 0.00167564 1.9971 -21.3719 -0.621809 -21.3719 1322.63 
-12 -24 -1 -37.6859 -73.6354 -4.0542 1.80305 0.421474 -16.0912 0.421474 3.46525 -48.1412 -16.0912 -48.1412 1323.74 
-7 -26 -1 -23.3278 -78.7509 -3.53333 9.17173 -3.05493 -5.46512 -3.05493 4.38927 -3.73723 -5.46512 -3.73723 322.651 
-16 -17 0 -49.32 -52.8926 -2.15887 6.23154 2.06829 1.72846 2.06829 2.2365 0.800484 1.72846 0.800484 3.97328 
-6 -21 4 -18.2576 -65.7959 12.4995 19.7942 -8.78465 -6.43523 -8.78465 53.4365 15.4963 -6.43523 15.4963 12.0489 
-12 -20 -1 -37.5138 -61.6315 -3.41663 1.0499 0.13079 -1.17675 0.13079 1.32247 0.664066 -1.17675 0.664066 29.2674 
-9 -21 0 -28.5959 -63.1318 -1.25302 104.598 -7.00076 6.9915 -7.00076 1109.38 -21.7586 6.9915 -21.7586 1.99118 
-13 -18 -1 -40.6613 -55.4752 -3.11762 1.45069 -0.922229 7.63076 -0.922229 12.6211 -116.815 7.63076 -116.815 1223.32 
-15 -18 0 -47.7783 -55.9816 -2.26492 35.9277 1.27402 6.45671 1.27402 1.99126 -1.2577 6.45671 -1.2577 9.56255 
-14 -24 -1 -43.1705 -72.4713 -3.72469 2.64797 0.726515 -2.54199 0.726515 10.2526 -4.10485 -2.54199 -4.10485 11.6063 
-8 -25 -1 -25.6152 -75.9826 -3.68896 1.50046 0.115723 -1.63148 0.115723 1.62647 -1.25347 -1.63148 -1.25347 224.32 
-4 -23 0 -13.812 -70.3806 0.946855 1.67836 0.240266 -0.122047 0.240266 1.39398 0.0169073 -0.122047 0.0169073 0.564331 
-15 -23 -1 -46.7195 -70.1733 -3.91117 1.92759 -0.423866 3.21155 -0.423866 1.99065 -2.93871 3.21155 -2.93871 15.4776 
-11 -20 0 -35.3335 -62.5362 -0.851341 6.26206 0.0972031 0.0720225 0.0972031 11.6936 0.250792 0.0720225 0.250792 0.453217 
-16 -19 -1 -48.3905 -58.0451 -3.08181 32.4096 -6.30521 166.439 -6.30521 4.94826 -41.3966 166.439 -41.3966 1329.27 
-12 -19 -1 -37.494 -58.598 -3.16076 2.50844 3.65639 -36.6335 3.65639 13.3428 -118.615 -36.6335 -118.615 1179.35 
-14 -23 -1 -43.3764 -70.8414 -3.65897 3.77448 -0.1041 -5.52261 -0.1041 1.85232 1.07828 -5.52261 1.07828 15.4615 
-3 -23 3 -10.9074 -71.6308 9.7618 10.9799 -5.57857 -0.383732 -5.57857 28.0386 6.45771 -0.383732 6.45771 4.00667 
-13 -19 -1 -40.5511 -58.6861 -3.30208 4.60654 1.80821 -57.7267 1.80821 2.01958 -26.1064 -57.7267 -26.1064 995.524 
-5 -24 0 -16.1981 -72.8789 -2.67124 2.69291 -0.0938631 -21.4879 -0.0938631 1.39354 3.66818 -21.4879 3.66818 303.11 
-6 -22 3 -18.8931 -66.6452 10.1162 4.37573 -0.952744 -0.792131 -0.952744 5.38663 -0.888627 -0.792131 -0.888627 1.89438 
-9 -20 -1 -28.4856 -61.494 -3.57582 4.01538 12.5089 -51.4072 12.5089 58.8867 -242.1 -51.4072 -242.1 1019.2 
-8 -23 -1 -25.4353 -70.5012 -3.96884 1.98985 -0.979899 -25.5528 -0.979899 4.16472 56.3311 -25.5528 56.3311 1159.39 
-13 -25 -1 -40.818 -76.7826 -3.76673 2.05955 -0.256377 1.77951 -0.256377 1.95924 1.91159 1.77951 1.91159 12.2036 
-16 -24 -1 -48.9832 -73.2603 -4.10255 3.02214 -0.254419 1.52762 -0.254419 1.53325 -2.2599 1.52762 -2.2599 20.5012 
-9 -25 0 -29.5558 -77.8067 -1.32564 95.1109 -34.2292 46.1979 -34.2292 147.965 -28.8944 46.1979 -28.8944 32.0313 
-16 -19 0 -48.8793 -58.3138 -1.78007 4.0916 -0.232499 1.72697 -0.232499 1.86162 -0.288902 1.72697 -0.288902 3.55054 
-11 -21 -1 -35.1106 -64.0065 -3.55503 3.70082 -0.781054 0.0335349 -0.781054 3.25437 -3.20055 0.0335349 -3.20055 10.1323 
-16 -17 -1 -48.7984 -52.5824 -3.09496 17.37 6.45181 118.338 6.45181 3.85361 48.109 118.338 48.109 1157.25 
-13 -21 -1 -40.608 -64.7355 -3.65642 1.52254 0.0247442 -0.341536 0.0247442 1.14355 -0.0864285 -0.341536 -0.0864285 6.72224 
-9 -21 -1 -28.2223 -64.2926 -3.93274 1.57796 0.329369 -1.32229 0.329369 2.10773 -7.46253 -1.32229 -7.46253 60.305 
-7 -19 0 -21.8404 -58.1543 -0.383332 4.02478 -0.313402 -0.840834 -0.313402 2.27497 0.0276097 -0.840834 0.0276097 0.616634 
-15 -22 -1 -46.8121 -67.562 -3.5979 2.14925 0.158094 1.17345 0.158094 1.31713 0.00471082 1.17345 0.00471082 8.31261 
-11 -27 -1 -34.5615 -81.4129 -3.46019 1.15561 1.32099 -0.201568 1.32099 65.1323 15.365 -0.201568 15.365 22.5943 
-13 -27 0 -40.7265 -81.4356 -2.29492 1.49949 -0.0219069 0.481157 -0.0219069 14.2954 1.14227 0.481157 1.14227 4.20643 
-3 -24 3 -11.0059 -72.924 10.3836 3.18754 -0.535969 0.680252 -0.535969 3.55416 0.355364 0.680252 0.355364 1.55564 
-14 -27 0 -43.5037 -81.37 -2.0752 1.18465 0.832469 0.0782756 0.832469 18.3658 2.41141 0.0782756 2.41141 4.08841 
-6 -24 0 -18.9084 -72.7842 -2.89399 4.29475 0.00461475 -9.78859 0.00461475 5.98015 30.0927 -9.78859 30.0927 304.713 
-14 -25 0 -43.9295 -77.4416 -2.10772 1.43389 -1.69242 0.535969 -1.69242 14.0059 -0.185015 0.535969 -0.185015 1.86738 
-12 -26 0 -36.8925 -79.9876 -0.923893 2.287 -1.17074 0.15363 -1.17074 3.14295 0.954681 0.15363 0.954681 1.34768 
-4 -25 0 -12.9942 -75.7173 0.208782 3.30897 1.00105 -0.124453 1.00105 4.74719 -0.257983 -0.124453 -0.257983 0.471969 
-15 -25 0 -45.5945 -77.4998 -1.97548 8.24818 -2.11067 0.918777 -2.11067 12.0758 -0.43472 0.918777 -0.43472 3.84666 
-2 -17 0 -8.16599 -52.2853 1.50414 1.81905 -0.127237 -0.394182 -0.127237 1.5723 -0.209944 -0.394182 -0.209944 1.27378 
-15 -24 0 -46.4828 -73.3093 -2.74648 60.2325 -82.2397 2.65986 -82.2397 124.59 -7.98842 2.65986 -7.98842 29.7295 
-4 -17 0 -13.3758 -52.4184 -1.04792 2.16422 0.0676752 -3.92713 0.0676752 1.38138 -0.87045 -3.92713 -0.87045 18.8638 
-6 -23 0 -18.8767 -69.7055 -1.10908 3.47035 0.952646 -0.522231 0.952646 2.89063 -0.654831 -0.522231 -0.654831 0.50122 
-9 -26 0 -29.3126 -79.966 -0.396682 4.30168 1.11563 -0.0458601 1.11563 1.53829 0.658529 -0.0458601 0.658529 1.49238 
-1 -24 1 -5.36613 -73.1921 4.63547 6.56858 2.65057 0.0263989 2.65057 3.10601 0.708253 0.0263989 0.708253 1.33828 
-7 -24 -1 -22.957 -73.3794 -3.66393 0.986668 0.0581 -0.652445 0.0581 1.43145 3.02275 -0.652445 3.02275 130.787 
-5 -23 0 -16.7082 -69.8829 0.286041 0.995599 -0.0600092 -0.0368982 -0.0600092 2.60802 -0.478654 -0.0368982 -0.478654 0.380622 
-16 -22 0 -49.0057 -67.2996 -1.01724 3.0056 0.0899795 0.100031 0.0899795 1.44743 -0.136408 0.100031 -0.136408 0.884159 
-13 -20 0 -39.9193 -61.8092 -0.358519 3.27038 -0.320632 -0.11268 -0.320632 2.26075 -0.00235455 -0.11268 -0.00235455 0.392944 
-12 -28 0 -36.805 -85.7311 -1.10695 14.7192 -1.87351 -2.59881 -1.87351 1.2502 1.016 -2.59881 1.016 3.37788 
-15 -22 0 -47.1496 -67.5094 -2.06837 3.86481 0.0228192 1.56569 0.0228192 1.4354 -0.167965 1.56569 -0.167965 2.99983 
-2 -25 2 -8.24672 -76.8644 7.57794 3.25854 -1.45711 0.103922 -1.45711 2.34613 -0.224799 0.103922 -0.224799 1.54589 
-15 -21 0 -47.3072 -65.2308 -2.27854 5.35221 1.63829 1.90099 1.63829 2.1826 1.13178 1.90099 1.13178 2.60973 
-14 -22 0 -42.5429 -67.129 -1.01896 7.13869 0.843894 -0.570234 0.843894 2.18253 0.305217 -0.570234 0.305217 0.561157 
-9 -24 -1 -28.6274 -73.3862 -3.91074 1.98953 -0.882178 -21.871 -0.882178 2.60126 29.0807 -21.871 29.0807 603.145 
-13 -21 0 -40.4416 -64.5509 -0.676121 1.74426 -0.860985 0.0956961 -0.860985 1.68687 -0.0633402 0.0956961 -0.0633402 0.44496 
-6 -21 0 -19.2778 -64.8403 0.0769978 2.20641 -0.95839 -0.265762 -0.95839 2.39815 0.172384 -0.265762 0.172384 0.397578 
-9 -16 0 -28.6101 -50.3986 -2.26645 1.28474 0.0147999 -0.772592 0.0147999 10.0449 -1.22943 -0.772592 -1.22943 6.11668 
-7 -21 0 -21.5743 -64.276 -2.72381 10.3077 2.69361 -1.03567 2.69361 2.27854 0.854207 -1.03567 0.854207 4.43375 
-12 -21 0 -37.4405 -63.8153 -0.466486 1.15347 -0.0233122 -0.0572754 -0.0233122 2.78127 -0.148722 -0.0572754 -0.148722 0.36042 
-11 -27 0 -34.6044 -81.592 -2.30361 1.28004 3.11079 1.07297 3.11079 98.8045 22.1453 1.07297 22.1453 9.19721 
-5 -29 0 -16.1892 -88.0936 -1.81782 5.41135 -4.39733 -0.702967 -4.39733 10.6786 1.20475 -0.702967 1.20475 2.96014 
-16 -20 0 -48.6501 -61.4692 -2.47011 17.0826 -2.40855 17.8657 -2.40855 1.82209 -4.77309 17.8657 -4.77309 39.4788 
-14 -20 0 -43.1796 -61.3229 -2.40728 10.9488 -0.45625 -0.564393 -0.45625 0.994123 -0.989239 -0.564393 -0.989239 10.538 
-12 -20 0 -37.9296 -62.0944 -0.167478 2.057 0.994294 0.0729131 0.994294 2.86895 0.0630966 0.0729131 0.0630966 0.391631 
-8 -20 0 -24.6225 -60.3357 -2.91778 49.2335 52.5745 -356.83 52.5745 64.1903 -392.104 -356.83 -392.104 2880.72 
-15 -19 0 -47.5258 -58.3455 -2.3658 13.212 -0.194164 4.10384 -0.194164 1.69644 -0.536984 4.10384 -0.536984 6.97807 
-8 -24 -1 -25.5442 -73.5664 -3.83658 1.93765 -1.08551 -24.4896 -1.08551 3.22334 48.3823 -24.4896 48.3823 1111.69 
-16 -26 0 -48.8808 -79.9369 -0.649259 4.18028 1.66206 -0.22489 1.66206 3.88248 -0.732698 -0.22489 -0.732698 0.83332 
-8 -19 0 -25.4752 -58.3836 -2.65247 1.17303 0.27834 0.135515 0.27834 2.26436 -3.19252 0.135515 -3.19252 12.8296 
-6 -16 0 -19.5839 -50.4699 -1.67823 11.6687 0.976382 -105.942 0.976382 10.8387 -12.6266 -105.942 -12.6266 1061.06 
-6 -18 0 -19.6082 -55.4433 -1.65208 1.25208 0.0428415 0.404155 0.0428415 1.21391 0.838838 0.404155 0.838838 7.98193 
-12 -27 0 -37.17 -81.7681 -2.25342 1.43949 0.544036 -0.387398 0.544036 3.83339 2.6147 -0.387398 2.6147 6.00705 
-10 -19 0 -30.9034 -58.2344 -1.40007 3.13175 0.0557709 -0.564199 0.0557709 2.17953 -0.0360055 -0.564199 -0.0360055 0.925841 
-14 -21 0 -42.557 -65.4835 -1.09394 5.59961 -3.25515 -0.810676 -3.25515 9.00055 0.537792 -0.810676 0.537792 0.591119 
-9 -19 0 -29.0996 -57.9849 -1.45335 1.84897 -0.848403 0.277822 -0.848403 2.43266 -0.111278 0.277822 -0.111278 1.14864 
-7 -22 -1 -22.5566 -67.4016 -3.46445 10.4764 3.11865 -42.9182 3.11865 2.36708 -14.0375 -42.9182 -14.0375 202.929 
-11 -19 0 -34.2532 -57.6666 -2.92635 4.83981 7.94545 -67.7357 7.94545 21.1917 -157.161 -67.7357 -157.161 1544.98 
-16 -18 0 -48.8052 -55.432 -2.01917 4.48221 0.151971 0.500685 0.151971 1.34826 0.22291 0.500685 0.22291 2.97233 
-13 -18 0 -41.4421 -56.0131 -1.64518 7.81107 -2.64757 0.178818 -2.64757 2.23368 0.658299 0.178818 0.658299 0.999633 
-15 -23 0 -47.5234 -69.905 -2.30827 8.9249 -2.22288 2.12178 -2.22288 2.39408 -1.24342 2.12178 -1.24342 7.19302 
-12 -18 0 -37.0935 -55.349 -2.90922 1.81669 0.686633 1.93693 0.686633 1.17442 2.06087 1.93693 2.06087 17.2563 
-11 -18 0 -34.3559 -55.5416 -2.76812 1.4455 -0.147633 -1.67769 -0.147633 1.40975 -1.26088 -1.67769 -1.26088 13.4745 
-9 -18 0 -27.8344 -55.8079 -0.758988 2.51573 -0.274945 -0.470173 -0.274945 2.12204 0.191441 -0.470173 0.191441 0.551256 
-9 -20 0 -29.1502 -61.5173 -0.170308 300.427 91.476 -6.44676 91.476 29.0538 8.86517 -6.44676 8.86517 139.845 
-4 -21 0 -13.6345 -65.4892 -0.0913064 2.15688 -0.34683 0.0148497 -0.34683 5.62841 0.752346 0.0148497 0.752346 0.658733 
-14 -18 0 -42.9054 -54.2054 -2.98893 5.32798 15.5943 -13.2062 15.5943 101.626 -130.265 -13.2062 -130.265 2839.55 
-5 -23 1 -16.4563 -69.4688 4.34967 2.436 4.89808 -2.74213 4.89808 34.2828 -9.0838 -2.74213 -9.0838 4.79621 
-13 -23 0 -40.799 -69.9663 -0.859841 6.38425 -1.39033 -1.10806 -1.39033 2.90552 -0.848004 -1.10806 -0.848004 0.917852 
-13 -17 0 -40.4861 -52.3856 -2.82948 1.36088 -0.12728 0.571676 -0.12728 13.5978 -120.983 0.571676 -120.983 1184.23 
-10 -17 0 -31.6762 -52.4172 -2.30438 1.63308 -0.119669 -0.15162 -0.119669 1.52484 -0.294351 -0.15162 -0.294351 3.43843 
-4 -24 0 -13.4666 -73.6519 0.530357 4.93034 0.0714014 -0.167803 0.0714014 1.48777 -0.0403841 -0.167803 -0.0403841 0.414998 
-7 -22 1 -21.145 -67.4473 3.28585 212.963 33.3774 140.777 33.3774 81.6436 -19.1684 140.777 -19.1684 174.563 
-15 -16 0 -45.8092 -50.4939 -2.92402 36.7337 10.1705 -310.476 10.1705 12.6719 -89.8816 -310.476 -89.8816 2852.83 
-14 -16 0 -43.0618 -50.4991 -2.70984 5.28622 6.55021 -78.97 6.55021 22.3347 -132.073 -78.97 -132.073 1984.04 
-3 -28 0 -11.2044 -85.4501 -0.917405 4.14535 0.398809 0.600382 0.398809 2.18863 -0.742301 0.600382 -0.742301 1.23165 
-2 -25 4 -8.2362 -77.7819 12.3579 18.7012 19.885 -1.75457 19.885 74.3064 7.52301 -1.75457 7.52301 22.5769 
-12 -19 0 -36.7408 -57.3524 -2.88785 10.416 -1.35435 23.2457 -1.35435 101.594 44.8862 23.2457 44.8862 87.7046 
-4 -22 2 -13.3354 -67.6611 7.40822 1.80971 -0.192307 -0.147142 -0.192307 2.13224 0.564236 -0.147142 0.564236 1.50369 
-5 -27 -1 -15.6257 -82.2798 -3.26315 33.8086 -2.30272 -25.3641 -2.30272 1.00337 2.63807 -25.3641 2.63807 35.2225 
-3 -26 0 -9.68962 -79.1175 0.131849 8.2812 3.44034 -0.122584 3.44034 3.7433 -0.0281673 -0.122584 -0.0281673 0.421371 
-7 -17 0 -22.4912 -52.5536 -1.96846 8.55819 1.07534 -80.4412 1.07534 1.41917 -11.9008 -80.4412 -11.9008 889.484 
-10 -25 0 -31.2952 -77.7406 -1.61633 1.61104 -3.33411 0.658045 -3.33411 31.5188 -2.28456 0.658045 -2.28456 3.89366 
-1 -17 0 -4.96703 -52.3697 2.05296 1.9246 -0.136161 0.183254 -0.136161 1.43966 0.0346233 0.183254 0.0346233 2.21502 
-15 -26 0 -46.1162 -79.627 -1.36303 2.02561 -0.482202 -0.0286804 -0.482202 1.84166 0.709395 -0.0286804 0.709395 1.42475 
-3 -25 0 -10.4644 -77.0675 0.811986 2.51701 1.84568 -0.136474 1.84568 3.71633 -0.339592 -0.136474 -0.339592 0.494252 
-16 -29 0 -49.2348 -88.0369 -2.09857 20.0246 -4.12616 1.72978 -4.12616 4.21842 0.0617036 1.72978 0.0617036 3.49689 
-6 -20 0 -20.1365 -61.1606 0.315558 3.16639 -0.335971 0.0919288 -0.335971 2.63449 -0.21891 0.0919288 -0.21891 0.451901 
-14 -17 0 -43.4278 -52.4538 -2.87607 3.02875 3.38727 -45.5273 3.38727 7.92755 -90.9235 -45.5273 -90.9235 1248.47 
-8 -18 0 -26.3136 -55.6943 -0.957445 2.97241 -0.361683 0.659076 -0.361683 2.79401 0.212696 0.659076 0.212696 0.775017 
-9 -17 0 -28.4158 -52.5941 -2.38439 9.58465 -1.04744 -97.9152 -1.04744 1.42571 10.1401 -97.9152 10.1401 1188.55 
-13 -29 0 -39.6845 -88.5962 -1.48702 9.66948 -8.45725 -4.67646 -8.45725 28.8303 4.19428 -4.67646 4.19428 5.3042 
-8 -16 0 -25.4109 -50.4704 -2.1562 12.4942 -3.1081 -123.329 -3.1081 11.2416 35.4285 -123.329 35.4285 1370.28 
-3 -24 0 -10.9812 -73.0163 0.443617 1.89826 -0.916045 -0.116202 -0.916045 2.77505 0.374546 -0.116202 0.374546 0.626029 
-3 -23 0 -11.0547 -70.1917 0.939341 2.48991 0.423137 0.452016 0.423137 1.22389 0.0603513 0.452016 0.0603513 0.732536 
-7 -23 -1 -22.7774 -70.274 -3.62702 2.30505 -0.393173 -10.2878 -0.393173 1.53318 2.52995 -10.2878 2.52995 87.329 
-14 -23 0 -42.8604 -70.923 -2.71108 4.96053 2.74154 6.25882 2.74154 4.58857 1.83967 6.25882 1.83967 27.7174 
-5 -22 0 -16.6472 -67.1758 0.718876 1.21449 0.0775945 -0.172268 0.0775945 1.0465 0.0937581 -0.172268 0.0937581 0.513326 
-5 -21 0 -16.703 -64.6818 0.325759 2.237 1.40525 0.129729 1.40525 2.72568 0.173317 0.129729 0.173317 0.471227 
-15 -17 -1 -46.7007 -52.8372 -3.08013 5.98322 1.87192 -75.0422 1.87192 2.35641 -24.6154 -75.0422 -24.6154 1317.92 
-16 -23 0 -49.0994 -70.3879 -2.15086 3.10283 -0.341702 0.358589 -0.341702 1.49354 -0.355138 0.358589 -0.355138 3.78418 
-8 -17 0 -25.3636 -52.4439 -2.16357 6.597 1.69559 -82.1694 1.69559 2.152 -28.1089 -82.1694 -28.1089 1284.34 
-2 -23 0 -7.37423 -71.587 -0.214577 1.40925 1.28077 0.612419 1.28077 3.34255 0.948194 0.612419 0.948194 1.16858 
-6 -24 -1 -19.7439 -73.422 -3.33191 15.7105 6.03994 -64.3276 6.03994 3.96895 -29.0537 -64.3276 -29.0537 324.734 
-3 -22 0 -11.0792 -67.4332 0.580691 2.76538 0.435119 0.162563 0.435119 1.92494 -0.101619 0.162563 -0.101619 0.49059 
-6 -17 0 -19.4414 -52.4206 -1.6203 3.31956 0.169404 -16.616 0.169404 1.503 -2.03435 -16.616 -2.03435 133.608 
