-6 21 0 -20.1672 65.5843 -1.89366 137.338 -89.266 6.84337 -89.266 94.5987 -4.44524 6.84337 -4.44524 4.14451 
2 20 0 6.93173 61.1774 -2.3546 798.149 1449.05 -417.761 1449.05 2659.81 -767.723 -417.761 -767.723 313.454 
-3 23 0 -11.1065 71.8248 -2.13811 214.071 365.853 14.3048 365.853 1692.93 -19.2472 14.3048 -19.2472 7.84289 
2 19 0 6.65131 57.8966 -2.78355 20.6017 40.1934 17.8432 40.1934 122.071 51.5932 17.8432 51.5932 162.89 
0 17 0 -0.211444 52.7168 -2.83357 6.03629 8.06869 3.10031 8.06869 13.0128 -0.147477 3.10031 -0.147477 124.659 
0 20 -1 2.55788 60.3144 -3.09813 510.454 267.956 1011.07 267.956 162.871 542.946 1011.07 542.946 2273.59 
-2 18 -1 -7.33146 56.3825 -3.79275 2.38648 1.81335 16.2696 1.81335 4.99209 53.3094 16.2696 53.3094 1305.14 
-1 18 -1 -4.91607 54.8944 -3.75657 1.66613 -0.0552805 1.38819 -0.0552805 1.31698 20.5112 1.38819 20.5112 729.852 
-3 21 -1 -10.709 64.7862 -3.84026 4.87595 2.99391 -18.7658 2.99391 3.59431 -16.7602 -18.7658 -16.7602 109.326 
0 19 -1 0.0731527 58.355 -3.59402 3.93021 -3.89282 -27.6407 -3.89282 45.1661 65.1262 -27.6407 65.1262 239.993 
7 19 -1 23.0174 58.068 -3.65333 607.017 79.7147 809.433 79.7147 13.4753 105.803 809.433 105.803 1141.27 
2 19 -1 7.6315 58.0187 -3.06307 2.08068 -1.07634 -17.3808 -1.07634 1.67523 2.7747 -17.3808 2.7747 631.606 
-4 23 -1 -14.0566 69.6953 -3.69111 4.17433 1.93253 -19.0459 1.93253 1.82796 -6.10278 -19.0459 -6.10278 595.64 
-6 22 -1 -18.8334 68.404 -3.9014 12.0012 -14.7702 -173.674 -14.7702 49.9353 430 -173.674 430 4510.52 
0 17 -1 0.583202 52.0095 -3.36754 140.741 229.435 17.3429 229.435 375.931 27.9012 17.3429 27.9012 46.4317 
-5 22 -1 -16.3154 67.6302 -3.77411 5.00637 2.63712 -46.1071 2.63712 2.74278 -18.9372 -46.1071 -18.9372 681.442 
-4 22 -1 -13.4749 66.5091 -3.71722 10.2396 -17.7088 -28.3393 -17.7088 34.8115 40.3488 -28.3393 40.3488 922.132 
-3 22 -1 -11.3632 67.7496 -3.68523 377.131 -205.612 -402.028 -205.612 122.728 336.274 -402.028 336.274 2200.17 
-4 21 -1 -13.6566 64.3157 -3.85509 2.28886 -4.12352 -6.13981 -4.12352 26.3123 -68.3617 -6.13981 -68.3617 1340.59 
-5 23 -1 -16.566 70.5767 -3.78127 2.16592 0.315701 -10.3511 0.315701 0.991301 -5.41038 -10.3511 -5.41038 692.217 
-3 23 -1 -10.5417 70.2742 -3.63893 4.11994 -0.664935 9.79437 -0.664935 3.61458 -13.6696 9.79437 -13.6696 82.3665 
7 24 -1 21.7064 73.8725 -3.43966 119.548 84.783 -84.3656 84.783 130.823 -88.5817 -84.3656 -88.5817 88.921 
