-17 -2 3 -53.475 -6.347 9.13239 70.4755 -30.8443 131.647 -30.8443 41.2564 -36.38 131.647 -36.38 811.705 
-17 -2 2 -53.616 -6.49135 8.22717 26.4637 -14.132 7.59869 -14.132 14.1286 -4.77297 7.59869 -4.77297 3.18792 
-17 -8 2 -52.7125 -25.8765 6.60035 8.66821 -0.660788 -11.5567 -0.660788 2.86971 2.67733 -11.5567 2.67733 23.5108 
-22 -11 2 -68.7931 -34.1813 6.33684 55.9271 -18.2711 18.5136 -18.2711 15.4166 -8.31723 18.5136 -8.31723 31.13 
-17 -11 2 -52.0435 -34.4695 6.48191 20.6523 -1.42109 12.9944 -1.42109 12.6456 -2.35841 12.9944 -2.35841 21.1342 
-16 -13 2 -50.2226 -41.1013 6.70224 34.6798 0.30414 -6.2043 0.30414 5.34605 -0.440975 -6.2043 -0.440975 5.39639 
-17 -14 2 -51.3073 -44.151 6.81024 17.5419 -0.426274 -3.95289 -0.426274 6.28078 1.04835 -3.95289 1.04835 4.60833 
-16 -14 2 -50.6936 -44.1313 6.46663 21.2013 -5.6959 5.07417 -5.6959 10.2433 -2.76349 5.07417 -2.76349 10.0046 
-17 -1 1 -53.6156 -5.35673 5.42649 12.4176 3.13371 -3.87738 3.13371 6.82489 4.74883 -3.87738 4.74883 13.0477 
-16 -9 1 -50.5327 -27.369 4.85133 11.8817 -7.17853 -0.830839 -7.17853 17.0372 3.47067 -0.830839 3.47067 5.26184 
-27 -9 1 -82.0427 -29.183 4.97979 3.07437 -2.75742 0.683219 -2.75742 47.0833 -11.7538 0.683219 -11.7538 4.606 
-18 0 1 -55.3694 -2.44275 5.25221 3.94002 3.09282 -0.456702 3.09282 10.1243 -4.53667 -0.456702 -4.53667 9.55278 
-17 -8 1 -51.7857 -25.1947 5.04071 2.9303 0.0459671 1.59582 0.0459671 1.50918 0.84673 1.59582 0.84673 4.68965 
-19 -11 1 -59.742 -33.7222 3.53606 211.17 56.2953 -450.915 56.2953 37.0729 -238.038 -450.915 -238.038 1650.87 
-43 10 1 -130.633 31.238 4.15269 1.31576 0.115846 -0.209072 0.115846 1.36002 0.107044 -0.209072 0.107044 1.55499 
-42 10 1 -127.116 31.3957 3.84801 3.47558 1.01892 0.0407702 1.01892 2.49094 1.34034 0.0407702 1.34034 2.63689 
-21 7 1 -64.458 22.2329 3.88118 27.5137 2.65778 1.01768 2.65778 3.15009 1.08424 1.01768 1.08424 3.81633 
-18 -1 1 -55.5263 -4.62302 4.52558 1.65066 -0.027121 -0.0838602 -0.027121 1.51383 0.0184736 -0.0838602 0.0184736 1.22845 
-19 -1 1 -57.1741 -4.81416 3.9085 28.0913 1.41369 -0.709275 1.41369 1.76494 0.304944 -0.709275 0.304944 1.45366 
-19 -2 1 -58.128 -7.4413 4.19971 0.876929 -0.111702 -0.253997 -0.111702 1.42329 0.215687 -0.253997 0.215687 1.82879 
-20 -3 1 -61.5562 -9.58304 4.35741 3.25903 -0.783404 -0.514536 -0.783404 7.62737 0.170451 -0.514536 0.170451 1.83331 
-33 -10 1 -99.5948 -32.5456 3.91317 4.74628 -1.00065 -1.36765 -1.00065 16.8291 2.47697 -1.36765 2.47697 2.35755 
-32 -10 1 -98.5744 -32.6471 4.297 13.5819 7.86816 5.65254 7.86816 18.6294 1.73055 5.65254 1.73055 5.07187 
-23 -11 1 -69.7836 -34.3564 4.48533 5.88745 1.40053 -3.14294 1.40053 2.47372 -1.40323 -3.14294 -1.40323 3.24863 
-17 -11 1 -51.8588 -34.3331 4.39717 3.05563 -0.644498 -0.212188 -0.644498 1.90859 0.0324409 -0.212188 0.0324409 1.41325 
-33 -11 1 -99.845 -34.3779 4.41848 5.46374 0.857239 -2.20732 0.857239 1.71082 -0.620766 -2.20732 -0.620766 2.39574 
-33 -12 1 -101.457 -37.6438 3.82856 6.35931 -5.81849 3.19841 -5.81849 7.55063 -3.42711 3.19841 -3.42711 6.00482 
-29 -12 1 -88.5173 -37.9752 4.43758 1.89062 -0.891701 -0.164165 -0.891701 3.71724 -1.04876 -0.164165 -1.04876 1.87307 
-34 -12 1 -102.912 -37.4971 3.93355 8.529 2.26923 -4.19716 2.26923 2.65835 -1.66529 -4.19716 -1.66529 4.52773 
-34 -15 1 -103.999 -47.5285 3.76234 3.54462 -3.38802 0.192031 -3.38802 17.0734 3.66367 0.192031 3.66367 4.5802 
-34 -16 1 -103.496 -48.8413 4.0988 3.92054 0.816372 0.0571061 0.816372 5.14421 0.0418617 0.0571061 0.0418617 2.21277 
-18 -3 0 -55.4888 -9.60746 2.66564 4.27859 -7.04492 -0.595366 -7.04492 18.133 4.76903 -0.595366 4.76903 34.5991 
-18 -16 0 -56.8179 -49.6292 1.6453 2732.04 -1883.89 -1212.22 -1883.89 1362.55 854.881 -1212.22 854.881 596.845 
-32 -11 0 -97.652 -35.0675 2.19489 4.65387 -0.354314 -1.02044 -0.354314 1.49008 -0.124979 -1.02044 -0.124979 3.71423 
-26 -9 0 -79.6358 -29.1655 1.16172 2.60933 1.91761 1.9764 1.91761 5.58283 2.67509 1.9764 2.67509 3.57656 
-29 -12 0 -88.7959 -38.4138 1.5693 1.29895 -0.247369 0.0530901 -0.247369 4.42799 0.236118 0.0530901 0.236118 1.49282 
-30 -12 0 -91.2466 -37.9305 1.34766 1.44516 0.790478 0.342974 0.790478 2.47972 -0.310798 0.342974 -0.310798 1.24469 
-25 -13 0 -75.6653 -40.8468 0.0457913 1247.79 -39.8842 44.0983 -39.8842 2.54305 -0.920374 44.0983 -0.920374 17.6033 
-43 14 0 -131.138 42.5886 -0.0853144 10.287 -0.999526 11.8461 -0.999526 23.0722 -2.93523 11.8461 -2.93523 27.956 
-20 -1 0 -62.1179 -5.64735 1.75756 2.22618 5.01253 -0.480743 5.01253 32.1738 -2.77174 -0.480743 -2.77174 1.16143 
-28 -13 0 -86.3715 -39.8381 -0.407157 14.1639 -2.5484 7.04465 -2.5484 70.3319 15.2739 7.04465 15.2739 14.306 
-17 -3 1 -53.9592 -9.37576 4.59297 6151.85 1407.16 -224.722 1407.16 483.218 -37.7477 -224.722 -37.7477 21.9091 
-34 -16 0 -103.891 -48.8681 1.7235 2.32687 1.36059 -0.11692 1.36059 4.28459 0.156187 -0.11692 0.156187 1.0082 
-31 -13 0 -93.7813 -39.6151 0.220474 28.4239 29.4213 -6.05767 29.4213 46.1667 -10.2579 -6.05767 -10.2579 3.08791 
-34 -15 0 -103.995 -47.2459 1.01701 1.99045 -1.07484 -0.0438738 -1.07484 5.14727 0.450099 -0.0438738 0.450099 0.839262 
-18 9 0 -54.4463 27.3163 0.587951 8.68019 -7.80673 -0.730913 -7.80673 24.781 2.41918 -0.730913 2.41918 1.67139 
-17 -2 0 -53.28 -6.8315 1.42243 4.54061 0.285866 -0.0268186 0.285866 2.78493 0.000902727 -0.0268186 0.000902727 0.613805 
-16 -3 0 -50.5331 -10.3316 -1.16393 18.1981 -1.43966 -66.8249 -1.43966 3.16813 49.0165 -66.8249 49.0165 1435.07 
-17 -3 0 -52.1901 -9.53234 -0.187891 4.52757 6.89196 1.54885 6.89196 15.8961 1.62151 1.54885 1.62151 0.868541 
-29 -13 0 -88.3302 -39.3139 0.900611 3.42623 5.26632 -0.574254 5.26632 36.7834 -3.47375 -0.574254 -3.47375 0.762957 
-16 9 0 -50.4557 28.3494 -1.48506 13.6532 0.860389 22.0925 0.860389 1.76484 5.46435 22.0925 5.46435 143.867 
-16 8 0 -50.3516 25.7201 -1.48832 22.1903 -4.7507 -15.1999 -4.7507 3.37666 -9.56065 -15.1999 -9.56065 159.734 
-17 8 0 -53.2658 25.4513 0.286218 3.32637 0.545741 1.04614 0.545741 1.75265 0.122314 1.04614 0.122314 0.854752 
-17 9 0 -52.8745 28.2386 -0.812262 2.07357 -1.01547 0.645433 -1.01547 3.04277 0.918493 0.645433 0.918493 1.84887 
-18 8 0 -54.9772 25.3305 0.926109 3.21236 -0.445497 -0.588607 -0.445497 1.54136 0.271814 -0.588607 0.271814 1.19769 
-19 8 0 -58.4684 24.9017 -1.67213 10.062 -4.40178 -43.754 -4.40178 4.76056 -13.2744 -43.754 -13.2744 864.654 
-17 5 0 -52.8235 17.3238 -1.65608 9.17746 -3.76725 -108.644 -3.76725 8.43978 12.5187 -108.644 12.5187 2207.77 
-16 4 0 -50.3295 13.4372 -0.310294 19.0597 0.260919 -0.348486 0.260919 1.55898 -0.0220992 -0.348486 -0.0220992 2.33527 
-17 4 0 -51.8095 12.8188 -0.845287 3.45624 0.0863212 -1.48337 0.0863212 1.61366 0.174278 -1.48337 0.174278 1.80442 
-17 3 0 -51.7907 10.6331 -0.514237 4.77309 -2.75515 -0.0717748 -2.75515 3.64663 -0.455407 -0.0717748 -0.455407 0.583276 
-16 2 0 -50.2417 8.41237 -1.53405 83.5076 -29.4359 -69.0411 -29.4359 31.9884 239.083 -69.0411 239.083 2502.03 
-18 1 0 -55.2737 4.31294 -1.69272 3.57782 -0.250501 -29.7824 -0.250501 0.67322 3.53719 -29.7824 3.53719 647.553 
-17 -1 0 -53.5234 -4.88534 0.908536 9.6874 1.28756 0.53876 1.28756 2.14897 0.401526 0.53876 0.401526 0.961556 
-18 -1 0 -55.1784 -4.56278 1.50613 1.38478 0.176797 0.119292 0.176797 1.8611 0.111967 0.119292 0.111967 0.623535 
-20 -2 0 -61.5876 -7.37434 0.789411 1.80294 0.352397 -0.509683 0.352397 1.53422 -0.29733 -0.509683 -0.29733 0.735702 
-20 -3 0 -61.8082 -9.69932 0.637012 2.09115 -1.69163 -0.0577815 -1.69163 6.4089 0.319045 -0.0577815 0.319045 0.536124 
-25 -15 0 -75.8553 -46.4958 -0.21564 1143.44 -50.5735 30.4556 -50.5735 3.38627 -1.31011 30.4556 -1.31011 4.05243 
-33 -16 0 -101.199 -49.0412 1.02404 7.81788 -5.15913 4.5888 -5.15913 6.92579 -2.9572 4.5888 -2.9572 3.59326 
-16 6 0 -50.4356 19.4892 -1.53187 17.0283 -0.763828 -7.38578 -0.763828 2.21896 -0.30932 -7.38578 -0.30932 11.9786 
-17 6 0 -51.8482 19.0563 -1.60901 2.87126 0.389949 4.13758 0.389949 1.77097 -0.605199 4.13758 -0.605199 13.4167 
-18 3 0 -54.756 11.6665 -1.7699 14.3099 16.0278 -177.67 16.0278 57.1695 -203.056 -177.67 -203.056 2821.26 
-19 0 0 -58.3333 -0.875164 -1.77786 5.6271 -0.531852 -44.621 -0.531852 1.2979 13.8896 -44.621 13.8896 627.831 
-18 -4 0 -55.9264 -14.5403 -1.7584 28.0719 46.5627 -186.737 46.5627 100.05 -241.952 -186.737 -241.952 1876.33 
-16 -5 0 -50.6382 -17.1212 -1.7206 65.9063 78.789 -483.599 78.789 131.381 -788.304 -483.599 -788.304 4932.15 
-17 -5 0 -52.2498 -16.7995 -1.8048 7.28877 12.1247 -78.4739 12.1247 24.9625 -151.012 -78.4739 -151.012 1074.99 
-31 -12 0 -94.2421 -38.3832 1.57803 2.14167 -0.732906 -1.19488 -0.732906 7.15398 -0.482193 -1.19488 -0.482193 1.53229 
-30 14 0 -90.8531 43.6873 0.269585 1.98796 0.0888141 -0.209333 0.0888141 2.31915 -0.383806 -0.209333 -0.383806 0.388246 
-31 13 0 -94.6376 39.6119 0.468148 4.38842 2.11166 0.953233 2.11166 6.22105 0.422203 0.953233 0.422203 0.708858 
-45 11 0 -136.065 34.4414 -2.01174 1.50621 0.981786 2.12968 0.981786 2.61019 0.328231 2.12968 0.328231 85.2501 
-18 -11 2 -55.2048 -34.974 6.49822 5.58635 -1.30693 -1.48651 -1.30693 4.83369 -1.31232 -1.48651 -1.31232 8.84307 
-22 4 0 -68.1992 12.6728 -0.794185 17.2346 -20.2975 1.56638 -20.2975 28.9256 0.045832 1.56638 0.045832 2.18219 
-21 -2 0 -63.6158 -7.14468 0.0322847 3.46469 -0.329461 0.0229533 -0.329461 1.99247 -0.488314 0.0229533 -0.488314 0.747223 
-29 -12 2 -88.213 -37.7971 6.1324 34.1743 -67.4691 70.0146 -67.4691 206.719 -219.99 70.0146 -219.99 269.903 
-20 3 0 -62.6422 9.26248 -2.17417 43.0359 32.1839 -375.806 32.1839 39.8971 -228.469 -375.806 -228.469 4578.83 
-18 -5 0 -55.1848 -15.8937 -1.91429 12.9183 22.13 -112.743 22.13 44.7224 -220.303 -112.743 -220.303 1134.49 
-33 -11 0 -101.037 -33.9834 0.74565 4.34764 0.249538 -0.71948 0.249538 1.92796 0.255745 -0.71948 0.255745 0.666031 
-20 -12 0 -60.9053 -36.7219 -1.28677 136.657 400.469 -97.9694 400.469 2451.47 -205.154 -97.9694 -205.154 80.194 
-29 14 0 -89.7427 43.9734 -1.98189 72.4808 0.506418 4.73269 0.506418 1.99704 0.338649 4.73269 0.338649 3.49962 
-36 12 0 -109.525 36.9425 -1.97446 47.163 16.4171 -16.5036 16.4171 22.4841 -11.7705 -16.5036 -11.7705 15.3131 
-32 -12 0 -98.1714 -36.3239 2.26228 4.1908 -8.95541 0.498248 -8.95541 67.2974 -6.49001 0.498248 -6.49001 4.08844 
-43 10 0 -129.781 31.467 0.579103 2.86129 -1.14287 -0.306026 -1.14287 2.57856 0.309419 -0.306026 0.309419 0.503298 
-44 5 0 -133.146 15.6214 -2.41636 35.5131 -190.421 -89.1015 -190.421 1300.43 -13.1225 -89.1015 -13.1225 1322.33 
-45 -1 0 -137.718 -5.88799 -1.86543 188.601 728.06 -51.4202 728.06 3170.72 -213.22 -51.4202 -213.22 18.0311 
-19 -5 0 -58.67 -16.6709 -2.44135 10.4587 22.0702 -108.38 22.0702 57.1975 -275.429 -108.38 -275.429 1362.96 
-19 -11 0 -58.8327 -34.3717 0.291287 0.614634 -0.0536072 0.0714187 -0.0536072 3.24991 -0.334994 0.0714187 -0.334994 0.384751 
-34 0 0 -102.53 2.20508 -1.62276 1206.66 -71.9483 99.992 -71.9483 43.5618 -0.654802 99.992 -0.654802 10.2557 
-16 -11 0 -50.4288 -34.7224 0.38395 12.1147 0.0111082 0.2476 0.0111082 1.46467 0.0931768 0.2476 0.0931768 0.438139 
-47 -15 0 -142.566 -45.0978 -2.38404 22.5479 -0.0718084 22.1771 -0.0718084 379.622 96.3582 22.1771 96.3582 157.441 
-40 16 0 -120.727 48.5244 -2.49558 31.1201 19.0439 -3.17388 19.0439 26.8793 6.25594 -3.17388 6.25594 17.718 
-22 -11 1 -68.1357 -34.3097 4.77555 1.99922 -0.397923 0.654538 -0.397923 1.86264 -0.202935 0.654538 -0.202935 2.9335 
-45 15 0 -136.044 45.8993 -1.5007 2.84932 1.35905 -0.652279 1.35905 5.40027 -0.699087 -0.652279 -0.699087 1.25296 
-42 9 0 -127.733 28.8073 0.334075 4.5058 3.36592 1.90425 3.36592 8.011 2.65597 1.90425 2.65597 1.42436 
-45 14 0 -135.349 44.0597 -2.11708 29.5977 7.62629 4.51721 7.62629 3.83754 2.19606 4.51721 2.19606 3.24947 
-44 14 0 -133.76 42.9258 -0.4384 3.89095 0.270414 -1.19336 0.270414 2.1776 0.163442 -1.19336 0.163442 0.749881 
-44 13 0 -133.228 41.1238 -1.10867 2.62976 0.339865 -0.225066 0.339865 4.04239 -0.639696 -0.225066 -0.639696 0.712362 
-44 11 0 -133.777 34.1262 -1.85472 1.92533 1.73174 0.0284926 1.73174 5.97727 2.61066 0.0284926 2.61066 2.72414 
-47 1 0 -141.3 5.25404 -2.75362 72.8385 -8.38007 -56.1093 -8.38007 22.8602 19.6111 -56.1093 19.6111 368.326 
-41 1 0 -125.313 3.88773 -0.973328 3.68871 -0.826354 0.209624 -0.826354 4.53484 0.701995 0.209624 0.701995 0.846579 
-45 0 0 -135.137 1.79478 -2.31972 850.666 207.578 131.19 207.578 221.427 43.604 131.19 43.604 28.0733 
-44 0 0 -132.465 -1.84625 -2.05723 8.23658 0.134183 -0.2287 0.134183 3.8373 -3.55531 -0.2287 -3.55531 7.39189 
-20 -2 2 -61.2834 -8.06039 6.23879 27.0537 8.08644 29.528 8.08644 8.23177 15.492 29.528 15.492 84.824 
-43 0 0 -130.637 -1.52933 -1.30554 2.14696 0.138291 0.0555586 0.138291 1.67357 0.0672593 0.0555586 0.0672593 0.945451 
-41 -1 0 -124.074 -4.26848 -1.804 6.76994 -1.32298 -0.416084 -1.32298 3.28323 0.372693 -0.416084 0.372693 1.75425 
-46 -1 0 -139.101 -5.72108 -1.76815 2.25769 -1.66854 -0.41554 -1.66854 26.4341 3.07833 -0.41554 3.07833 1.85318 
-47 -2 0 -141.172 -7.4152 -1.83752 124.611 -25.6157 19.4642 -25.6157 10.1535 -6.8787 19.4642 -6.8787 8.29062 
-16 -13 0 -50.4995 -40.4627 0.859268 10.8671 -0.224418 -0.184768 -0.224418 1.19257 -0.00026842 -0.184768 -0.00026842 1.07888 
-18 -6 0 -55.6179 -18.8415 -2.57089 9.35446 18.8928 -81.9345 18.8928 43.0583 -180.436 -81.9345 -180.436 800.737 
-29 -8 0 -88.5272 -25.4588 -0.563141 2.33545 -0.136313 -0.0735614 -0.136313 2.40964 0.268339 -0.0735614 0.268339 0.240276 
-25 -14 0 -75.8472 -43.9861 -0.211767 30.5432 -1.91028 -12.0567 -1.91028 1.74414 0.630501 -12.0567 0.630501 8.27463 
-25 -9 0 -76.4282 -28.2946 -0.0110595 11.5929 12.3055 -1.07442 12.3055 16.5392 -0.56388 -1.07442 -0.56388 0.62365 
-21 -10 0 -64.5484 -31.5277 -0.376619 1.45406 0.379269 0.109009 0.379269 1.76243 0.251003 0.109009 0.251003 0.432298 
-17 -10 0 -51.9359 -32.1887 -0.146056 2.77336 -0.363807 -0.061181 -0.363807 4.98959 0.814463 -0.061181 0.814463 0.600459 
-16 -10 0 -50.552 -32.4113 -1.23935 13.8328 3.40281 0.775976 3.40281 4.38968 0.679778 0.775976 0.679778 0.706875 
-18 -10 0 -55.6828 -32.7891 0.197055 2.08352 -0.0500352 0.43962 -0.0500352 62.8407 1.12562 0.43962 1.12562 0.454768 
-48 -10 0 -144.182 -32.2809 -2.95743 91.3986 0.900493 -104.47 0.900493 77.3378 -754.452 -104.47 -754.452 17118 
-17 -11 0 -51.846 -34.4725 0.530594 2.48734 0.520705 -0.0645505 0.520705 1.24628 0.101797 -0.0645505 0.101797 0.452713 
-25 -10 0 -76.3437 -31.9531 0.237927 24.2992 15.6006 1.47531 15.6006 12.7816 3.54833 1.47531 3.54833 4.10791 
-20 -11 0 -60.968 -34.0457 0.217865 1.44152 0.320333 0.112775 0.320333 1.62595 0.0100566 0.112775 0.0100566 0.375722 
-34 -11 0 -103.523 -35.3544 -0.602029 2.23944 -2.63888 -0.654384 -2.63888 7.42066 1.38453 -0.654384 1.38453 0.680947 
-37 14 0 -113.472 44.0017 -2.30758 10.1021 8.98994 -3.14245 8.98994 13.0637 -4.04545 -3.14245 -4.04545 5.11611 
-16 -12 0 -50.4882 -37.2115 -0.396725 12.893 1.14967 0.772831 1.14967 1.35644 0.343147 0.772831 0.343147 0.875911 
-35 -12 0 -105.298 -37.4693 -1.16122 21.7023 -0.586411 -0.515699 -0.586411 2.72291 -0.207442 -0.515699 -0.207442 0.852685 
-34 -12 0 -103.999 -37.6228 0.597808 4.62319 0.726348 -1.19512 0.726348 1.23221 -0.145764 -1.19512 -0.145764 0.726477 
-43 -12 0 -131.722 -38.4115 -2.11846 44.6612 -8.20986 2.38286 -8.20986 7.37078 0.210248 2.38286 0.210248 1.83318 
-44 -12 0 -133.122 -38.5027 -1.38543 2.39051 -0.114746 -0.158918 -0.114746 6.79491 0.285049 -0.158918 0.285049 0.817651 
-43 -13 0 -131.381 -39.5262 -2.24194 5.36031 1.99406 0.289675 1.99406 18.4655 -1.75767 0.289675 -1.75767 3.38331 
-33 -13 0 -101.667 -39.6771 -0.219879 18.1897 12.121 -4.0112 12.121 46.8967 -11.6336 -4.0112 -11.6336 3.52657 
-34 -13 0 -103.495 -39.4692 -0.499548 3.03473 2.51347 -1.19026 2.51347 13.5558 -2.55021 -1.19026 -2.55021 1.26671 
-44 -13 0 -133.103 -39.6747 -1.44871 3.88713 -0.5548 -0.0855063 -0.5548 3.77234 -0.61351 -0.0855063 -0.61351 1.0035 
-35 -14 0 -106.061 -43.5024 -2.66573 5.75334 -4.07471 -15.0352 -4.07471 4.09754 12.3732 -15.0352 12.3732 75.6713 
-16 -14 0 -50.4404 -43.7477 0.697703 11.3577 -0.288201 -0.0602923 -0.288201 1.55806 -0.206827 -0.0602923 -0.206827 0.467089 
-17 -14 0 -52.109 -43.9313 0.311737 1.2565 -0.0457863 -0.208486 -0.0457863 1.49246 0.0727206 -0.208486 0.0727206 0.420856 
-16 -15 0 -50.473 -45.9565 -0.0716116 10.6935 -0.677806 0.113214 -0.677806 4.11807 -0.379528 0.113214 -0.379528 0.395053 
-35 -15 0 -106.475 -47.056 -0.732718 4.12976 -0.0694126 -2.34015 -0.0694126 2.56432 0.274318 -2.34015 0.274318 1.69263 
-17 -15 0 -52.5117 -46.3002 -0.315241 1.07057 -0.436194 -0.069776 -0.436194 2.29427 -0.412776 -0.069776 -0.412776 0.490447 
-16 -16 0 -50.6976 -49.2637 -2.64091 27.3119 0.56859 3.64901 0.56859 4.02719 2.59858 3.64901 2.59858 12.1698 
-17 -16 0 -53.3283 -49.0711 -1.21008 1.7442 0.447811 0.710835 0.447811 3.06962 0.134751 0.710835 0.134751 0.928281 
-45 -2 0 -137.796 -7.33307 -1.435 34.4092 0.848734 3.67999 0.848734 1.71982 0.403624 3.67999 0.403624 5.11652 
-45 -2 -1 -136.923 -7.53747 -5.4758 2.25263 0.588745 1.2175 0.588745 1.87008 0.380085 1.2175 0.380085 2.07952 
-39 11 -1 -118.671 34.3357 -4.01082 6.88886 4.78813 -42.9291 4.78813 4.80159 -35.7551 -42.9291 -35.7551 399.823 
-40 3 0 -121.095 10.1613 -2.14701 77.214 46.5123 21.1918 46.5123 124.507 39.4289 21.1918 39.4289 17.7921 
-46 -3 -1 -138.413 -9.32436 -5.33435 359.034 126.192 152.418 126.192 75.0788 49.9075 152.418 49.9075 65.7219 
-39 -15 -2 -117.492 -46.5136 -6.08748 39.411 12.0182 -126.704 12.0182 6.16592 -59.5638 -126.704 -59.5638 936.295 
-40 -3 -1 -121.601 -10.691 -5.6553 2.16713 1.13041 -28.0208 1.13041 2.8104 -41.5071 -28.0208 -41.5071 1098.92 
-42 -6 -2 -127.46 -19.4614 -6.08219 27.9584 15.3857 -164.666 15.3857 11.2804 -115.648 -164.666 -115.648 1634.66 
-44 -3 -1 -134.551 -10.8763 -5.90699 20.387 6.75576 -115.282 6.75576 4.75538 -66.7953 -115.282 -66.7953 1566.55 
-39 -14 -2 -118.597 -43.6412 -6.20903 38.9 13.1524 -70.6098 13.1524 13.6118 48.5391 -70.6098 48.5391 772.583 
-46 2 -1 -139.461 7.47556 -5.58595 2.85693 -0.0571571 -39.5712 -0.0571571 1.26962 4.95874 -39.5712 4.95874 1217.12 
-45 -3 -1 -136.25 -10.2345 -5.95925 2.51175 1.18282 -29.0015 1.18282 2.13943 -24.4652 -29.0015 -24.4652 1126.81 
-42 -4 -1 -127.534 -12.6952 -4.67155 2.6886 0.967951 -0.536439 0.967951 2.98871 -1.71699 -0.536439 -1.71699 1.92226 
-16 -16 -1 -50.4687 -48.9437 -3.09267 31.6 7.23652 138.011 7.23652 5.79958 47.2791 138.011 47.2791 934.127 
-40 -5 -1 -121.482 -16.4299 -5.91667 3.16446 1.73089 -30.9372 1.73089 6.26476 -88.4959 -30.9372 -88.4959 1751.22 
-20 -11 1 -61.1797 -34.3038 4.66677 1.91507 0.0907423 0.477695 0.0907423 1.25645 0.0240632 0.477695 0.0240632 1.52934 
-20 7 0 -61.2552 22.9593 -1.82174 4.05836 -2.08055 -29.8773 -2.08055 4.75241 -19.1076 -29.8773 -19.1076 875.118 
-45 -10 -2 -136.346 -31.4389 -6.5149 3.33528 0.573401 -49.495 0.573401 1.56905 -15.7052 -49.495 -15.7052 1388.33 
-23 -11 2 -69.1977 -34.3743 6.31753 197.581 30.4043 -42.7014 30.4043 12.8572 -4.7944 -42.7014 -4.7944 29.879 
-45 8 -1 -136.673 25.282 -5.43799 1.74665 0.438798 3.44101 0.438798 4.63626 -26.6109 3.44101 -26.6109 246.825 
-49 -9 -1 -149.116 -28.6788 -5.9115 3.27942 2.70016 -46.8406 2.70016 52.4076 23.028 -46.8406 23.028 1925.74 
-44 -12 -2 -133.581 -37.5556 -6.44101 3.72433 -0.193911 -50.7157 -0.193911 1.4701 -2.7311 -50.7157 -2.7311 1221.14 
-34 -2 -1 -103.736 -7.85832 -5.31838 9.87307 11.9149 -100.958 11.9149 21.2379 -154.543 -100.958 -154.543 1248.86 
-36 -11 -1 -108.198 -35.6343 -5.94573 145.185 -75.8145 -758.471 -75.8145 70.8686 161.863 -758.471 161.863 7132.23 
-19 -4 0 -58.5923 -13.5748 -1.9011 14.5728 19.3645 -127.931 19.3645 30.8859 -200.598 -127.931 -200.598 1411.28 
-47 -15 -1 -142.968 -45.1815 -3.70463 6.32511 -10.3479 -6.67945 -10.3479 138.402 56.6664 -6.67945 56.6664 55.6836 
-42 -3 -1 -127.444 -11.0277 -4.36001 3.61925 -1.10943 -0.107384 -1.10943 3.25365 0.767213 -0.107384 0.767213 1.22795 
-43 9 1 -130.194 29.4714 4.37397 10.3399 1.61402 4.15798 1.61402 2.18588 0.972342 4.15798 0.972342 4.39265 
-45 1 -1 -136.174 4.66669 -5.39943 1.8896 -0.0458016 -2.85598 -0.0458016 1.41017 0.861789 -2.85598 0.861789 13.9952 
-44 -13 -1 -133.19 -39.8494 -4.23893 2.40264 -0.109423 0.0921257 -0.109423 2.7736 0.338818 0.0921257 0.338818 1.8876 
-17 -10 1 -51.7573 -32.6778 3.93091 4.44191 0.50513 -0.56417 0.50513 20.166 -2.90566 -0.56417 -2.90566 5.48311 
-36 -15 -1 -109.124 -46.5753 -5.48393 25.3513 -12.7794 -108.868 -12.7794 8.14782 58.017 -108.868 58.017 497.678 
-47 -14 -1 -142.777 -43.9754 -3.94003 3.26298 -0.0650413 0.0710468 -0.0650413 3.50989 -0.122814 0.0710468 -0.122814 2.87141 
-40 0 -1 -121.376 0.410591 -5.33588 1.92464 0.822917 -15.4083 0.822917 1.10932 -16.3357 -15.4083 -16.3357 411.046 
-39 -15 -1 -117.312 -46.5217 -5.9732 680.74 223.994 -262.329 223.994 75.6905 -71.9919 -262.329 -71.9919 1581.78 
-48 9 -1 -146.438 29.0802 -5.58114 4.81645 0.973054 -19.3441 0.973054 0.907138 -10.4661 -19.3441 -10.4661 612.503 
-18 -3 1 -55.7174 -9.54348 4.30873 1.64495 -1.35046 0.0674166 -1.35046 10.1634 -0.166662 0.0674166 -0.166662 2.46457 
-37 -15 -1 -111.768 -47.1021 -5.83454 24.3794 -20.9807 -173.762 -20.9807 26.8031 202.076 -173.762 202.076 1631.65 
-46 -2 -2 -140.136 -7.62034 -6.04953 3.4441 0.834973 -33.5732 0.834973 1.44364 -20.1213 -33.5732 -20.1213 1022.99 
-47 -16 -2 -142.753 -48.9489 -6.57833 2.75462 -1.4173 23.4768 -1.4173 3.96238 -10.493 23.4768 -10.493 417.06 
-49 -1 -1 -148.458 -4.5562 -5.25664 4.71326 -1.00692 -0.975759 -1.00692 2.41986 2.92106 -0.975759 2.92106 8.07476 
-46 7 -1 -139.398 22.4172 -5.64615 1.68941 0.0395676 -1.83348 0.0395676 2.88022 -41.5156 -1.83348 -41.5156 1085.6 
-41 -5 -1 -124.171 -16.0359 -5.95974 1.562 0.890975 6.56446 0.890975 3.33716 -14.2217 6.56446 -14.2217 1061.37 
-44 13 -1 -133.231 41.3101 -3.84127 2.95679 1.75402 2.43452 1.75402 6.44113 2.73164 2.43452 2.73164 4.8008 
-35 -12 -1 -106.024 -37.6196 -4.66572 3.72704 -0.0879527 -3.56212 -0.0879527 1.6832 0.391978 -3.56212 0.391978 5.06559 
-44 -4 -2 -134.214 -14.5274 -6.02743 2.03453 0.371353 -25.147 0.371353 6.31971 12.1144 -25.147 12.1144 1559.15 
-45 -4 -2 -136.733 -13.5169 -6.08697 5.13233 2.41684 -67.2103 2.41684 2.81911 -42.0995 -67.2103 -42.0995 1291.12 
-47 -8 -2 -142.503 -25.5352 -6.64413 9.07777 0.0338686 -97.7376 0.0338686 1.27168 -0.320934 -97.7376 -0.320934 1252.87 
-43 -13 -2 -130.516 -40.3281 -6.38104 3.76117 0.391072 -56.2695 0.391072 1.45423 -8.4628 -56.2695 -8.4628 1374.72 
-28 -12 0 -86.5857 -37.9413 1.51445 15.1814 -0.627705 -0.125839 -0.627705 1.76232 0.283711 -0.125839 0.283711 2.08909 
-17 -15 -1 -51.9567 -46.7813 -3.11228 1.4337 0.238161 18.3179 0.238161 1.77001 2.29293 18.3179 2.29293 417.528 
-19 -1 0 -57.5993 -4.12691 1.35612 3.18636 -1.09649 -0.320483 -1.09649 3.05619 0.235777 -0.320483 0.235777 0.311907 
-46 -12 -2 -139.465 -37.4342 -6.64381 1.84547 0.0147663 -24.0725 0.0147663 1.32362 -3.6379 -24.0725 -3.6379 1286.41 
-45 -5 -2 -136.568 -16.4368 -6.16386 3.95099 0.949093 -53.8565 0.949093 1.71556 -23.4496 -53.8565 -23.4496 1148.39 
-39 10 -1 -118.615 31.4001 -4.54726 1.3399 1.88572 -7.08379 1.88572 34.6553 -128.473 -7.08379 -128.473 503.892 
-41 -6 -2 -124.696 -18.9366 -6.04809 1.67888 2.27761 -3.78373 2.27761 7.60048 -7.00016 -3.78373 -7.00016 902.147 
-47 -13 -2 -142.563 -40.4696 -6.65757 1.32251 0.0378631 9.40803 0.0378631 1.58605 5.87667 9.40803 5.87667 1251.48 
-40 -6 -2 -121.906 -19.5524 -6.04425 2.12127 0.642745 -23.9811 0.642745 1.31794 -12.1719 -23.9811 -12.1719 958.928 
-49 -15 -1 -148.864 -46.2731 -4.93137 121.562 -4.56598 -62.0219 -4.56598 3.26264 5.42775 -62.0219 5.42775 67.8959 
-39 -3 -1 -119.467 -9.97402 -5.58317 5.34569 0.800032 44.7796 0.800032 4.4068 -9.63513 44.7796 -9.63513 1190.9 
-47 3 -1 -142.67 10.4348 -5.62417 1.28067 -0.026537 6.22987 -0.026537 1.72746 -20.2404 6.22987 -20.2404 1214.09 
-16 -8 1 -50.5065 -25.4757 4.63341 13.7242 1.91629 -3.12896 1.91629 2.95733 -0.0317546 -3.12896 -0.0317546 2.70295 
-42 0 0 -126.925 1.23302 -1.20756 4.25349 -1.71992 -1.02795 -1.71992 1.09707 0.168185 -1.02795 0.168185 1.46405 
-45 -1 -1 -137.057 -4.6603 -5.82298 10.9768 5.80794 -101.896 5.80794 4.75369 -63.1211 -101.896 -63.1211 1243.38 
-35 12 -1 -106.945 37.2111 -3.78756 17.2203 17.5316 -83.1487 17.5316 67.015 -219.304 -83.1487 -219.304 790.78 
-42 9 -1 -127.61 28.3234 -5.10038 2.07693 -3.3216 17.3778 -3.3216 22.4564 -105.929 17.3778 -105.929 527.946 
-40 -7 -2 -121.778 -22.9956 -6.09793 2.32296 1.20874 -31.8695 1.20874 3.62612 -42.2119 -31.8695 -42.2119 1540.27 
-48 -6 -2 -145.488 -19.5302 -6.77891 1.65823 -0.603749 20.2828 -0.603749 2.50939 -39.5245 20.2828 -39.5245 1337.51 
-48 0 -2 -145.575 -0.314269 -6.13976 1.39619 -0.185098 5.10658 -0.185098 1.476 -20.9445 5.10658 -20.9445 417.468 
-43 9 0 -129.328 29.0764 1.3119 710.878 48.4716 23.3586 48.4716 5.86905 -2.17622 23.3586 -2.17622 9.18601 
-48 0 -1 -145.534 2.17051 -5.87877 1.60518 0.580319 4.00547 0.580319 5.56236 26.6446 4.00547 26.6446 144.452 
-44 -7 -2 -133.52 -22.4653 -6.18643 3.53878 0.664402 -47.0571 0.664402 1.77389 -22.8292 -47.0571 -22.8292 1137.48 
-39 -8 -2 -119.019 -26.2035 -6.13411 19.3337 -56.3829 -8.617 -56.3829 175.146 43.9453 -8.617 43.9453 1041.17 
-41 9 -1 -124.804 28.2978 -5.18842 2.02306 -3.76908 15.1388 -3.76908 32.8851 -130.789 15.1388 -130.789 545.62 
-44 3 -1 -133.235 10.2099 -5.29875 2.29292 0.277986 -19.1324 0.277986 2.99566 30.4674 -19.1324 30.4674 866.416 
-46 5 0 -139.859 15.3807 -2.55954 65.1918 -338.058 -260.794 -338.058 1840.67 1418.1 -260.794 1418.1 1110.58 
-33 -2 -1 -100.407 -7.69012 -5.15193 1.65093 1.08735 -9.965 1.08735 4.35987 -10.8852 -9.965 -10.8852 215.347 
-47 -10 -1 -142.62 -32.2945 -3.89122 4.28663 0.710628 1.01872 0.710628 5.37304 -0.638696 1.01872 -0.638696 3.27596 
-34 -9 -2 -103.303 -29.023 -6.16094 245.533 65.4093 52.5631 65.4093 28.0983 160.594 52.5631 160.594 2821.22 
-19 -1 2 -57.4374 -4.21138 6.96678 8.03818 0.89691 -0.748 0.89691 2.02581 -0.303969 -0.748 -0.303969 3.00517 
-49 -14 -2 -148.46 -43.5737 -6.73762 1.31641 -0.037177 -0.0163807 -0.037177 1.52384 5.63954 -0.0163807 5.63954 117.498 
-36 -8 -2 -108.994 -24.8007 -6.25275 25.3391 6.86879 -58.6702 6.86879 5.08518 -55.9345 -58.6702 -55.9345 806.01 
-22 -10 1 -67.0255 -32.2634 4.03379 1.96087 -2.56746 -1.43424 -2.56746 7.16973 1.67784 -1.43424 1.67784 2.76028 
-43 2 -1 -130.897 8.13238 -5.18125 1.86173 1.76534 -18.2947 1.76534 7.71878 -25.3813 -18.2947 -25.3813 1267.4 
-18 -2 3 -54.6869 -6.58217 9.18622 8.57518 4.5728 18.0193 4.5728 17.577 -23.3924 18.0193 -23.3924 176.998 
-17 -9 2 -51.9959 -28.3988 6.59464 117.154 -62.9124 63.8833 -62.9124 38.5156 -33.2424 63.8833 -33.2424 44.6522 
-42 -9 -2 -127.829 -28.4821 -6.17048 12.584 4.45948 -81.8545 4.45948 3.36621 -35.9594 -81.8545 -35.9594 918.162 
-43 -9 -2 -130.97 -28.4664 -6.25114 2.00443 0.354436 -17.613 0.354436 1.71972 -25.9729 -17.613 -25.9729 1096.72 
-40 -10 -2 -122.416 -32.3932 -6.16595 1106.25 420.777 -752.303 420.777 169.316 -226.292 -752.303 -226.292 2348.68 
-35 -11 -2 -107.571 -33.6306 -6.10293 343.256 -244.316 -1558.91 -244.316 187.718 1131.7 -1558.91 1131.7 7358.55 
-47 13 -1 -141.375 41.333 -5.20709 343.001 16.8397 -610.351 16.8397 3.11367 -23.0001 -610.351 -23.0001 1953.44 
-36 -14 -2 -108.604 -42.7879 -6.04063 16.3354 -16.2249 -48.3581 -16.2249 25.8769 154.316 -48.3581 154.316 1929.57 
-44 0 -1 -133.476 -0.32563 -5.33455 1.52391 0.00239189 -0.943418 0.00239189 0.346546 0.131999 -0.943418 0.131999 2.1504 
-35 -16 0 -106.506 -49.2808 -0.462232 2.56374 -2.47326 -0.814959 -2.47326 7.22587 0.471691 -0.814959 0.471691 0.792314 
-40 10 -1 -121.401 31.102 -4.68468 1.81126 4.03126 -23.4685 4.03126 35.6257 -178.374 -23.4685 -178.374 939.203 
-17 -1 2 -53.5868 -4.95946 7.48322 12.7312 1.40237 -0.0797058 1.40237 3.03562 0.676257 -0.0797058 0.676257 1.66503 
-49 -8 -2 -148.641 -25.4477 -6.8733 1.43197 0.0566372 -1.86826 0.0566372 1.51131 -1.8517 -1.86826 -1.8517 144.753 
-32 -10 -1 -97.7649 -31.5215 -4.31592 34.6265 33.0139 -24.9389 33.0139 40.5954 -27.684 -24.9389 -27.684 20.9593 
-40 -14 -2 -122.195 -43.6712 -6.18177 15.3972 3.18205 -92.8018 3.18205 2.24087 -11.7522 -92.8018 -11.7522 954.156 
-16 -15 1 -50.476 -45.4536 3.86133 11.7752 -1.13718 0.965648 -1.13718 9.12827 -2.4617 0.965648 -2.4617 2.23097 
-40 -15 -2 -121.539 -46.2784 -6.14952 3.59549 0.416017 -34.4681 0.416017 1.63273 7.30754 -34.4681 7.30754 980.505 
-18 -2 0 -54.9765 -7.29331 1.42819 2.89699 -0.134057 -0.206707 -0.134057 2.06156 0.0717503 -0.206707 0.0717503 0.550993 
-49 -2 -2 -148.535 -7.57983 -6.50437 3.21221 1.68018 -48.8714 1.68018 2.97917 -43.1963 -48.8714 -43.1963 1208.03 
-20 -2 1 -61.4894 -7.50022 4.44488 1.93365 0.70721 -0.413104 0.70721 2.20564 0.560251 -0.413104 0.560251 1.82956 
-49 -3 -2 -148.564 -10.4974 -6.58636 2.98339 1.16967 -45.1958 1.16967 2.06521 -30.0256 -45.1958 -30.0256 1260.73 
-16 5 0 -50.3541 15.4519 -1.07105 172.352 166.473 122.466 166.473 192.931 127.744 122.466 127.744 92.362 
-48 -4 -2 -145.475 -13.4655 -6.60647 1.45287 -0.459553 12.4549 -0.459553 2.76471 -40.9536 12.4549 -40.9536 1305.28 
-44 15 0 -134.558 45.6807 -1.81422 10.2302 2.23749 0.439822 2.23749 7.50517 -0.614534 0.439822 -0.614534 1.5246 
-38 -16 -1 -116.381 -49.1007 -5.91204 137.137 42.2381 6.21186 42.2381 33.1094 227.242 6.21186 227.242 3032.58 
-47 5 -1 -142.848 16.3295 -5.42203 1.96704 -0.296752 -2.04216 -0.296752 1.14805 1.35325 -2.04216 1.35325 6.70715 
-47 -12 -2 -142.595 -37.3767 -6.66688 1.62942 0.0054438 -13.4888 0.0054438 1.39738 0.724789 -13.4888 0.724789 1395.37 
-46 -1 -1 -139.035 -4.63848 -5.33229 3.43984 0.31568 0.023998 0.31568 1.55008 0.859758 0.023998 0.859758 1.28114 
-35 -8 -2 -106.296 -25.0258 -6.18305 10.9093 6.05634 -61.6857 6.05634 12.9147 -82.0002 -61.6857 -82.0002 632.629 
-48 1 -1 -145.513 4.49709 -5.88301 1.47059 0.709756 -12.7355 0.709756 5.11723 -70.3082 -12.7355 -70.3082 1302.52 
-48 -3 -2 -145.47 -10.5114 -6.51753 1.3359 0.16389 -4.7962 0.16389 2.5197 -39.5859 -4.7962 -39.5859 1293.46 
-38 -16 -2 -116.517 -49.2126 -6.08841 263.84 56.0696 458.266 56.0696 13.5279 99.1506 458.266 99.1506 1366.01 
-47 -5 -2 -142.583 -16.4745 -6.51979 6.42188 1.32113 -51.4825 1.32113 1.69019 -13.2917 -51.4825 -13.2917 518.306 
-46 5 -1 -139.858 16.3556 -5.21985 1.79473 0.127518 -0.700729 0.127518 1.35985 0.800909 -0.700729 0.800909 2.11335 
-21 -3 0 -63.4607 -9.9352 1.20848 10.523 4.75111 0.537724 4.75111 6.83093 0.695267 0.537724 0.695267 0.778211 
-43 -2 -1 -130.141 -7.37197 -5.85137 1.56994 -0.0742175 -5.45287 -0.0742175 2.73538 -39.9075 -5.45287 -39.9075 1040.22 
-34 -10 -1 -103.095 -32.3353 -5.12336 2.18688 0.794198 -2.80409 0.794198 4.71375 -0.0444336 -2.80409 -0.0444336 6.03931 
-35 0 -1 -106.139 0.578294 -5.14159 2.49649 1.55017 -13.3755 1.55017 1.7912 -15.2464 -13.3755 -15.2464 165.873 
-47 -6 -2 -142.592 -19.5284 -6.58866 5.36534 0.867974 -42.6945 0.867974 1.55478 -9.12913 -42.6945 -9.12913 456.91 
-20 -1 1 -62.6448 -5.87824 3.70488 31.5255 32.3865 -8.22767 32.3865 203.37 -17.6362 -8.22767 -17.6362 11.0276 
-44 14 -1 -134.061 43.0223 -4.19564 3.89386 0.938557 2.48767 0.938557 1.5664 0.707451 2.48767 0.707451 4.464 
-23 -10 0 -69.7689 -32.0856 0.41419 4.38626 -3.07344 -1.45121 -3.07344 6.49146 1.75869 -1.45121 1.75869 1.22498 
-47 -1 -2 -142.592 -4.49324 -6.2336 11.7385 1.08684 -72.7774 1.08684 1.43078 -7.91999 -72.7774 -7.91999 518.253 
-38 -5 -1 -115.933 -16.4772 -5.92079 3.24325 -3.19426 26.2425 -3.19426 4.66189 -19.4914 26.2425 -19.4914 455.295 
-49 -14 -1 -148.895 -44.6929 -5.43101 20.3202 -8.81736 1.91659 -8.81736 142.845 -12.1224 1.91659 -12.1224 5.76676 
-42 1 0 -126.492 3.59742 -1.03221 7.58827 -3.35965 -0.79503 -3.35965 5.97183 0.827936 -0.79503 0.827936 0.963553 
-40 -13 -2 -121.756 -40.3325 -6.30084 0.989436 -0.561588 0.988962 -0.561588 1.62081 6.46686 0.988962 6.46686 138.926 
-47 -14 0 -142.752 -43.9437 -2.33657 7.14216 -0.257451 0.245701 -0.257451 3.29086 1.25986 0.245701 1.25986 6.31676 
-42 -1 -1 -127.47 -4.44828 -5.44426 1.355 -0.0895522 0.748679 -0.0895522 1.84095 -0.692044 0.748679 -0.692044 2.62961 
-48 -12 -2 -145.513 -37.4954 -6.82731 1.39186 -0.0709557 -6.35337 -0.0709557 1.50606 12.5695 -6.35337 12.5695 1357.4 
-43 3 -1 -130.556 10.263 -5.2466 1.98403 -1.28753 -31.1229 -1.28753 4.20966 45.6869 -31.1229 45.6869 1098.62 
-48 -10 -2 -145.476 -31.4642 -6.85883 1.26556 -0.0748276 -1.53795 -0.0748276 1.37193 9.21061 -1.53795 9.21061 1216.76 
-47 -7 -2 -142.473 -22.495 -6.62704 5.57698 0.622235 -54.2751 0.622235 1.41918 -8.00879 -54.2751 -8.00879 707.875 
-46 -11 -2 -139.477 -34.4249 -6.61205 1.7834 0.321227 -23.0554 0.321227 1.98211 -24.5156 -23.0554 -24.5156 1326.18 
-45 3 -1 -136.55 10.3171 -5.27424 1.96724 0.0436548 -0.985576 0.0436548 1.73089 -2.99811 -0.985576 -2.99811 12.886 
-46 -6 -2 -139.421 -19.3886 -6.38204 5.43444 1.88892 -70.2977 1.88892 2.3151 -33.4028 -70.2977 -33.4028 1180.16 
-44 -5 -2 -133.814 -16.4471 -6.04934 2.63609 0.498703 -37.2655 0.498703 2.19815 -27.363 -37.2655 -27.363 1630.1 
-49 0 -2 -148.46 -0.130373 -6.16036 1.54037 0.212936 -5.47269 0.212936 1.04071 -15.2413 -5.47269 -15.2413 326.838 
-20 -12 1 -60.9939 -36.3766 3.66827 36.2503 171.814 17.7489 171.814 889.802 73.2516 17.7489 73.2516 13.0724 
-49 7 -1 -148.852 22.1482 -5.69135 2.04018 -0.393176 -8.29888 -0.393176 2.10981 -14.907 -8.29888 -14.907 733.976 
-47 -11 -2 -142.624 -34.475 -6.65146 1.53578 0.403981 -8.77361 0.403981 1.92104 -24.1504 -8.77361 -24.1504 1227.03 
-44 -1 -1 -133.18 -4.26092 -5.56096 1.95553 -0.25198 -0.832228 -0.25198 1.58268 -0.687023 -0.832228 -0.687023 2.68268 
-43 -6 -2 -131.275 -19.6576 -6.04535 13.4359 4.27248 -97.9603 4.27248 3.26918 -45.0069 -97.9603 -45.0069 1601.09 
-47 10 -1 -141.925 31.7346 -5.44636 7.25017 0.180695 -60.3737 0.180695 1.55147 -1.84651 -60.3737 -1.84651 863.909 
-21 -1 0 -63.1423 -5.63969 1.56924 99.6122 24.1252 2.68979 24.1252 64.8595 -7.85359 2.68979 -7.85359 2.05971 
-21 4 0 -64.3651 12.8669 -2.1948 3.96194 0.912524 -30.6134 0.912524 19.0565 150.947 -30.6134 150.947 2315.24 
-45 -3 -2 -137.184 -10.9773 -6.03267 5.43714 2.05337 -32.8435 2.05337 2.2844 -20.3373 -32.8435 -20.3373 1256.65 
-41 12 -1 -124.386 37.3324 -4.50863 9.91982 -1.67632 -99.6359 -1.67632 1.57252 18.1106 -99.6359 18.1106 1141.93 
-46 -8 -2 -139.525 -25.5092 -6.49194 2.39824 0.635638 -35.1599 0.635638 1.56172 -16.2506 -35.1599 -16.2506 1192.69 
-17 -2 1 -53.455 -6.97121 4.876 8.017 -3.07633 1.64234 -3.07633 3.24175 -1.64002 1.64234 -1.64002 1.96287 
-49 -6 -2 -148.391 -19.4991 -6.7826 2.26281 0.734457 -32.8978 0.734457 2.05893 -30.8333 -32.8978 -30.8333 1348.78 
-36 -11 -2 -108.784 -34.7354 -6.24567 94.0188 -51.4286 -258.807 -51.4286 30.0549 149.468 -258.807 149.468 882.255 
-43 6 -1 -130.753 19.3504 -5.56089 1.21006 -0.313999 -5.50165 -0.313999 3.79611 -36.5859 -5.50165 -36.5859 678.348 
-40 -8 -2 -121.264 -25.3919 -6.15878 2.07244 0.655894 -9.20053 0.655894 1.41121 -4.58424 -9.20053 -4.58424 841.928 
-16 -14 1 -50.4378 -43.7561 4.47599 14.0395 -0.496814 0.993168 -0.496814 1.45258 0.116793 0.993168 0.116793 1.64963 
-41 0 0 -125.298 1.92194 -0.865768 3.77867 0.337304 0.222852 0.337304 2.24583 -0.294106 0.222852 -0.294106 0.69789 
-47 -10 -2 -142.427 -31.5487 -6.6237 1.49365 -0.380092 -7.81943 -0.380092 1.7542 8.94828 -7.81943 8.94828 214.041 
-45 0 -1 -136.338 0.632214 -5.50708 1.20191 -0.126492 -0.857702 -0.126492 0.425338 -0.30302 -0.857702 -0.30302 4.4223 
-46 -15 -2 -139.57 -46.4228 -6.67238 1.41755 0.0268353 -4.78919 0.0268353 1.27259 -0.822939 -4.78919 -0.822939 1036.37 
-47 1 -1 -142.323 4.64192 -5.37905 1.85578 0.191997 -1.19603 0.191997 1.75531 -0.875763 -1.19603 -0.875763 2.51496 
-39 1 -1 -118.802 4.24636 -5.00435 2.14419 3.0563 -32.3359 3.0563 11.6081 -101.784 -32.3359 -101.784 1017.18 
-19 2 0 -58.5992 7.76879 -1.93534 1.6529 0.15727 3.21359 0.15727 1.44245 -8.51534 3.21359 -8.51534 328.937 
-49 -12 -2 -148.497 -37.4862 -6.82516 1.59168 -0.159456 -19.2244 -0.159456 1.45584 11.7615 -19.2244 11.7615 1302.97 
-46 -14 -2 -139.52 -43.4231 -6.66389 1.74894 0.0743553 -16.2998 0.0743553 1.4242 -10.1975 -16.2998 -10.1975 944.535 
-16 -15 -1 -50.5134 -46.815 -3.12743 20.2889 1.06997 61.3574 1.06997 1.7957 -0.358377 61.3574 -0.358377 466.219 
-48 -11 -2 -145.478 -34.4689 -6.84691 1.43936 0.00373442 -9.44951 0.00373442 1.34567 2.07712 -9.44951 2.07712 1333.55 
-17 -14 1 -51.4762 -44.1579 4.64981 6.29909 -0.434441 -0.278064 -0.434441 3.25264 -0.480395 -0.278064 -0.480395 2.07281 
-49 -5 -1 -148.749 -16.5133 -5.52851 3.99049 1.52297 -2.88269 1.52297 1.6663 -1.23885 -2.88269 -1.23885 6.15949 
-49 -5 -2 -148.47 -16.4697 -6.72219 2.74756 0.904868 -43.1097 0.904868 1.88192 -26.3645 -43.1097 -26.3645 1294.39 
-44 -5 -1 -132.599 -16.0318 -5.97876 23.3273 6.8265 -112.408 6.8265 4.23328 -48.4606 -112.408 -48.4606 1928.27 
-18 -12 1 -55.2868 -36.5345 4.01764 4.67677 -0.746908 0.24144 -0.746908 10.0102 -1.65497 0.24144 -1.65497 1.87068 
-48 -16 -2 -145.404 -49.0235 -6.62082 2.8399 -0.760402 -35.2305 -0.760402 3.06819 14.6156 -35.2305 14.6156 789.071 
-48 2 -1 -145.513 7.56904 -5.72462 1.41071 0.454504 -9.99924 0.454504 4.35084 -62.6269 -9.99924 -62.6269 1327.19 
-40 1 -1 -121.639 4.57198 -5.07309 2.96396 3.18839 -35.2239 3.18839 5.54231 -53.4289 -35.2239 -53.4289 806.779 
-25 -10 1 -76.8995 -30.7669 4.56353 9.42633 2.92896 3.8982 2.92896 2.32842 0.826528 3.8982 0.826528 2.66551 
-45 9 -1 -136.381 28.4665 -5.19034 2.4467 2.20434 -38.359 2.20434 4.86666 -62.5705 -38.359 -62.5705 1103.55 
-44 6 -1 -132.634 19.1414 -5.60381 16.1672 12.3228 4.13044 12.3228 46.3831 -272.614 4.13044 -272.614 2313.33 
-43 -3 -1 -130.407 -10.286 -5.92255 1.20124 0.402067 8.87492 0.402067 1.92756 -6.79622 8.87492 -6.79622 888.504 
-49 -10 -2 -148.522 -31.4888 -6.88175 2.00253 -0.13738 -26.4709 -0.13738 1.29361 5.7935 -26.4709 5.7935 1265.06 
-42 5 -1 -128.033 16.2144 -4.26304 2.63236 -9.98011 5.98237 -9.98011 72.1873 -48.8342 5.98237 -48.8342 34.376 
-17 -9 1 -51.558 -27.6493 5.35769 7.46004 -1.36264 -2.03063 -1.36264 6.09921 -0.697347 -2.03063 -0.697347 5.30855 
-42 10 -1 -128.014 32.1761 -3.991 274.449 208.388 34.182 208.388 161.487 24.7599 34.182 24.7599 8.03587 
-40 -12 -2 -120.599 -37.701 -6.22521 127.758 40.2686 -231.463 40.2686 14.3187 -81.9357 -231.463 -81.9357 610.947 
-43 11 0 -129.847 33.4604 0.746493 20.7395 -35.3614 6.37311 -35.3614 194.386 4.61539 6.37311 4.61539 4.54738 
-34 -1 -1 -103.991 -4.74266 -5.21108 7.55573 1.85035 -38.2911 1.85035 2.3119 -17.5486 -38.2911 -17.5486 303.414 
-17 7 0 -52.6311 22.9515 -1.31801 1.4334 0.358798 0.502029 0.358798 2.18124 -0.538735 0.502029 -0.538735 1.28695 
-42 -10 -2 -127.36 -31.71 -6.23155 2.17286 0.260089 -30.1032 0.260089 1.37045 -10.9969 -30.1032 -10.9969 1211.48 
-47 -9 -2 -142.44 -28.5094 -6.65415 5.39611 0.0957944 -62.8705 0.0957944 1.30738 -2.29005 -62.8705 -2.29005 941.662 
-41 -16 -2 -124.666 -49.0874 -6.17425 1.84566 -2.34545 -24.3809 -2.34545 6.41871 35.2085 -24.3809 35.2085 660.638 
-46 -5 -2 -139.512 -16.4889 -6.3169 5.2805 1.12182 -69.9782 1.12182 1.60423 -19.7921 -69.9782 -19.7921 1284.56 
-48 -15 -2 -145.435 -46.5307 -6.66993 2.14694 -0.284252 -21.2333 -0.284252 1.4401 7.21365 -21.2333 7.21365 528.973 
-21 -11 1 -64.5036 -33.4523 4.67236 2.09772 1.25144 0.632914 1.25144 5.85312 0.0766692 0.632914 0.0766692 2.57086 
-33 -11 -1 -100.972 -34.0611 -4.50104 5.4355 4.2528 0.419016 4.2528 5.27585 -0.765751 0.419016 -0.765751 2.66264 
-18 -2 1 -55.4191 -7.3979 4.54458 1.81215 -0.0345722 0.362406 -0.0345722 1.51217 -0.246458 0.362406 -0.246458 1.62943 
-39 -12 -2 -118.433 -37.456 -6.35263 1.81031 -0.0456699 17.2608 -0.0456699 1.95213 -4.26538 17.2608 -4.26538 1626.78 
-49 2 -1 -148.499 7.54863 -5.72875 1.43471 0.460981 -9.43279 0.460981 5.0775 -70.0847 -9.43279 -70.0847 1325.17 
-35 -10 -1 -105.688 -32.379 -5.93659 402.948 -328.697 -765.555 -328.697 274.453 665.124 -765.555 665.124 2202.93 
-45 11 -1 -137.121 34.6104 -4.67403 1.32721 -0.594136 0.932937 -0.594136 2.7313 -1.12081 0.932937 -1.12081 3.3692 
-46 -10 -2 -139.5 -31.5651 -6.56959 1.70312 0.0361129 -19.4319 0.0361129 1.52754 -12.7168 -19.4319 -12.7168 1230.68 
-45 -13 -2 -136.529 -40.4807 -6.57416 2.65889 0.223998 -39.1546 0.223998 1.36536 -8.31043 -39.1546 -8.31043 1288.92 
-32 -10 0 -98.5391 -31.9555 -0.0506 8.90916 0.0807209 0.784525 0.0807209 3.60388 0.0944532 0.784525 0.0944532 0.512911 
-39 15 -1 -117.668 47.6849 -3.50253 41.6677 68.8864 9.05156 68.8864 137.99 20.3622 9.05156 20.3622 16.4996 
-41 -4 -1 -124.539 -13.6714 -5.90311 2.40668 1.24169 -31.1653 1.24169 2.43069 -29.8683 -31.1653 -29.8683 1172.35 
-18 0 0 -55.9853 -1.026 -0.893349 4.83747 -0.742263 -0.620158 -0.742263 0.443919 0.252809 -0.620158 0.252809 0.457626 
-41 0 -1 -124.867 0.713386 -4.70682 1.47116 0.0944571 0.369532 0.0944571 0.520865 -0.598319 0.369532 -0.598319 1.91275 
-46 -16 -2 -139.487 -49.0966 -6.66253 1.19688 -0.219509 0.473865 -0.219509 3.40559 13.72 0.473865 13.72 1082.17 
-43 -7 -2 -130.591 -22.6737 -6.10029 3.07622 1.60778 -37.7704 1.60778 2.91665 -30.2555 -37.7704 -30.2555 1358.46 
-48 -5 -2 -145.499 -16.4895 -6.6913 1.7393 -0.659211 23.3425 -0.659211 2.36457 -37.1006 23.3425 -37.1006 1316.31 
-48 -7 -2 -145.475 -22.5169 -6.85248 1.55634 -0.26149 16.9045 -0.26149 1.71133 -22.259 16.9045 -22.259 1307.43 
-46 -2 0 -139.555 -7.36755 -1.43835 1.58521 0.197883 -0.120426 0.197883 1.69559 -0.339993 -0.120426 -0.339993 1.44147 
-41 6 -1 -123.966 20.0746 -5.12592 56.1009 -104.86 -110.006 -104.86 466.139 450.019 -110.006 450.019 438.581 
-18 -11 0 -55.678 -33.9918 0.383701 1.48089 -0.239954 -0.0778644 -0.239954 1.51343 0.0660861 -0.0778644 0.0660861 0.349229 
-48 8 -1 -145.635 25.0771 -5.62415 1.07597 0.28475 -1.14915 0.28475 1.15653 -11.9968 -1.14915 -11.9968 746.753 
-46 -1 -2 -140.179 -4.73249 -6.03349 5.05191 1.37219 -49.0089 1.37219 1.86002 -14.9989 -49.0089 -14.9989 1336.88 
-46 -2 -1 -139.399 -7.52568 -3.95133 1.76901 -0.0617361 0.13571 -0.0617361 1.67102 0.103037 0.13571 0.103037 1.2076 
-47 -3 -2 -142.523 -10.5022 -6.32443 8.12635 1.49832 -57.7455 1.49832 1.67811 -12.6165 -57.7455 -12.6165 501.053 
-20 -10 0 -61.3246 -32.5188 -0.323504 2.03599 0.988539 -0.241245 0.988539 6.07798 -0.0924619 -0.241245 -0.0924619 0.408504 
-43 -11 -2 -130.513 -34.5284 -6.29442 2.13085 0.0716362 -29.9808 0.0716362 1.63397 4.36119 -29.9808 4.36119 1359.89 
-49 -16 -2 -148.528 -48.988 -6.64539 1.37625 0.0947195 0.605534 0.0947195 2.96818 -3.0492 0.605534 -3.0492 53.3685 
-45 -11 -2 -136.633 -34.6497 -6.55176 2.40187 0.536701 -37.867 0.536701 1.52245 -15.7946 -37.867 -15.7946 1131.45 
-19 -3 1 -57.2479 -9.64597 4.11931 48.302 -21.8212 2.41685 -21.8212 23.3347 -5.25816 2.41685 -5.25816 2.38565 
-17 1 0 -52.6562 3.64822 -1.55429 4.56096 0.663964 -60.9935 0.663964 1.8597 -4.3923 -60.9935 -4.3923 1277.28 
-35 -10 -2 -106.691 -31.9703 -6.23717 64.9308 -48.2974 -308.309 -48.2974 38.5188 235.445 -308.309 235.445 1557.37 
-44 -9 -2 -133.402 -28.3364 -6.32854 2.4726 0.473751 -33.0922 0.473751 1.99197 -25.5001 -33.0922 -25.5001 1021.46 
-47 -4 -2 -142.586 -13.4402 -6.43239 6.45277 1.46114 -45.0256 1.46114 1.73425 -13.405 -45.0256 -13.405 390.875 
-34 0 -1 -103.58 0.755352 -4.71346 2.63792 0.453387 -5.7239 0.453387 0.930899 -3.42903 -5.7239 -3.42903 27.8176 
-36 -12 -2 -109.724 -37.6048 -6.20863 70.6703 -14.3668 -286.073 -14.3668 4.31942 58.0188 -286.073 58.0188 1253.21 
-46 -4 -2 -139.503 -13.5003 -6.23826 4.80681 2.58037 -65.7319 2.58037 3.1999 -49.3192 -65.7319 -49.3192 1256.22 
-46 10 -1 -139.125 31.4851 -5.33148 5.01143 0.611505 -43.624 0.611505 1.73919 -9.7432 -43.624 -9.7432 549.534 
-41 -11 -2 -125.302 -34.6098 -6.21757 3.35781 1.0375 4.97163 1.0375 2.41565 -8.55974 4.97163 -8.55974 248.266 
-16 3 0 -50.6726 11.4504 -0.452671 16.6628 2.31769 -2.13984 2.31769 3.03967 -1.15594 -2.13984 -1.15594 1.60602 
-39 -16 -2 -118.746 -49.4594 -6.11241 4.06861 7.75452 48.7187 7.75452 22.6306 101.624 48.7187 101.624 783.833 
-46 -3 -2 -139.543 -10.4832 -6.11424 3.93412 2.1084 -57.1748 2.1084 2.91283 -45.0875 -57.1748 -45.0875 1249.6 
-43 -6 -1 -131.17 -18.8984 -5.97364 496.321 406.04 34.3984 406.04 336.642 79.5211 34.3984 79.5211 1772.16 
-49 -15 -2 -148.445 -46.5325 -6.71032 1.41912 -0.0850666 -5.1416 -0.0850666 1.25903 0.212954 -5.1416 0.212954 285.885 
-48 -14 -2 -145.486 -43.5521 -6.73121 1.81711 -0.376428 -19.8736 -0.376428 1.65484 14.1031 -19.8736 14.1031 648.153 
-41 -14 -2 -124.332 -43.0648 -6.25645 2.23367 -0.267491 -31.1931 -0.267491 1.8954 20.7253 -31.1931 20.7253 1148.71 
-44 -1 0 -132.302 -3.16855 -2.53044 26.2459 27.6268 -6.5677 27.6268 64.4896 -2.15459 -6.5677 -2.15459 15.4137 
-36 -12 -1 -108.362 -37.6873 -5.82568 95.3702 -13.8221 -217.796 -13.8221 3.79415 33.9846 -217.796 33.9846 595.438 
-37 10 -1 -112.665 32.064 -4.67561 10.9388 -28.6329 92.0281 -28.6329 91.6753 -276.772 92.0281 -276.772 868.747 
-35 -15 -1 -107.002 -46.4633 -4.30747 2.82135 -0.0578349 -0.676723 -0.0578349 1.12371 -0.0637977 -0.676723 -0.0637977 3.50044 
-35 -14 -1 -106.608 -43.2941 -4.51108 3.10442 -0.566769 -2.45674 -0.566769 1.57128 0.602301 -2.45674 0.602301 4.02934 
-42 -2 -1 -127.555 -7.32777 -5.78805 2.7994 1.21088 -39.778 1.21088 2.05483 -30.8366 -39.778 -30.8366 1149.15 
-46 8 -1 -139.095 25.6657 -5.43231 2.55198 -0.565375 3.57831 -0.565375 1.26311 -3.25392 3.57831 -3.25392 94.5962 
-36 10 -1 -110.031 31.9763 -4.91389 2.02565 -0.215242 6.77046 -0.215242 7.89371 -18.0467 6.77046 -18.0467 81.304 
-33 -11 2 -99.3059 -34.0876 6.45286 29.0724 -3.05323 -7.29433 -3.05323 9.87744 -0.466197 -7.29433 -0.466197 12.3247 
-48 5 -1 -145.787 16.1996 -5.62065 1.6735 -0.0327465 -4.29132 -0.0327465 2.07432 5.86405 -4.29132 5.86405 90.3369 
-42 5 0 -126.999 16.7692 -2.90315 75.9211 -305.943 -73.2782 -305.943 1333.61 -16.8797 -73.2782 -16.8797 1400.04 
-46 -13 -2 -139.478 -40.4502 -6.63758 1.51538 0.034812 -18.1855 0.034812 1.33188 -2.09852 -18.1855 -2.09852 1250.06 
-48 -2 -2 -145.513 -7.47943 -6.42507 1.33351 -0.0516689 2.9347 -0.0516689 2.35545 -36.1725 2.9347 -36.1725 1306.54 
-45 -14 -2 -136.476 -43.5481 -6.5854 2.56581 0.173635 -37.6534 0.173635 1.4013 -9.88689 -37.6534 -9.88689 1226.68 
-47 -2 -2 -142.563 -7.47131 -6.27018 13.8338 1.53887 -98.8201 1.53887 1.5138 -11.9321 -98.8201 -11.9321 788.189 
-44 -14 -2 -133.45 -43.5126 -6.48738 2.78475 0.129272 -37.105 0.129272 1.26326 -4.74869 -37.105 -4.74869 960.668 
-35 -11 -1 -106.306 -34.8823 -5.38623 1.81064 -0.423979 -1.47384 -0.423979 2.22856 1.37232 -1.47384 1.37232 3.20332 
-47 -15 -2 -142.512 -46.4068 -6.60285 1.66812 -0.154936 15.0364 -0.154936 1.57331 -2.25311 15.0364 -2.25311 570.343 
-44 -16 -2 -133.542 -48.8322 -6.45217 4.12407 -0.677735 -60.1526 -0.677735 4.04995 19.6668 -60.1526 19.6668 1290.2 
-37 11 -1 -112.509 34.1885 -4.00616 2.65576 -4.80274 13.4974 -4.80274 15.1783 -38.7968 13.4974 -38.7968 117.834 
-41 -7 -2 -123.849 -22.423 -6.12232 2.65734 -1.37703 -13.914 -1.37703 2.31094 -6.75876 -13.914 -6.75876 853.799 
-45 -16 -2 -136.695 -48.9724 -6.58707 4.68131 -0.885119 -69.1151 -0.885119 2.84608 16.2045 -69.1151 16.2045 1527.38 
-45 -12 -2 -136.592 -37.4635 -6.56273 3.16061 -0.079951 -45.3019 -0.079951 1.37037 -1.99284 -45.3019 -1.99284 1283.43 
-20 -11 2 -61.6365 -34.1749 7.14291 4.19966 1.12519 0.409808 1.12519 3.24482 0.503464 0.409808 0.503464 2.06589 
-42 -16 -2 -127.574 -48.9389 -6.25667 4.85804 -1.43371 -64.93 -1.43371 3.95144 48.4632 -64.93 48.4632 1738.01 
-43 -15 -2 -130.384 -46.3376 -6.38672 2.23236 -0.0712538 -23.1099 -0.0712538 1.18131 1.47817 -23.1099 1.47817 672.08 
-41 -15 -2 -124.471 -46.1001 -6.23703 1.83247 -0.30504 -16.8529 -0.30504 1.99843 -7.50562 -16.8529 -7.50562 793.618 
-43 -14 -2 -130.783 -43.7117 -6.395 3.27034 0.347946 -36.453 0.347946 1.49305 7.7747 -36.453 7.7747 1014.54 
-49 5 -1 -148.642 16.4964 -5.68143 1.35004 -0.191717 -8.98285 -0.191717 1.97757 29.4182 -8.98285 29.4182 1274.85 
-18 -12 0 -55.6153 -36.645 1.77317 2.57421 0.746593 -0.116408 0.746593 6.28179 -0.222111 -0.116408 -0.222111 0.411566 
-44 -8 -2 -133.575 -25.6573 -6.26533 3.84918 0.844455 -51.4429 0.844455 1.636 -21.904 -51.4429 -21.904 1100.38 
-36 -14 -1 -108.658 -43.6011 -5.59474 12.2061 -2.54942 -10.3933 -2.54942 2.45536 0.0228767 -10.3933 0.0228767 27.4131 
-42 -14 -2 -127.365 -43.5337 -6.29945 1.83837 -0.134634 -7.49113 -0.134634 1.10373 7.56029 -7.49113 7.56029 1039.98 
-47 -11 0 -142.652 -33.3806 -2.41658 13.7084 -1.69425 6.34762 -1.69425 14.8899 -5.58168 6.34762 -5.58168 11.0505 
-20 -10 1 -61.5503 -32.6259 4.06565 5.49887 0.90691 -1.73894 0.90691 16.7785 -1.36747 -1.73894 -1.36747 4.3293 
-43 -10 -2 -130.467 -31.2474 -6.28245 2.13948 0.221459 -30.5023 0.221459 1.57818 0.810125 -30.5023 0.810125 1209.37 
-47 11 -1 -142.32 34.0502 -5.40968 4.39063 2.12315 -53.1808 2.12315 2.2579 -30.3969 -53.1808 -30.3969 793.173 
-42 -5 -1 -127.239 -16.6212 -5.97877 1.39834 -0.108887 -9.60053 -0.108887 1.36716 -10.2616 -9.60053 -10.2616 1091.64 
-47 8 -1 -142.409 25.1251 -5.58573 7.27706 -1.68413 -86.8912 -1.68413 2.09171 22.2077 -86.8912 22.2077 1541.67 
-17 0 0 -52.4022 2.03026 -1.48331 4.46383 -1.23631 -65.5121 -1.23631 3.20231 22.9457 -65.5121 22.9457 1427.81 
-42 -13 -2 -127.835 -40.7 -6.30876 2.16489 0.449144 -18.6132 0.449144 2.94599 2.68387 -18.6132 2.68387 763.252 
-41 -13 -2 -124.5 -40.7436 -6.28625 1.47288 -0.217878 -13.0749 -0.217878 1.20959 3.16123 -13.0749 3.16123 463.543 
-17 -13 0 -52.5681 -40.3733 -0.726251 1.45027 0.113971 -0.696023 0.113971 1.48036 -0.0946524 -0.696023 -0.0946524 0.88069 
-37 -13 -2 -112.562 -40.9586 -6.37905 2.67665 2.77112 -27.3272 2.77112 26.0459 33.359 -27.3272 33.359 578.782 
-43 -1 -1 -130.504 -4.30819 -4.98949 1.64817 0.263264 -0.0144581 0.263264 2.129 -0.676292 -0.0144581 -0.676292 0.950387 
-44 -15 -2 -133.596 -46.7082 -6.48151 3.96614 -0.861617 -55.9552 -0.861617 1.61187 14.6113 -55.9552 14.6113 1138.96 
-46 11 -1 -139.17 34.4067 -5.23174 1.81959 0.825826 -1.13223 0.825826 2.12173 0.353977 -1.13223 0.353977 28.0838 
-44 -13 -2 -133.53 -40.4034 -6.43642 2.49771 0.652961 -14.2693 0.652961 2.11407 -12.6741 -14.2693 -12.6741 231.517 
-43 -12 -2 -130.638 -37.7725 -6.34137 4.11868 1.61801 -53.7958 1.61801 2.05957 -25.0536 -53.7958 -25.0536 1087.38 
-49 6 -1 -148.46 19.5367 -5.6775 1.33648 -0.142354 -1.01321 -0.142354 1.24193 -0.675248 -1.01321 -0.675248 30.7152 
-39 0 -1 -119.13 0.795965 -5.25372 1.4162 0.0336673 -5.3242 0.0336673 0.906801 -12.2078 -5.3242 -12.2078 244.386 
-36 -16 0 -108.262 -49.8115 -1.99595 154.338 41.0812 -23.1242 41.0812 105.771 -4.99894 -23.1242 -4.99894 4.4275 
-48 -1 -2 -145.548 -4.47296 -6.32744 1.84561 -0.8869 25.1607 -0.8869 2.90251 -45.5241 25.1607 -45.5241 1283.55 
-49 -1 -2 -148.308 -4.35603 -6.35516 2.80901 2.07332 -41.7819 2.07332 4.62472 -65.0983 -41.7819 -65.0983 1277.21 
-42 -12 -2 -127.632 -37.2977 -6.27183 1.66563 0.404153 5.54193 0.404153 1.27516 -5.64251 5.54193 -5.64251 959.004 
-48 11 -1 -145.857 35.0278 -5.47393 1.90739 1.39584 -18.0488 1.39584 6.39686 -41.6877 -18.0488 -41.6877 1475.44 
-40 12 -1 -121.645 37.3947 -4.19685 2.59701 0.487008 -7.03816 0.487008 2.36386 -6.70588 -7.03816 -6.70588 61.3179 
-24 -10 1 -72.5467 -30.8023 3.93782 6.66014 3.65954 -0.989024 3.65954 23.2003 15.7761 -0.989024 15.7761 21.7654 
-49 -13 -2 -148.49 -40.5173 -6.79299 1.54414 -0.144249 -15.6588 -0.144249 1.52157 15.955 -15.6588 15.955 1285.39 
-44 -11 -2 -133.516 -34.4573 -6.41171 4.28114 0.990481 -59.525 0.990481 1.5476 -19.041 -59.525 -19.041 1222.29 
-44 -2 -1 -132.66 -7.24775 -5.87807 3.87883 -1.4591 25.2646 -1.4591 2.06852 -12.0523 25.2646 -12.0523 571.578 
-25 -16 0 -75.9449 -49.0376 -0.389312 2084.87 -85.1704 74.8116 -85.1704 6.50912 -3.56261 74.8116 -3.56261 5.04913 
-38 13 0 -114.671 39.4302 -2.25906 52.7385 18.7472 -28.1826 18.7472 65.789 -8.54644 -28.1826 -8.54644 18.9362 
-42 -5 -2 -127.908 -17.0343 -6.04423 2.50657 -1.34855 -27.7957 -1.34855 2.71546 10.7773 -27.7957 10.7773 1042.64 
-45 -15 -2 -136.428 -46.553 -6.59988 3.89562 0.487238 -57.0519 0.487238 1.45873 -9.99256 -57.0519 -9.99256 1350.09 
-43 -4 -1 -129.902 -12.9299 -5.16796 2.80471 -0.214762 0.0923368 -0.214762 5.49321 -3.0434 0.0923368 -3.0434 3.35058 
-44 -10 -2 -133.682 -31.4637 -6.38559 4.25352 0.531801 -55.8245 0.531801 1.32233 -11.6675 -55.8245 -11.6675 1206.53 
-45 -9 -2 -136.454 -28.4191 -6.46106 4.71155 1.84422 -62.387 1.84422 2.29839 -31.0255 -62.387 -31.0255 1263.98 
-17 -1 3 -53.5884 -5.60655 9.22316 47.7006 1.90025 -46.6275 1.90025 6.79352 8.032 -46.6275 8.032 111.509 
-42 12 -1 -127.541 37.0874 -4.79575 11.3112 5.11744 -84.5605 5.11744 3.31245 -38.8007 -84.5605 -38.8007 716.262 
-48 3 -1 -145.56 10.3801 -5.63818 1.25715 0.206945 -4.29965 0.206945 1.60044 -16.3371 -4.29965 -16.3371 1145.19 
-18 -1 2 -55.3617 -4.55704 7.49659 1.25998 0.143335 -0.0100184 0.143335 1.59512 0.0486828 -0.0100184 0.0486828 1.29457 
-49 1 -2 -148.808 3.09999 -6.00663 2.479 20.2798 -6.94631 20.2798 640.647 -90.3575 -6.94631 -90.3575 1819.06 
-43 13 0 -131.426 41.3431 -0.889691 7.59244 -2.91971 1.75022 -2.91971 6.17314 -1.2273 1.75022 -1.2273 1.68385 
-45 2 -1 -136.427 7.5465 -5.43122 1.85082 0.00648727 -8.61737 0.00648727 1.35582 -6.47809 -8.61737 -6.47809 209.499 
-48 -13 -2 -145.498 -40.5092 -6.78552 1.52317 -0.25144 -12.2561 -0.25144 1.53382 12.8513 -12.2561 12.8513 729.782 
-46 -9 -2 -139.501 -28.4756 -6.53924 1.49108 0.208085 -14.0654 0.208085 1.76943 -24.5964 -14.0654 -24.5964 1218.95 
-45 -8 -2 -136.488 -25.4762 -6.3918 4.81698 1.88481 -67.3302 1.88481 2.31581 -35.9693 -67.3302 -35.9693 1297.75 
-46 -7 -2 -139.634 -22.4488 -6.46976 3.72604 0.786507 -54.6043 0.786507 1.6827 -20.6167 -54.6043 -20.6167 1295.2 
-41 -8 -2 -125.405 -25.3417 -6.19889 143.451 32.6969 -217.834 32.6969 8.08641 -51.3964 -217.834 -51.3964 470.846 
-48 4 -1 -145.567 13.3813 -5.29003 1.3923 0.297504 -0.334836 0.297504 1.90548 -1.49181 -0.334836 -1.49181 2.91692 
-16 -11 1 -50.5896 -34.5256 3.73509 24.4165 3.52278 3.84709 3.52278 2.0662 0.290434 3.84709 0.290434 4.56976 
-35 -13 -1 -106.271 -40.5479 -4.54017 2.70201 0.975178 -1.11714 0.975178 3.43303 0.742022 -1.11714 0.742022 2.30059 
-34 -11 -1 -103.693 -34.8022 -4.21089 2.96637 -2.37942 -0.767296 -2.37942 4.02216 0.995267 -0.767296 0.995267 2.17525 
-49 -9 -2 -148.612 -28.5401 -6.88454 1.88394 0.118932 -24.7699 0.118932 1.3287 -1.50398 -24.7699 -1.50398 1265.94 
-35 -9 -2 -105.995 -29.2055 -6.32081 11.4003 5.54437 -64.1685 5.54437 3.5254 -31.1843 -64.1685 -31.1843 643.465 
-42 -15 -2 -127.679 -46.4951 -6.31171 1.63536 -0.161916 -17.2617 -0.161916 1.35174 -1.95856 -17.2617 -1.95856 867.062 
-39 14 0 -119.341 43.5038 -2.22919 54.4288 82.464 -29.8115 82.464 189.83 -63.8636 -29.8115 -63.8636 29.4426 
-43 -16 -2 -130.796 -48.9059 -6.37189 2.62808 -0.36613 -21.9237 -0.36613 4.59704 20.3954 -21.9237 20.3954 532.591 
-45 -7 -2 -136.507 -22.3975 -6.31929 5.02356 1.64766 -70.2079 1.64766 2.2748 -33.7448 -70.2079 -33.7448 1383.74 
-40 -11 -2 -121.677 -34.6106 -6.20467 48.0325 20.4523 -107.316 20.4523 9.84173 -42.3672 -107.316 -42.3672 680.674 
-49 3 -1 -148.574 10.5042 -5.64043 1.42127 0.133381 -8.83586 0.133381 1.39155 -12.2231 -8.83586 -12.2231 1251.28 
-38 11 -1 -115.947 33.645 -3.88881 6.77274 -7.48612 76.9179 -7.48612 26.7773 -166.611 76.9179 -166.611 1547.61 
-45 -6 -2 -136.606 -19.5576 -6.24156 3.52415 1.59981 -52.3078 1.59981 2.51022 -36.9909 -52.3078 -36.9909 1174.72 
-16 7 0 -50.3786 22.5701 -1.60057 10.0682 -0.745749 -3.38996 -0.745749 2.53554 2.22966 -3.38996 2.22966 11.7851 
-47 9 -1 -141.915 28.4363 -5.51362 8.6451 2.16933 -37.65 2.16933 1.79099 -10.5171 -37.65 -10.5171 364.463 
-41 2 -1 -124.452 7.42078 -5.05822 1.26048 0.378447 -17.6374 0.378447 1.14196 -17.0817 -17.6374 -17.0817 723.302 
-47 0 -2 -142.839 -0.885451 -6.12818 7.22696 2.88804 -46.6189 2.88804 1.72005 -22.4159 -46.6189 -22.4159 415.789 
-43 0 -1 -130.645 -0.791384 -4.70173 1.78673 0.0351055 0.23749 0.0351055 0.48801 0.322453 0.23749 0.322453 1.12467 
-47 0 -1 -142.022 1.05157 -5.91592 5.56115 2.67806 -38.1928 2.67806 2.16722 -27.2551 -38.1928 -27.2551 550.587 
-22 -10 0 -66.9513 -31.0183 -0.155585 2.0688 -1.62982 -0.282566 -1.62982 3.16424 0.68311 -0.282566 0.68311 0.592885 
-49 1 -1 -148.461 4.48918 -5.81967 1.51912 -0.00482695 0.089454 -0.00482695 1.36862 -0.249991 0.089454 -0.249991 11.4285 
-46 1 -1 -139.815 4.45603 -5.44731 1.41668 0.12866 0.692069 0.12866 1.50082 -0.884347 0.692069 -0.884347 3.71769 
-47 -10 0 -142.66 -32.2891 -2.23417 3.04928 -0.211342 0.824651 -0.211342 5.36573 0.973401 0.824651 0.973401 4.62301 
-47 2 -1 -142.709 7.36196 -5.66804 3.34109 0.139926 -39.0013 0.139926 1.21092 -3.5902 -39.0013 -3.5902 855.293 
-43 -1 0 -130.338 -3.35266 -2.48914 3.84593 -0.900627 -1.15038 -0.900627 21.8656 -4.08888 -1.15038 -4.08888 3.42414 
-44 -12 -1 -133.28 -38.3226 -4.20333 2.06664 -0.422114 0.0346058 -0.422114 3.63071 -0.547186 0.0346058 -0.547186 1.49063 
-19 -2 0 -59.4383 -7.39856 1.74305 4.51768 0.0158406 -2.5996 0.0158406 1.38071 0.501952 -2.5996 0.501952 3.80325 
-48 6 -1 -145.625 19.6543 -5.65594 1.64006 0.169078 1.94333 0.169078 1.18217 -2.28757 1.94333 -2.28757 53.5408 
-18 5 0 -54.7826 16.7618 -1.7474 6.59171 -3.83669 -50.3537 -3.83669 6.17756 -4.07235 -50.3537 -4.07235 1528.68 
-47 6 -1 -142.73 19.4192 -5.69117 1.19103 0.0848697 -8.15812 0.0848697 1.62372 -12.1716 -8.15812 -12.1716 1131.96 
-45 6 -1 -136.815 19.0818 -5.66032 1.77354 0.990575 -5.28245 0.990575 1.91188 -9.6862 -5.28245 -9.6862 571.381 
-42 6 -1 -127.345 20.0108 -5.522 1.56287 -0.763057 3.51984 -0.763057 6.2539 -70.2013 3.51984 -70.2013 1241.9 
-47 7 -1 -142.307 22.8276 -5.62598 1.60395 0.296312 -16.4121 0.296312 3.16237 -42.268 -16.4121 -42.268 1103 
-25 -11 0 -76.3178 -33.8572 1.36979 48.8107 53.1889 -8.89865 53.1889 67.3632 8.30947 -8.89865 8.30947 98.801 
-45 7 -1 -137.085 22.838 -5.64033 4.36238 -0.986239 12.2181 -0.986239 0.83906 1.536 12.2181 1.536 353.289 
-45 10 -1 -137.041 31.5182 -5.12094 3.24188 -0.0807311 -32.4527 -0.0807311 1.22995 12.6225 -32.4527 12.6225 961.946 
-44 8 -1 -133.546 25.3524 -5.51315 2.04139 -3.08795 12.4858 -3.08795 14.6803 -66.6101 12.4858 -66.6101 345.147 
-31 12 0 -94.7856 38.2938 -0.638869 3.76292 -0.0225856 0.290946 -0.0225856 7.16825 -0.580374 0.290946 -0.580374 0.732122 
-34 -12 -1 -104.647 -37.0243 -4.10808 6.71566 -0.798851 1.6428 -0.798851 2.38541 0.80063 1.6428 0.80063 3.62187 
-43 8 -1 -130.525 25.9312 -5.54655 1.92993 -3.62961 14.0871 -3.62961 18.7413 -74.119 14.0871 -74.119 344.736 
-40 -4 -1 -121.499 -13.3864 -5.79612 2.98443 1.67913 -32.9483 1.67913 3.31047 -41.1542 -32.9483 -41.1542 793.316 
-48 10 -1 -145.791 30.4292 -5.55662 7.18259 -7.06256 -42.7419 -7.06256 13.602 15.59 -42.7419 15.59 2290.95 
-18 -2 2 -55.1895 -6.92576 7.21596 2.54284 -0.223576 -0.948934 -0.223576 2.57954 -0.481433 -0.948934 -0.481433 2.06362 
-36 -16 -1 -109.161 -48.9616 -5.21523 2.34355 -0.987847 -3.35872 -0.987847 3.84009 2.96811 -3.35872 2.96811 12.4394 
-49 12 -1 -148.754 37.3067 -5.39243 3.06883 -0.263417 24.9023 -0.263417 2.53547 -15.0226 24.9023 -15.0226 377.1 
-33 -10 -1 -100.668 -31.6758 -4.47187 3.0839 -1.82504 -0.805785 -1.82504 2.6743 0.847997 -0.805785 0.847997 2.41264 
-42 9 1 -127.875 28.8285 3.9505 83.546 64.0932 -1.46838 64.0932 50.3994 -0.319327 -1.46838 -0.319327 2.31562 
-42 -9 -1 -128.195 -28.0179 -4.9519 2991.84 2.84294 140.488 2.84294 2997.22 -60.4581 140.488 -60.4581 10.8281 
-49 0 -1 -148.515 0.837035 -5.26214 2.10058 -0.107727 -0.468684 -0.107727 0.47323 0.746721 -0.468684 0.746721 4.41362 
-29 -8 -1 -88.7751 -25.6735 -4.3934 329.952 30.6409 -32.172 30.6409 51.2196 -4.51254 -32.172 -4.51254 4.609 
-34 -3 -1 -103.961 -11.0192 -5.55021 4.79971 2.85948 -28.9393 2.85948 4.70652 -39.2761 -28.9393 -39.2761 526.32 
-41 -10 -2 -124.029 -31.819 -6.26683 1.3091 -0.86751 6.51172 -0.86751 5.89368 13.9059 6.51172 13.9059 157.272 
-35 11 -1 -106.577 34.8075 -4.58221 5.43715 -3.43992 -5.52456 -3.43992 3.118 2.35339 -5.52456 2.35339 14.5575 
-40 -2 -1 -121.933 -7.37101 -5.51703 2.9924 -0.125727 -14.2426 -0.125727 4.03025 -49.6924 -14.2426 -49.6924 925.307 
-18 -11 1 -55.259 -34.7018 4.64665 3.15621 1.07589 -0.247816 1.07589 2.74796 0.273754 -0.247816 0.273754 1.54252 
-35 -2 -1 -105.417 -8.0634 -5.54177 75.9787 27.7546 -507.228 27.7546 18.7807 -253.406 -507.228 -253.406 4544.7 
-17 -12 0 -52.465 -37.3331 -0.497705 1.92424 -1.19531 -0.163456 -1.19531 2.18288 -0.238518 -0.163456 -0.238518 0.601795 
-41 -1 -1 -124.607 -4.51346 -5.11484 3.02548 0.142853 -1.78597 0.142853 2.038 -0.718389 -1.78597 -0.718389 2.81247 
-37 -16 -1 -112.371 -49.0988 -5.73411 15.647 -9.37528 -116.952 -9.37528 9.21436 76.7958 -116.952 76.7958 933.974 
-46 0 -1 -139.534 -0.0388341 -5.82146 3.28643 0.924759 -24.9337 0.924759 0.756087 -11.7981 -24.9337 -11.7981 326.514 
-48 -8 -2 -145.369 -25.5257 -6.87459 1.53497 -0.0101361 11.3933 -0.0101361 1.31064 -3.33725 11.3933 -3.33725 1299.24 
-39 -1 -1 -118.206 -4.45428 -5.40417 3.19746 0.712638 -24.0312 0.712638 1.45442 0.4268 -24.0312 0.4268 1119.94 
-35 10 -1 -107.146 31.5748 -5.18496 0.932339 -1.33902 -1.21311 -1.33902 7.00926 12.3297 -1.21311 12.3297 267.851 
-35 -1 -1 -105.395 -3.70363 -5.35934 18.3568 13.4553 -99.9035 13.4553 21.3808 -119.924 -99.9035 -119.924 1016.54 
-42 0 -1 -127.706 -0.229128 -5.10159 1.25886 -0.0670206 0.0571629 -0.0670206 0.372324 -0.0582928 0.0571629 -0.0582928 1.35207 
-49 -7 -2 -148.521 -22.5357 -6.83399 1.36362 -0.0909042 -1.30878 -0.0909042 1.32222 0.531186 -1.30878 0.531186 97.7698 
-43 1 -1 -130.57 4.66586 -5.32602 3.75079 4.0253 -50.8117 4.0253 8.71682 -96.359 -50.8117 -96.359 1464.75 
-43 -5 -1 -131.368 -17.2431 -5.97553 3.04906 -3.26559 14.0292 -3.26559 5.52558 -10.4178 14.0292 -10.4178 749.848 
-46 3 -1 -139.487 10.3383 -5.57188 1.94829 0.573365 -12.6173 0.573365 2.09398 -8.10601 -12.6173 -8.10601 276.009 
-43 -8 -2 -130.583 -25.3137 -6.16235 1.15031 0.323161 -11.6951 0.323161 2.17746 -29.5942 -11.6951 -29.5942 1012.95 
-49 4 -1 -148.575 13.5319 -5.28757 1.46431 0.0342925 -0.198521 0.0342925 1.44011 -0.792649 -0.198521 -0.792649 2.15468 
-17 2 0 -52.3188 7.60124 -1.64013 4.41543 -3.48222 -47.9558 -3.48222 4.3574 51.1002 -47.9558 51.1002 840.653 
-20 -4 0 -61.0509 -14.1139 -2.19851 7.85954 0.234439 -22.9635 0.234439 28.7569 -126.321 -22.9635 -126.321 635.32 
-47 4 -1 -142.536 13.8477 -5.30109 1.65588 0.416686 -0.0667669 0.416686 1.84785 -1.27647 -0.0667669 -1.27647 3.88904 
-41 -12 -2 -124.692 -37.3103 -6.25074 5.40564 1.21505 -51.829 1.21505 1.39106 -10.1701 -51.829 -10.1701 1008.63 
-46 4 -1 -139.712 13.2047 -5.40213 1.49345 0.218026 0.429002 0.218026 2.65821 -2.55303 0.429002 -2.55303 7.34619 
-42 -1 0 -128.591 -3.76836 -2.46638 48.7354 -16.521 26.0151 -16.521 17.8776 -18.3802 26.0151 -18.3802 30.7296 
-44 5 -1 -134.029 16.1215 -4.89348 2.07618 -0.0188459 0.354255 -0.0188459 2.0251 0.812572 0.354255 0.812572 1.52213 
-48 13 -1 -146.239 40.3357 -5.35308 5.4225 -1.15362 -20.7357 -1.15362 1.70759 -15.1343 -20.7357 -15.1343 534.523 
-39 13 -1 -118.729 40.5491 -3.8247 9.91301 0.530154 -82.2084 0.530154 1.13267 -0.69578 -82.2084 -0.69578 823.803 
-41 10 -1 -124.269 31.0737 -4.74166 1.66263 -0.338252 -8.181 -0.338252 1.89217 -11.8263 -8.181 -11.8263 247.478 
-45 4 -1 -136.818 13.1695 -5.21733 1.1713 -0.215288 0.209978 -0.215288 1.41672 0.809042 0.209978 0.809042 3.28733 
-41 -2 -1 -124.543 -7.49463 -5.63988 5.90207 4.22255 -72.0888 4.22255 4.98409 -65.8415 -72.0888 -65.8415 1173.02 
-43 4 -1 -130.997 12.783 -5.2757 2.23519 1.07288 0.0989512 1.07288 7.62912 -17.6547 0.0989512 -17.6547 55.6689 
-44 4 -1 -134.077 12.8076 -5.35679 3.81614 1.08972 3.56978 1.08972 3.12958 6.94636 3.56978 6.94636 38.5046 
-45 5 -1 -136.326 16.0382 -5.15234 2.28563 -0.557248 -0.0466283 -0.557248 2.235 1.07574 -0.0466283 1.07574 2.31375 
-36 11 -1 -110.164 33.9358 -4.2858 5.46632 -11.2491 35.3478 -11.2491 62.3919 -191.219 35.3478 -191.219 596.709 
-43 13 -1 -130.414 40.2785 -4.8805 2.36734 1.52014 2.54955 1.52014 2.04776 -0.20644 2.54955 -0.20644 44.5803 
-43 5 -1 -130.523 16.2979 -4.3948 2.60398 -0.870539 -0.450942 -0.870539 2.13426 0.552403 -0.450942 0.552403 1.0438 
-26 -10 1 -79.3712 -31.3287 4.50706 3.9489 1.15326 -0.442747 1.15326 2.05763 -0.445381 -0.442747 -0.445381 1.19264 
-18 7 0 -55.3498 23.2222 0.235583 2.38982 -0.455087 0.442397 -0.455087 3.2209 -1.35761 0.442397 -1.35761 1.0138 
-48 7 -1 -145.333 22.6261 -5.656 1.13326 0.174753 2.04449 0.174753 1.40844 -16.322 2.04449 -16.322 910.208 
-49 8 -1 -148.474 25.2528 -5.6262 2.41613 -0.135467 35.9323 -0.135467 1.42472 -5.8543 35.9323 -5.8543 1084.67 
-41 8 -1 -124.988 26.1213 -5.56534 2.22047 -0.750224 11.2921 -0.750224 4.09912 -49.0041 11.2921 -49.0041 836.136 
-42 8 -1 -127.489 26.3155 -5.55682 1.24388 -0.734834 5.25387 -0.734834 10.5893 -47.0334 5.25387 -47.0334 314.396 
-49 9 -1 -148.364 28.5553 -5.60694 2.3327 -0.011752 20.7275 -0.011752 0.859798 -0.304568 20.7275 -0.304568 429.906 
-33 0 -1 -100.904 -0.0605402 -4.65404 3.1381 -6.09243 28.3529 -6.09243 22.8314 -132.471 28.3529 -132.471 1195.12 
-46 9 -1 -139.116 28.598 -5.39323 3.15512 0.756576 -36.584 0.756576 2.04134 -17.4896 -36.584 -17.4896 813.934 
-32 -11 1 -98.3556 -34.6678 4.52257 6.45696 -1.09882 2.08132 -1.09882 1.85557 -0.734918 2.08132 -0.734918 2.08292 
-46 6 -1 -139.528 19.4717 -5.64757 1.30629 0.108667 0.278687 0.108667 2.05038 -2.50731 0.278687 -2.50731 34.11 
-40 9 -1 -121.478 28.7191 -5.17228 1.96568 -6.3533 19.4473 -6.3533 45.8781 -153.983 19.4473 -153.983 554.639 
-33 -12 0 -100.959 -37.7911 1.64504 1.64584 -0.921599 -0.00481615 -0.921599 1.53151 -0.410969 -0.00481615 -0.410969 0.763826 
-39 9 -1 -118.439 29.0949 -5.16502 4.19419 -7.14661 27.3362 -7.14661 50.6827 -162.431 27.3362 -162.431 554.585 
-49 10 -1 -148.787 31.1578 -5.50301 4.75597 0.398539 43.2473 0.398539 1.56878 -9.40886 43.2473 -9.40886 679.28 
-24 5 0 -73.1948 17.3714 -1.93861 31.7737 31.9467 30.6103 31.9467 43.7926 37.0666 30.6103 37.0666 42.5115 
-49 11 -1 -148.45 34.8949 -5.47035 3.12482 -1.33531 32.2357 -1.33531 1.83269 -14.4785 32.2357 -14.4785 488.949 
-37 1 -1 -112.183 4.40773 -4.78464 2.49978 1.16723 -10.7704 1.16723 11.9975 -48.6938 -10.7704 -48.6938 240.039 
-40 -16 -2 -122.007 -49.3177 -6.09323 3.35663 2.60715 30.8473 2.60715 7.48022 54.2324 30.8473 54.2324 2081.24 
-48 12 -1 -146.018 37.1291 -5.39453 9.85241 26.1303 -14.7223 26.1303 91.6755 58.7898 -14.7223 58.7898 1632.59 
-49 13 -1 -147.411 40.9784 -5.3793 24.1311 13.4567 -148.176 13.4567 10.4188 -102.578 -148.176 -102.578 2053.9 
-47 -14 -2 -142.831 -43.4417 -6.59341 1.73744 0.300681 5.12558 0.300681 1.7453 5.75127 5.12558 5.75127 144.243 
-38 2 -1 -115.614 6.85594 -4.70983 4.78806 -0.418015 -45.498 -0.418015 2.59132 -14.0855 -45.498 -14.0855 704.535 
-43 -13 -1 -131.568 -40.0389 -4.17671 8.41932 -0.742081 0.986789 -0.742081 2.62222 0.0785163 0.986789 0.0785163 2.04742 
-40 -1 -1 -121.924 -4.70551 -5.4707 5.03593 0.0700725 4.20885 0.0700725 0.730887 -4.19311 4.20885 -4.19311 703.724 
-43 -12 -1 -131.46 -38.3167 -4.46629 19.3305 1.98187 -2.93569 1.98187 7.32056 -2.4731 -2.93569 -2.4731 2.83195 
-25 -9 -1 -77.441 -28.1275 -3.83716 29.9495 -25.305 0.271113 -25.305 31.0896 0.108156 0.271113 0.108156 2.18315 
-33 -1 -1 -101.054 -5.4781 -5.11003 2.29486 1.16179 -9.48978 1.16179 30.5074 -30.7796 -9.48978 -30.7796 233.974 
-36 0 -1 -109.313 2.07212 -5.14606 1.44791 5.54749 -13.7617 5.54749 49.5492 -152.197 -13.7617 -152.197 736.273 
-31 0 -1 -94.9895 -0.362697 -4.36248 7.64918 1.47991 -45.0048 1.47991 22.9832 -90.9345 -45.0048 -90.9345 597.671 
-42 1 -1 -127.041 4.54383 -5.26366 2.27076 1.12879 -26.1843 1.12879 2.75821 -42.075 -26.1843 -42.075 1179.95 
-36 -13 -2 -109.668 -40.0991 -6.17346 17.9832 6.34387 -135.328 6.34387 3.87494 -51.6807 -135.328 -51.6807 1156.11 
-38 1 -1 -115.44 4.23941 -4.91966 1.53578 -0.454454 1.4293 -0.454454 13.5639 -58.7176 1.4293 -58.7176 292.862 
-44 2 -1 -133.04 7.22334 -5.10329 2.04149 0.567865 -2.70834 0.567865 2.33385 1.18768 -2.70834 1.18768 18.5524 
-42 2 -1 -127.544 6.84768 -5.14871 1.74625 1.04142 -15.2559 1.04142 1.83182 -24.4948 -15.2559 -24.4948 463.288 
-42 3 -1 -128.466 10.1468 -5.19921 6.92885 -5.84672 -96.5284 -5.84672 14.1088 163.37 -96.5284 163.37 3628.03 
-42 10 0 -128.136 31.7898 -0.391639 8.13567 2.65914 -0.944271 2.65914 4.89877 0.369138 -0.944271 0.369138 0.653924 
-44 10 -1 -133.547 31.4902 -4.9905 3.4675 0.454296 -41.1734 0.454296 1.27446 -15.3343 -41.1734 -15.3343 831.714 
-42 4 -1 -126.946 13.5413 -4.40636 13.4817 7.83136 -16.8599 7.83136 10.0004 -12.3983 -16.8599 -12.3983 25.1295 
-44 11 -1 -134.345 34.4533 -4.09386 2.20293 0.821802 0.144004 0.821802 3.27795 -1.07812 0.144004 -1.07812 1.95543 
-40 5 -1 -122.804 17.2127 -4.30119 177.438 -5.58555 -16.3949 -5.58555 1.67831 -0.590616 -16.3949 -0.590616 3.4529 
-44 9 -1 -133.251 28.2596 -5.07272 5.93957 5.06819 -68.7629 5.06819 9.97528 -93.6454 -68.7629 -93.6454 1116.44 
-43 9 -1 -130.649 28.2386 -5.03365 1.40103 -1.45048 8.87443 -1.45048 22.8201 -143.918 8.87443 -143.918 976.7 
-38 9 -1 -115.699 29.4796 -5.17855 2.44161 -3.52677 19.0715 -3.52677 17.5075 -47.8357 19.0715 -47.8357 235.498 
-45 15 -1 -136.444 45.8931 -4.07327 3.33388 1.3474 1.34128 1.3474 3.42108 1.43719 1.34128 1.43719 3.17374 
-35 -13 0 -105.587 -40.9306 -2.84369 2519.12 -28.9871 110.972 -28.9871 4.87055 3.43717 110.972 3.43717 93.7956 
-47 12 -1 -141.701 36.9816 -5.33848 945.798 19.5597 -25.2498 19.5597 1.58635 -2.89913 -25.2498 -2.89913 1173.74 
-18 -1 3 -55.4998 -4.66252 9.31605 5.0862 2.48302 0.512347 2.48302 3.17957 0.472518 0.512347 0.472518 27.7761 
-45 12 -1 -136.606 37.8323 -5.08166 2.74381 1.26615 -4.15991 1.26615 3.11018 18.0847 -4.15991 18.0847 1492.27 
-49 -11 -2 -148.487 -34.5245 -6.85265 1.57592 -0.287102 -17.381 -0.287102 1.55674 17.8181 -17.381 17.8181 1275.99 
-49 -4 -2 -148.445 -13.4546 -6.65429 2.91978 0.976524 -44.7632 0.976524 1.99662 -29.0263 -44.7632 -29.0263 1247.12 
-46 13 -1 -138.999 40.7084 -5.13438 967.075 56.126 -1036.08 56.126 7.32905 -24.3653 -1036.08 -24.3653 2047.18 
-44 1 -1 -133.427 4.78138 -5.30114 1.25137 -0.215048 -1.77799 -0.215048 1.72606 -1.83042 -1.77799 -1.83042 17.1711 
-41 11 -1 -124.031 34.6662 -4.55398 6.70765 2.92903 -60.7743 2.92903 3.40058 -42.2012 -60.7743 -42.2012 746.665 
-48 -9 -2 -145.411 -28.4554 -6.87636 1.47149 0.0285971 12.1283 0.0285971 1.31244 5.45352 12.1283 5.45352 1281.95 
-47 14 -1 -141.532 43.5199 -5.19155 35.0487 0.363185 -77.7984 0.363185 1.35803 -14.0496 -77.7984 -14.0496 1172.77 
-46 14 -1 -139.241 43.2326 -5.14415 5.24184 0.911944 -14.6127 0.911944 1.18765 -2.38037 -14.6127 -2.38037 991.167 
-35 -16 -1 -106.933 -49.0857 -4.37016 2.03697 -1.26463 -1.06067 -1.26463 3.50776 1.4439 -1.06067 1.4439 5.1741 
-47 -11 -1 -142.42 -33.2309 -3.79515 11.4883 4.07339 2.78483 4.07339 38.2121 1.0188 2.78483 1.0188 4.09069 
-33 -10 0 -100.381 -32.41 -0.117886 1.92693 -1.52772 -0.313441 -1.52772 5.91596 0.732912 -0.313441 0.732912 0.442316 
-36 1 -1 -109.68 3.80104 -4.82267 1.46183 1.42705 -8.94121 1.42705 7.24971 -31.2399 -8.94121 -31.2399 200.112 
-29 -11 0 -88.8864 -34.6601 -2.4105 120.848 195.952 -235.207 195.952 356.971 -385.215 -235.207 -385.215 462.222 
-40 2 -1 -121.205 7.3346 -4.96582 5.48737 -1.86112 -75.3885 -1.86112 5.13607 19.7684 -75.3885 19.7684 1529.64 
-39 16 -1 -117.937 48.3919 -3.64463 2037.59 -457.665 -1196.96 -457.665 119.466 278.938 -1196.96 278.938 722.935 
-39 2 -1 -118.702 7.19881 -4.84061 3.9758 2.57598 -40.6891 2.57598 4.81814 -20.1157 -40.6891 -20.1157 910.372 
-17 -15 1 -51.7577 -45.4889 3.74246 3.59107 0.780789 -0.898708 0.780789 9.94556 -3.67191 -0.898708 -3.67191 5.40031 
-36 -13 -1 -108.582 -40.0925 -5.69768 10.0349 -1.42882 -5.33385 -1.42882 5.50758 9.15765 -5.33385 9.15765 37.7673 
-41 1 -1 -124.795 4.1878 -4.5001 1.87705 -0.187276 0.350112 -0.187276 2.18661 0.977708 0.350112 0.977708 1.74219 
-49 -16 -1 -149.21 -48.4197 -5.2657 12.9641 10.0525 3.80163 10.0525 24.6567 10.1044 3.80163 10.1044 9.69407 
-38 10 -1 -115.345 31.7003 -4.55092 2.82468 -7.6175 25.6976 -7.6175 42.4118 -133.207 25.6976 -133.207 440.567 
-45 -4 -1 -135.197 -12.6205 -5.98655 110.912 -16.3813 -485.656 -16.3813 8.25745 42.5868 -485.656 42.5868 5320.75 
-43 12 -1 -129.254 38.5931 -4.91551 242.21 64.283 636.01 64.283 38.1183 -36.6396 636.01 -36.6396 16561.4 
-42 13 -1 -126.854 40.3208 -4.68111 14.2173 7.26917 -96.5625 7.26917 4.6593 -52.4748 -96.5625 -52.4748 716.382 
-45 14 -1 -136.047 44.0987 -4.229 2.37564 -0.131152 -1.57772 -0.131152 1.52437 -0.284648 -1.57772 -0.284648 3.95708 
-29 14 -1 -89.386 43.9888 -3.39794 57.5314 1.78948 -71.4305 1.78948 1.65132 -2.36117 -71.4305 -2.36117 110.937 
-46 15 -1 -138.754 45.9947 -5.04371 1264.19 9.62359 -1220.44 9.62359 12.8364 -184.874 -1220.44 -184.874 5870.62 
-21 -11 0 -64.1112 -33.6999 -0.464245 4.83485 3.80876 -1.53435 3.80876 6.05574 -1.49048 -1.53435 -1.49048 0.920318 
-21 7 0 -64.213 21.8269 0.713699 15.4587 -0.24362 1.65097 -0.24362 6.08208 -0.652881 1.65097 -0.652881 0.703539 
-22 -11 0 -68.1045 -34.2844 -1.47023 98.9773 -51.4802 -73.5484 -51.4802 145.547 20.4268 -73.5484 20.4268 57.6754 
-40 11 -1 -121.418 34.7174 -4.32125 18.3372 11.3728 -134.897 11.3728 9.20245 -91.7883 -134.897 -91.7883 1095.89 
-41 13 -1 -124.421 40.1697 -4.50138 17.1604 5.22289 -126.36 5.22289 2.81817 -39.1946 -126.36 -39.1946 1040.54 
-42 14 -1 -127.233 44.2077 -4.21217 26.46 2.25923 -8.44796 2.25923 1.76072 -2.05225 -8.44796 -2.05225 6.46939 
-42 -8 -2 -128.356 -25.7902 -6.15028 6.3956 -0.546694 47.2125 -0.546694 2.6947 9.94316 47.2125 9.94316 607.836 
-25 -9 1 -76.7902 -28.5584 4.53037 10.5396 -5.78476 -8.78444 -5.78476 5.44855 6.51764 -8.78444 6.51764 9.23459 
-41 14 -1 -123.928 43.1035 -4.36911 30.541 3.48985 -226.432 3.48985 2.54759 -31.8831 -226.432 -31.8831 2012.54 
-21 -10 1 -65.052 -32.2393 4.51383 4.51803 3.84691 1.87518 3.84691 8.64069 2.67777 1.87518 2.67777 2.8644 
-37 0 -1 -111.577 2.10079 -5.21586 6.37781 2.38586 26.164 2.38586 3.22063 -9.33255 26.164 -9.33255 498.917 
-34 -13 -1 -104.103 -39.7376 -3.53292 5.10667 -0.49464 -2.3869 -0.49464 5.57676 4.23863 -2.3869 4.23863 16.4754 
-17 -6 0 -52.3837 -19.6351 -2.31093 12.6814 16.6596 -101.436 16.6596 24.5432 -143.487 -101.436 -143.487 892.254 
-16 -13 1 -50.2764 -40.8311 4.84009 14.4495 0.148452 -1.04461 0.148452 0.996157 0.221193 -1.04461 0.221193 1.64175 
-44 15 -1 -133.842 45.4926 -4.45304 2.28635 -1.16952 1.62182 -1.16952 2.48211 0.220497 1.62182 0.220497 6.50739 
-47 -2 -1 -141.27 -7.40494 -3.61916 38.2752 -3.54129 -24.4811 -3.54129 5.68596 3.24736 -24.4811 3.24736 27.8816 
-41 5 -1 -124.684 17.4024 -3.48179 26.6636 -116.878 -29.4805 -116.878 564.954 180.408 -29.4805 180.408 92.7393 
-39 12 -1 -118.655 37.008 -3.89891 26.5328 4.60531 -178.919 4.60531 2.76034 -25.3363 -178.919 -25.3363 1385.29 
-30 -12 1 -91.7003 -37.531 4.06331 1.11912 1.76365 -0.905257 1.76365 6.19639 -1.19666 -0.905257 -1.19666 3.24344 
-44 -6 -2 -133.812 -19.479 -6.12725 2.35445 0.66527 -30.5391 0.66527 1.73105 -26.1918 -30.5391 -26.1918 1077.06 
-40 14 -1 -121.292 43.2316 -3.81196 29.412 -4.4596 -64.8244 -4.4596 17.8464 -8.90065 -64.8244 -8.90065 167.568 
-31 -12 1 -93.818 -37.6972 3.97162 5.36132 -0.0273289 -0.918556 -0.0273289 7.07131 -1.98823 -0.918556 -1.98823 2.63535 
-36 12 -1 -109.531 36.9375 -3.32518 19.9784 11.2305 28.7958 11.2305 15.6312 19.1252 28.7958 19.1252 59.2898 
-42 -3 0 -127.451 -11.1974 -2.59933 14.0823 3.51645 -0.616653 3.51645 8.08139 1.18062 -0.616653 1.18062 8.89998 
-39 14 -1 -119.432 42.9524 -3.52806 15.7311 29.1461 -16.5501 29.1461 92.1721 -38.2737 -16.5501 -38.2737 29.478 
-41 -3 -1 -124.553 -10.4 -5.7622 5.57474 4.07139 -56.0021 4.07139 4.71425 -49.3599 -56.0021 -49.3599 1043.44 
-44 -4 -1 -133.815 -13.0482 -5.9406 10.7589 5.80344 -94.1767 5.80344 4.95335 -58.597 -94.1767 -58.597 1357.81 
-32 -11 2 -98.8003 -34.0146 6.70699 230.606 12.8612 32.5605 12.8612 8.13868 -0.85154 32.5605 -0.85154 11.6627 
-19 3 0 -58.9454 9.81122 -2.00458 7.60215 1.62556 -71.3397 1.62556 1.48611 -14.568 -71.3397 -14.568 1041.02 
-17 -16 -1 -51.5063 -48.5248 -3.04314 4.39857 1.80599 34.8598 1.80599 6.99645 -1.64297 34.8598 -1.64297 1480.95 
-42 -11 -2 -126.575 -34.1462 -6.26508 4.53898 -2.42302 5.1361 -2.42302 3.42299 -28.1689 5.1361 -28.1689 1163.48 
