-21 -23 1 -63.7159 -69.1624 3.50536 19.4521 152.794 28.3997 152.794 1988.57 231.343 28.3997 231.343 67.7551 
-20 -23 1 -61.7952 -70.2164 3.58251 2.11398 -0.153057 -0.0268619 -0.153057 1.18584 0.338884 -0.0268619 0.338884 8.52669 
-20 -24 1 -61.3445 -72.9723 3.47281 3.13612 0.369918 0.146796 0.369918 2.60884 -1.27031 0.146796 -1.27031 6.16627 
-28 -24 1 -85.6352 -74.3733 3.56957 89.7815 -214.233 121.293 -214.233 539.168 -294.521 121.293 -294.521 169.632 
-21 -24 1 -65.1846 -74.3537 3.4555 46.8966 -43.1213 24.442 -43.1213 40.4371 -22.2679 24.442 -22.2679 17.6246 
-17 -25 1 -53.5682 -76.2343 3.44604 42.5048 -2.83987 -16.361 -2.83987 2.00136 1.09537 -16.361 1.09537 18.3994 
-22 -25 1 -67.1384 -76.7311 3.36091 2.17687 -0.159515 -0.346724 -0.159515 1.71277 -0.54341 -0.346724 -0.54341 11.7931 
-28 -25 1 -86.2194 -76.3026 3.67215 3.7894 0.127237 0.563647 0.127237 2.92829 -0.274053 0.563647 -0.274053 4.56373 
-29 -25 1 -88.2182 -76.4889 3.61533 2.71839 -0.138207 -0.883123 -0.138207 1.97368 -0.855031 -0.883123 -0.855031 4.87315 
-29 -26 1 -88.1434 -78.4916 3.40483 8.22709 -5.67948 1.56574 -5.67948 21.6985 -6.04302 1.56574 -6.04302 12.4722 
-19 -26 1 -57.6373 -79.0108 3.92833 3.65913 0.211899 -0.72921 0.211899 2.3443 -0.331734 -0.72921 -0.331734 2.06862 
-48 -49 1 -146.238 -149.186 3.58882 1.95544 1.23071 -0.247112 1.23071 3.54125 -1.84708 -0.247112 -1.84708 6.7674 
-27 -37 0 -82.6109 -112.844 2.21571 946.232 -449.573 -69.6659 -449.573 217.232 36.8833 -69.6659 36.8833 12.6652 
-47 -49 0 -141.99 -149.224 1.53969 1.56963 0.471894 1.72924 0.471894 10.6192 3.31886 1.72924 3.31886 6.85864 
-23 -24 0 -69.199 -74.4001 0.644546 310.119 -68.937 67.7491 -68.937 17.7091 -15.9138 67.7491 -15.9138 17.3786 
-20 -22 0 -61.4302 -67.8743 1.3123 1.35324 0.0406793 -0.163858 0.0406793 3.78938 0.576206 -0.163858 0.576206 1.22413 
-18 -17 0 -55.3885 -51.1994 0.134486 3.83954 58.1623 -0.662748 58.1623 1378.67 -14.618 -0.662748 -14.618 2.52625 
-25 -16 0 -75.7873 -50.3181 -0.275492 66.984 16.9739 -1.09998 16.9739 20.123 -1.04931 -1.09998 -1.04931 1.90088 
-17 -25 0 -53.1769 -76.9043 0.0721329 3.0888 0.485798 0.295557 0.485798 1.96442 -0.440193 0.295557 -0.440193 1.18105 
-19 -19 0 -59.0285 -58.5348 -0.0849902 31.4433 -1.52313 5.81261 -1.52313 1.54981 -0.158065 5.81261 -0.158065 2.06976 
-19 -20 0 -59.0217 -61.6023 -0.306544 1081.41 -37.996 17.3552 -37.996 2.69546 -0.634572 17.3552 -0.634572 1.70245 
-19 -22 0 -59.0113 -67.0602 -0.382429 4.05401 1.13997 1.60291 1.13997 3.71925 1.43501 1.60291 1.43501 1.72599 
-27 -25 0 -83.596 -76.0428 -0.204482 8.84268 -0.980125 0.193344 -0.980125 1.92568 0.464496 0.193344 0.464496 1.09104 
-23 -25 1 -69.3217 -77.4452 3.15441 290.174 182.789 -147.411 182.789 124.387 -77.7293 -147.411 -77.7293 300.025 
-25 -17 0 -75.7659 -52.7031 -0.763627 1375.92 -47.7181 33.5062 -47.7181 3.0439 -1.2254 33.5062 -1.2254 2.62782 
-17 -18 0 -51.5547 -55.663 -1.00575 20.4775 -6.39735 2.06463 -6.39735 5.45462 -0.878808 2.06463 -0.878808 4.25358 
-48 -49 0 -145.502 -149.077 2.30806 3.11928 3.18303 3.18187 3.18303 5.24946 3.17834 3.18187 3.17834 6.67604 
-20 -24 0 -61.5453 -73.1591 -0.0959538 1.47151 -0.117034 0.000985832 -0.117034 1.92291 -0.0186595 0.000985832 -0.0186595 0.554272 
-29 -26 0 -88.3266 -78.7286 0.23879 1.56209 0.210034 0.0832967 0.210034 3.1419 -0.0487632 0.0832967 -0.0487632 0.71616 
-28 -26 0 -85.9724 -78.791 -0.432978 1.82308 -0.131335 0.144479 -0.131335 3.04103 -0.100413 0.144479 -0.100413 1.09858 
-16 -26 0 -50.4272 -79.6322 -0.25825 10.8302 0.180951 0.179291 0.180951 6.09057 -2.22039 0.179291 -2.22039 2.08691 
-17 -26 0 -52.7635 -79.5356 0.292118 1.87926 0.170324 0.431927 0.170324 1.9684 0.0830183 0.431927 0.0830183 0.858006 
-23 -29 0 -70.2244 -88.2034 -1.80005 1.78028 0.733623 0.0164943 0.733623 1.25277 0.398636 0.0164943 0.398636 13.1355 
-28 -18 0 -85.8303 -55.7526 -2.32047 3057.93 -94.3775 -88.0483 -94.3775 6.71223 9.67147 -88.0483 9.67147 71.5171 
-28 -19 0 -85.8771 -58.4543 -1.57464 713.822 -47.7838 -9.27315 -47.7838 5.38385 -0.189971 -9.27315 -0.189971 1.68503 
-25 -20 0 -76.0778 -61.5335 -0.901444 1022.24 -34.4207 23.5954 -34.4207 2.43765 -0.841957 23.5954 -0.841957 1.57771 
-18 -21 0 -54.5557 -64.4579 -1.99067 4.15944 -1.34878 0.449386 -1.34878 3.07692 -3.54068 0.449386 -3.54068 11.0293 
-18 -22 0 -55.9253 -66.9525 -1.77751 2.4127 -2.49772 2.23545 -2.49772 17.3021 3.35456 2.23545 3.35456 9.09229 
-18 -24 0 -55.4923 -74.3187 0.905705 1.3745 0.712128 -0.0115884 0.712128 2.76036 -0.0512956 -0.0115884 -0.0512956 0.870879 
-19 -21 0 -59.0083 -64.461 -0.541184 8.97979 0.165759 1.27408 0.165759 1.38664 -0.205635 1.27408 -0.205635 1.30755 
-21 -25 0 -65.2602 -76.34 -0.368699 3.55235 -0.236996 0.150261 -0.236996 1.46918 -0.0352694 0.150261 -0.0352694 0.494824 
-23 -28 0 -69.57 -85.5561 -2.0933 2.98897 -1.42839 -4.26378 -1.42839 1.50616 2.48317 -4.26378 2.48317 12.6359 
-32 -31 0 -96.8434 -94.639 -1.45737 1.83579 -2.4063 0.37873 -2.4063 125.717 -3.7327 0.37873 -3.7327 2.4779 
-27 -38 0 -83.2536 -115.352 1.28046 19.3236 1.68489 -2.4353 1.68489 1.39105 -0.0943528 -2.4353 -0.0943528 0.763309 
-16 -16 0 -50.6613 -50.4074 -2.59338 23.0232 0.290995 10.3563 0.290995 13.0607 2.12973 10.3563 2.12973 17.6731 
-17 -16 0 -53.1024 -50.4813 -1.12906 1.45345 0.133107 0.914078 0.133107 10.4069 -0.242815 0.914078 -0.242815 1.33973 
-17 -26 1 -53.6427 -79.9324 3.34841 14.7453 0.39948 5.75916 0.39948 2.15514 -1.20663 5.75916 -1.20663 17.151 
-36 -17 0 -108.068 -51.5454 -1.93805 69.9462 -8.21543 0.386399 -8.21543 8.91188 -1.79472 0.386399 -1.79472 2.40514 
-47 -18 0 -143.02 -55.9377 -1.75357 2.31143 0.322372 0.644426 0.322372 2.24187 0.4037 0.644426 0.4037 1.76351 
-48 -19 0 -144.503 -57.9679 -1.84937 9.34991 1.32172 -0.683419 1.32172 2.72204 -0.12426 -0.683419 -0.12426 2.25028 
-35 -19 0 -106.657 -59.2342 -1.74228 2.30868 0.405679 -0.81591 0.405679 2.70029 0.667737 -0.81591 0.667737 2.2755 
-37 -19 0 -111.255 -59.22 -2.7487 34.1744 -2.79744 -15.4605 -2.79744 3.91457 0.478065 -15.4605 0.478065 29.4258 
-47 -19 0 -143.172 -57.9579 -1.73217 2.8072 -0.653341 0.682738 -0.653341 2.29434 -0.332778 0.682738 -0.332778 1.80994 
-16 -20 0 -50.476 -61.263 -2.2345 17.222 -1.83923 -3.72443 -1.83923 2.61906 -4.1044 -3.72443 -4.1044 15.9715 
-28 -20 0 -86.0428 -61.6142 -2.32598 1262.27 -44.5619 7.41954 -44.5619 2.87564 -0.86524 7.41954 -0.86524 11.1335 
-35 -20 0 -106.147 -60.866 -1.67339 2.11506 0.846082 -0.399373 0.846082 4.0294 -1.19281 -0.399373 -1.19281 2.22302 
-16 -21 0 -50.3588 -65.1642 -1.00679 13.0474 -0.0244767 -0.520579 -0.0244767 3.85214 0.364643 -0.520579 0.364643 0.948979 
-31 -21 0 -94.6606 -65.8566 -2.11397 2.89764 42.2491 -1.93911 42.2491 1338.56 -20.5491 -1.93911 -20.5491 9.13103 
-19 -25 0 -58.2821 -76.997 0.44395 1.76819 -0.164784 -0.222408 -0.164784 1.8438 -0.0146113 -0.222408 -0.0146113 0.923983 
-34 -21 0 -102.801 -64.5952 -2.40229 4.45424 0.994936 -2.61822 0.994936 1.38016 -0.166641 -2.61822 -0.166641 5.74294 
-16 -22 0 -50.4338 -67.3341 -0.808915 11.8912 -0.141556 -0.0896601 -0.141556 1.53254 -0.12913 -0.0896601 -0.12913 0.754108 
-48 -18 0 -144.426 -56.1435 -1.64191 10.7552 -1.54813 -0.361171 -1.54813 3.42442 0.00863632 -0.361171 0.00863632 1.77385 
-17 -22 0 -52.1906 -67.6374 -1.74699 1.71289 -0.253841 -0.525968 -0.253841 1.3099 -0.0469812 -0.525968 -0.0469812 1.58346 
-21 -22 0 -64.1488 -67.7973 -0.202097 2.10326 1.41259 -0.0349548 1.41259 4.38761 0.415271 -0.0349548 0.415271 0.38702 
-22 -22 0 -67.7136 -67.2869 -0.888176 1.34906 -0.962879 -0.0211192 -0.962879 24.8672 -2.00256 -0.0211192 -2.00256 0.898565 
-23 -22 0 -70.314 -67.677 -1.58619 1.24587 -0.028622 0.101692 -0.028622 4.47131 -1.84487 0.101692 -1.84487 1.63607 
-24 -22 0 -73.6498 -67.4902 -1.55279 1.31474 -0.39404 0.1214 -0.39404 6.49032 -2.33904 0.1214 -2.33904 1.64795 
-18 -29 0 -55.5203 -88.2981 -1.63422 1.91066 16.5651 0.00604916 16.5651 460.581 5.54818 0.00604916 5.54818 4.02165 
-16 -18 0 -50.3836 -55.7567 -1.44952 18.6269 1.28379 1.60204 1.28379 1.71064 1.12057 1.60204 1.12057 2.63443 
-20 -23 0 -61.481 -70.5526 -0.293419 1.59702 0.180465 -0.0142206 0.180465 1.54516 -0.0906285 -0.0142206 -0.0906285 0.437349 
-16 -23 0 -50.4233 -70.4758 -2.17816 11.1154 -0.0385689 0.590339 -0.0385689 1.50884 0.00337036 0.590339 0.00337036 4.97092 
-18 -23 0 -55.6455 -70.2997 -1.61541 1.4266 -0.694007 0.27416 -0.694007 3.49469 0.433058 0.27416 0.433058 0.871823 
-19 -23 0 -58.7455 -70.6275 0.288709 1.46362 0.0366562 0.0673319 0.0366562 1.47377 0.0497996 0.0673319 0.0497996 0.45419 
-47 -23 0 -143.357 -71.4773 -2.35547 8.55201 -1.02886 -3.03461 -1.02886 18.2661 -1.01084 -3.03461 -1.01084 11.0886 
-48 -23 0 -144.56 -71.4184 -2.5469 9.91817 3.19651 -3.40679 3.19651 7.91243 0.228482 -3.40679 0.228482 13.0872 
-16 -24 0 -50.3167 -72.2313 -2.21245 15.5383 12.8025 0.686474 12.8025 32.1492 0.630235 0.686474 0.630235 6.94964 
-47 -24 0 -143.51 -72.4956 -2.57042 7.2128 3.61617 2.59252 3.61617 16.4403 -0.984699 2.59252 -0.984699 10.8618 
-48 -24 0 -144.356 -72.3681 -2.64148 22.4363 9.4657 -0.0397137 9.4657 14.7516 -4.16685 -0.0397137 -4.16685 19.1197 
-45 -24 0 -135.862 -74.1794 -2.7493 313.977 3.902 10.2037 3.902 223.691 37.0377 10.2037 37.0377 76.8678 
-23 -25 0 -70.1346 -77.0931 -0.452915 2.0437 -0.401187 -0.343408 -0.401187 2.65474 0.0788648 -0.343408 0.0788648 0.458627 
-24 -25 0 -73.4363 -77.4217 -2.33928 1.89211 1.16892 -1.23892 1.16892 5.50541 1.18251 -1.23892 1.18251 5.37832 
-29 -25 0 -88.3512 -76.5224 -0.267579 1.54053 0.0845122 0.0315883 0.0845122 1.42658 0.0459458 0.0315883 0.0459458 0.461202 
-32 -25 0 -98.5282 -77.646 -2.89329 12.3519 14.8294 -33.9334 14.8294 67.0793 -160.284 -33.9334 -160.284 552.678 
-42 -25 0 -127.442 -76.896 -2.00471 2.16056 0.196983 0.142222 0.196983 2.93507 -0.145619 0.142222 -0.145619 1.98849 
-48 -25 0 -144.39 -76.8419 -2.07642 17.3942 -0.446111 -0.839557 -0.446111 2.55976 0.241805 -0.839557 0.241805 2.93731 
-47 -26 0 -143.454 -78.2638 -2.22464 10.476 -2.16419 -1.68511 -2.16419 30.5662 -1.19175 -1.68511 -1.19175 8.8698 
-48 -26 0 -144.255 -78.302 -2.67491 142.933 -86.3687 -87.1601 -86.3687 106.919 71.6396 -87.1601 71.6396 75.149 
-18 -26 0 -55.5595 -79.4804 0.294678 1.53274 0.0723339 -0.336408 0.0723339 1.36985 -0.0871062 -0.336408 -0.0871062 0.497572 
-35 -17 1 -105.19 -53.5678 3.38424 98.5195 -15.7767 -31.195 -15.7767 13.99 4.25706 -31.195 4.25706 36.0195 
-19 -26 0 -57.9619 -79.685 -0.405994 2.47144 -0.114035 0.214045 -0.114035 1.54821 -0.366429 0.214045 -0.366429 0.474773 
-21 -26 0 -64.7172 -79.6484 -1.17267 1.72912 0.627914 0.132811 0.627914 2.24742 -0.400023 0.132811 -0.400023 0.711578 
-22 -26 0 -67.4664 -79.4871 -0.417728 1.32142 0.0716194 -0.0864338 0.0716194 1.53893 -0.281109 -0.0864338 -0.281109 0.427091 
-18 -25 1 -55.6888 -76.3809 4.17919 1.76669 -0.14417 0.204991 -0.14417 1.98077 -0.0110344 0.204991 -0.0110344 1.74844 
-31 -26 0 -93.7594 -79.9042 -2.10185 2.16564 -0.986685 0.365645 -0.986685 2.45425 1.56799 0.365645 1.56799 4.06172 
-23 -26 0 -70.438 -79.32 -1.2924 1.3421 0.058845 -0.161985 0.058845 1.83487 -0.431074 -0.161985 -0.431074 0.806978 
-32 -26 0 -97.7146 -80.6406 -1.74356 1.46225 0.754683 -0.0625651 0.754683 2.91163 1.74312 -0.0625651 1.74312 3.36062 
-38 -26 0 -114.451 -80.4149 -2.79891 10.7325 -3.8133 -10.5409 -3.8133 7.59477 6.93053 -10.5409 6.93053 78.4754 
-21 -27 0 -64.3263 -81.7813 -1.59151 1.2233 -0.0334308 -0.019615 -0.0334308 4.74914 -0.364012 -0.019615 -0.364012 1.47784 
-28 -27 0 -85.4807 -81.5864 -1.81162 1.52451 0.897402 0.00869709 0.897402 13.2621 -3.27841 0.00869709 -3.27841 2.50493 
-26 -27 0 -79.6025 -81.6901 -1.63249 1.43077 -0.542271 -0.178293 -0.542271 12.545 -1.6149 -0.178293 -1.6149 1.99277 
-18 -27 0 -55.5178 -81.9017 -0.907384 1.85746 0.689652 -0.379347 0.689652 3.80424 -0.562219 -0.379347 -0.562219 0.549006 
-23 -27 0 -70.4023 -81.7992 -1.76351 1.30164 0.902741 -0.213157 0.902741 4.75265 -0.924325 -0.213157 -0.924325 1.91815 
-24 -27 0 -73.689 -81.9673 -2.00517 1.61357 -0.332103 0.0352365 -0.332103 3.35875 -0.750909 0.0352365 -0.750909 2.2182 
-19 -27 0 -58.3137 -81.899 -1.47605 2.05493 -0.535711 -0.19562 -0.535711 3.94307 -0.336762 -0.19562 -0.336762 0.986635 
-25 -27 0 -76.7181 -81.755 -1.70423 1.31371 -0.878896 0.0257461 -0.878896 4.32147 -1.19562 0.0257461 -1.19562 2.09407 
-30 -27 0 -91.6764 -81.6003 -2.00063 1.59932 -0.671569 0.0228645 -0.671569 2.92897 -1.21825 0.0228645 -1.21825 2.30504 
-32 -27 0 -96.9922 -81.5049 -2.2638 2.54184 1.5728 -1.66276 1.5728 2.95297 -1.87106 -1.66276 -1.87106 4.26998 
-35 -27 0 -105.779 -82.1288 -2.54184 2.4193 0.765687 2.10068 0.765687 1.59154 0.374619 2.10068 0.374619 9.56262 
-36 -27 0 -109.75 -82.7253 -1.32805 1.64942 -0.253828 0.170695 -0.253828 1.83895 0.568756 0.170695 0.568756 0.851837 
-19 -28 0 -59.3637 -85.7067 -1.98 251.278 1.45211 24.8228 1.45211 1.41772 1.03789 24.8228 1.03789 11.2271 
-32 -28 0 -96.6534 -85.5071 -2.12921 2.01029 -0.948369 1.6989 -0.948369 2.26455 2.18122 1.6989 2.18122 15.2442 
-26 -28 0 -78.6728 -85.5312 -2.36914 2.9643 3.20372 2.57138 3.20372 6.98811 -1.2399 2.57138 -1.2399 16.791 
-24 -28 0 -74.1808 -85.339 -2.38399 23.7557 0.615724 -10.028 0.615724 1.56624 1.14843 -10.028 1.14843 12.0395 
-34 -28 0 -103.57 -85.7043 -2.30957 2.8847 -0.819905 -0.532015 -0.819905 2.32091 2.32995 -0.532015 2.32995 13.0731 
-25 -28 0 -77.6922 -85.3014 -2.28121 10.2892 3.1668 4.32638 3.1668 2.94192 3.32673 4.32638 3.32673 8.92979 
-17 -28 0 -52.6223 -85.4214 -1.6661 2.0049 -0.194509 0.312993 -0.194509 1.5435 -0.253633 0.312993 -0.253633 0.958551 
-35 -28 0 -106.248 -85.7654 -2.28268 1.79628 -0.921385 -0.287479 -0.921385 2.51459 0.580157 -0.287479 0.580157 8.80018 
-28 -28 0 -85.1974 -85.8375 -2.19374 1.90125 0.831804 1.43954 0.831804 1.95818 1.62899 1.43954 1.62899 5.73011 
-29 -28 0 -88.6107 -85.3209 -2.40051 6.04889 -0.196599 -4.9513 -0.196599 1.40484 -0.384748 -4.9513 -0.384748 10.0105 
-20 -27 0 -61.9553 -82.0915 -1.49678 1.43886 1.00326 -0.121808 1.00326 5.8736 -0.0253662 -0.121808 -0.0253662 1.52066 
-30 -28 0 -92.3105 -85.754 -2.2818 3.07931 -0.0821753 -1.43115 -0.0821753 1.26254 1.23415 -1.43115 1.23415 7.94352 
-19 -17 0 -58.487 -52.226 -0.398439 8.39504 -2.13195 -0.546729 -2.13195 1.64913 -0.111912 -0.546729 -0.111912 1.60115 
-34 -29 0 -103.935 -89.414 -2.36353 6.7808 -3.36724 13.3411 -3.36724 3.91728 -2.05399 13.3411 -2.05399 94.2732 
-35 -18 0 -105.64 -54.6344 -0.901019 7.74399 1.55489 -1.70873 1.55489 5.18518 -1.26157 -1.70873 -1.26157 1.12842 
-36 -28 0 -109.919 -85.157 0.0464395 1.71553 -0.0451232 0.0826594 -0.0451232 1.66811 -0.144287 0.0826594 -0.144287 0.383292 
-24 -29 0 -73.8483 -87.9788 -1.93663 1.41011 -0.277484 1.54767 -0.277484 1.60192 -0.669248 1.54767 -0.669248 11.2279 
-17 -29 0 -53.2036 -87.6833 -1.67767 2.71625 -1.1859 0.984634 -1.1859 5.20172 -0.324939 0.984634 -0.324939 4.90623 
-30 -29 0 -91.3591 -87.3931 -2.52195 1.65249 0.268527 -1.29434 0.268527 2.19204 -2.16904 -1.29434 -2.16904 8.25195 
-29 -29 0 -87.7651 -87.3281 -2.2049 5.35169 0.826709 -1.77538 0.826709 3.89559 -3.26627 -1.77538 -3.26627 9.17759 
-26 -29 0 -79.6641 -87.803 -1.99126 1.29321 -0.259524 -0.24815 -0.259524 2.16836 -1.84874 -0.24815 -1.84874 5.78097 
-38 -29 0 -116.77 -88.9213 -2.57999 37.9806 3.81726 3.0942 3.81726 6.02063 -0.451566 3.0942 -0.451566 14.2033 
-36 -29 0 -108.898 -88.1117 -1.74378 4.12357 1.32215 -0.596884 1.32215 1.73308 -0.199411 -0.596884 -0.199411 2.09385 
-39 -18 0 -118.267 -54.1352 -2.25749 40.9474 82.8793 16.7369 82.8793 344.839 72.1888 16.7369 72.1888 52.3908 
-16 -30 0 -50.5821 -90.5532 -1.77996 38.6688 191.48 -5.64396 191.48 2498.18 -38.2269 -5.64396 -38.2269 3.67303 
-39 -30 0 -117.48 -90.3475 -2.78266 14.3366 0.413625 4.4562 0.413625 21.927 -36.9328 4.4562 -36.9328 155.848 
-17 -30 0 -52.0163 -90.7201 -1.82872 5.53276 -4.21188 1.70197 -4.21188 5.77855 -2.13891 1.70197 -2.13891 3.09374 
-36 -31 0 -108.776 -93.7885 -1.58334 45.8296 3.27856 -0.737838 3.27856 5.96136 0.0477045 -0.737838 0.0477045 1.75517 
-49 -49 0 -149.041 -149.096 -1.41811 4.08926 -1.79333 0.675231 -1.79333 4.94791 -0.0313389 0.675231 -0.0313389 0.92276 
-16 -16 -1 -50.36 -50.4042 -3.05019 48.6526 31.3841 136.477 31.3841 35.0075 48.0403 136.477 48.0403 1411.14 
-16 -21 -1 -50.3037 -65.3159 -3.09746 25.6748 -9.83455 65.5926 -9.83455 8.84597 -45.0673 65.5926 -45.0673 422.312 
-26 -21 -1 -80.5364 -65.7623 -3.07661 16.7067 -0.790526 -247.174 -0.790526 82.7926 83.8636 -247.174 83.8636 5539.58 
-27 -21 -1 -82.0719 -65.5475 -3.12697 2.11447 0.628518 -11.9187 0.628518 33.8238 -197.374 -11.9187 -197.374 1708.91 
-28 -21 -1 -85.25 -65.3891 -3.15917 2.61656 0.462431 -3.40539 0.462431 9.95143 -22.4893 -3.40539 -22.4893 177.698 
-22 -22 -1 -67.6127 -67.8276 -3.31917 1.46053 -1.36061 4.73392 -1.36061 8.50226 -24.482 4.73392 -24.482 127.619 
-33 -28 -1 -99.8447 -85.5879 -3.18853 2.57088 -0.0282979 3.68588 -0.0282979 2.90913 23.8524 3.68588 23.8524 319.188 
-17 -30 -1 -51.6377 -90.8669 -3.26597 17.7443 -14.4677 2.71824 -14.4677 13.5391 -3.51893 2.71824 -3.51893 41.989 
-32 -21 -1 -97.4963 -65.822 -3.40961 3.22233 49.2125 -4.50216 49.2125 1270.85 -134.422 -4.50216 -134.422 33.7751 
-16 -22 -1 -50.4282 -67.578 -3.39043 12.013 -0.36586 3.93138 -0.36586 2.03793 -6.77854 3.93138 -6.77854 56.1451 
-27 -26 0 -83.4443 -78.5241 -0.214872 14.5707 15.1354 -1.02454 15.1354 26.1747 0.0375942 -1.02454 0.0375942 4.36416 
-24 -22 -1 -73.5552 -68.349 -3.29392 1.56503 -1.21308 -2.28887 -1.21308 7.08499 -0.507181 -2.28887 -0.507181 39.9612 
-35 -28 -1 -106.227 -85.8099 -3.2916 1.47669 -0.419926 2.06961 -0.419926 2.17358 -0.597408 2.06961 -0.597408 92.5504 
-48 -18 -1 -144.257 -55.7533 -3.2877 24.9963 -0.39542 6.63011 -0.39542 4.4658 1.99089 6.63011 1.99089 13.0011 
-34 -18 -1 -104.444 -55.8517 -3.81596 10.1661 -1.82038 -8.93078 -1.82038 1.26786 0.993757 -8.93078 0.993757 20.6293 
-34 -19 -1 -104.347 -58.843 -3.58425 3.30611 -2.2156 -3.8192 -2.2156 3.67593 -0.48727 -3.8192 -0.48727 17.4592 
-34 -21 -1 -104.112 -65.0001 -3.54452 2.15454 0.557716 -2.01052 0.557716 1.46932 -0.44725 -2.01052 -0.44725 13.5665 
-16 -26 -1 -50.4048 -79.4625 -3.93228 11.4191 -0.505215 -5.24034 -0.505215 1.74912 2.4785 -5.24034 2.4785 22.6325 
-27 -27 -1 -82.3304 -81.7406 -3.4655 1.54575 1.01014 0.620962 1.01014 7.71946 4.67956 0.620962 4.67956 11.2815 
-19 -23 1 -59.2554 -71.0916 3.58911 9.16002 1.27415 1.04778 1.27415 3.74709 1.04415 1.04778 1.04415 9.04029 
-20 -27 -1 -61.519 -81.8599 -3.7665 1.34647 0.481716 0.810777 0.481716 5.96806 3.79682 0.810777 3.79682 12.798 
-31 -28 0 -94.6119 -86.4861 -2.18042 1.78009 1.19592 -0.092712 1.19592 2.68619 1.46869 -0.092712 1.46869 9.21475 
-18 -27 -1 -55.5691 -81.9512 -3.60279 1.42854 -0.0998476 0.0384825 -0.0998476 3.90414 1.69857 0.0384825 1.69857 12.4143 
-27 -22 -1 -82.5421 -67.4676 -3.37944 1.32531 0.157793 -1.61349 0.157793 4.29713 -13.9323 -1.61349 -13.9323 68.2929 
-16 -23 -1 -50.412 -70.3667 -3.68414 13.3361 -0.248039 -3.74653 -0.248039 1.96696 -1.17303 -3.74653 -1.17303 8.17959 
-17 -23 -1 -52.5759 -70.7173 -3.72838 1.58552 -0.00252583 0.232883 -0.00252583 1.7562 -0.593555 0.232883 -0.593555 7.32318 
-18 -23 -1 -55.5092 -71.0255 -3.61608 1.26419 -0.196416 0.73712 -0.196416 3.0035 -1.46903 0.73712 -1.46903 8.03127 
-17 -24 -1 -52.3953 -73.2848 -4.07788 1.57592 0.150317 -0.121882 0.150317 1.57102 -1.72374 -0.121882 -1.72374 8.96898 
-17 -25 -1 -52.5098 -76.5333 -4.17919 1.42062 -0.397994 -8.00662 -0.397994 4.77161 65.9207 -8.00662 65.9207 1334.49 
-22 -25 0 -67.3323 -76.7055 -0.423718 1.46417 -0.257133 -0.0423933 -0.257133 1.46713 -0.0560813 -0.0423933 -0.0560813 0.51815 
-18 -25 -1 -55.3599 -76.7056 -4.186 1.33345 -0.185149 0.400977 -0.185149 1.72906 1.89006 0.400977 1.89006 26.5323 
-38 -27 0 -114.24 -81.8292 -2.5296 32.9557 2.18269 -3.18151 2.18269 5.31941 2.57106 -3.18151 2.57106 9.60164 
-27 -26 -1 -82.6213 -78.8517 -3.95336 1.44733 0.0792539 -1.29312 0.0792539 2.31067 3.55436 -1.29312 3.55436 55.1623 
-34 -17 0 -104.06 -53.5215 1.75229 1.87042 0.218039 0.082323 0.218039 7.69 0.608647 0.082323 0.608647 1.28167 
-19 -26 -1 -58.3049 -79.8338 -3.9626 1.70721 -0.499992 -2.1451 -0.499992 2.46582 3.56805 -2.1451 3.56805 13.7321 
-29 -26 -1 -88.4811 -79.5254 -4.04865 1.55902 -0.751909 -2.14761 -0.751909 1.65344 4.72706 -2.14761 4.72706 63.2068 
-30 -27 -1 -91.5572 -81.4226 -3.58997 1.32583 -0.937561 0.0865207 -0.937561 8.52254 3.41408 0.0865207 3.41408 7.657 
-22 -27 -1 -67.3996 -81.6825 -3.74913 1.2482 -0.0440074 -0.196423 -0.0440074 6.72511 1.80968 -0.196423 1.80968 7.54131 
-26 -27 -1 -79.4129 -81.681 -3.68211 1.54865 1.94615 0.416939 1.94615 35.6198 11.0153 0.416939 11.0153 8.76485 
-23 -27 -1 -70.6376 -81.7035 -3.75496 1.40032 0.185918 0.0842315 0.185918 8.77284 0.907119 0.0842315 0.907119 6.39345 
-16 -27 -1 -50.4959 -82.3783 -3.71345 12.8193 -0.0633435 -3.29354 -0.0633435 1.61058 2.68737 -3.29354 2.68737 21.1394 
-34 -28 -1 -103.766 -85.4989 -3.724 3.29839 -1.1655 -1.14879 -1.1655 1.4803 0.437191 -1.14879 0.437191 5.09461 
-34 -26 0 -103.539 -80.3173 -1.72969 1.37837 0.104489 -0.084509 0.104489 2.83791 0.695141 -0.084509 0.695141 3.46376 
-34 -29 -1 -104.255 -89.5947 -3.85102 16.3002 -12.5204 -1.93129 -12.5204 12.2148 0.339721 -1.93129 0.339721 3.52832 
-34 -30 -1 -104.049 -90.0175 -3.76705 4.9055 23.3823 -4.39437 23.3823 2198.79 -16.3901 -4.39437 -16.3901 9.56788 
-44 -31 0 -133.933 -94.1314 0.141555 44.632 -1.91642 0.490171 -1.91642 5.69576 0.110737 0.490171 0.110737 0.292926 
-47 -19 -1 -143.024 -57.8092 -3.58703 2.84708 -0.744774 -1.66975 -0.744774 3.47016 1.74279 -1.66975 1.74279 8.28414 
-30 -22 0 -91.6354 -67.0822 -2.49518 2.77571 -2.3481 2.48488 -2.3481 4.79178 -5.58994 2.48488 -5.58994 15.3239 
-21 -23 0 -63.939 -70.5089 0.108656 3.51561 -0.647417 -0.0457485 -0.647417 1.49307 -0.100083 -0.0457485 -0.100083 0.46722 
-30 -31 0 -90.6507 -94.7266 -1.97885 26.6722 60.4815 -5.74751 60.4815 173.756 -10.4168 -5.74751 -10.4168 2.78088 
-28 -22 -1 -85.5263 -67.6922 -3.47533 1.41388 0.579833 -2.58462 0.579833 3.04572 -7.88325 -2.58462 -7.88325 34.7103 
-20 -23 -1 -61.4978 -70.5089 -4.0925 1.6689 0.544085 -0.985559 0.544085 2.57061 -1.92786 -0.985559 -1.92786 5.83272 
-28 -27 -1 -85.5112 -81.5907 -3.48405 1.40095 1.23887 0.140719 1.23887 14.445 5.74885 0.140719 5.74885 10.7957 
-22 -23 -1 -67.4573 -70.2512 -4.35472 1.30772 0.0214085 -0.129033 0.0214085 2.46545 -3.45384 -0.129033 -3.45384 11.585 
-23 -23 -1 -70.7145 -70.296 -4.05215 1.62999 -0.591911 1.51542 -0.591911 2.18239 -2.49324 1.51542 -2.49324 7.94214 
-31 -48 0 -93.3391 -145.687 -0.550927 233.895 -120.297 3.22895 -120.297 95.3481 -1.82587 3.22895 -1.82587 0.348921 
-24 -23 -1 -73.4295 -70.5006 -3.77432 1.25665 0.187399 -0.348912 0.187399 1.80279 -0.851923 -0.348912 -0.851923 5.51189 
-25 -23 -1 -76.456 -70.119 -4.19254 1.25318 0.058491 -0.17393 0.058491 2.37973 -3.85922 -0.17393 -3.85922 12.4362 
-26 -23 -1 -79.4901 -70.2189 -4.23857 1.33218 -0.104386 0.0899907 -0.104386 2.7288 -6.30763 0.0899907 -6.30763 24.473 
-26 -26 0 -78.9296 -78.9455 -2.19652 3.229 -0.250069 -1.12655 -0.250069 2.5453 0.364179 -1.12655 0.364179 3.51957 
-27 -23 -1 -82.4298 -70.1165 -4.32102 1.52563 0.61452 -1.82235 0.61452 2.32157 -4.67845 -1.82235 -4.67845 20.2386 
-31 -28 -1 -95.0338 -85.9082 -3.12122 1.3968 -0.34164 -5.78884 -0.34164 3.446 13.1672 -5.78884 13.1672 172.803 
-20 -24 -1 -61.4486 -73.559 -4.54467 2.10638 -0.0972686 -32.1225 -0.0972686 1.36706 7.33261 -32.1225 7.33261 1114.04 
-21 -24 -1 -64.6754 -73.4793 -4.62304 1.42486 -0.351726 -14.6344 -0.351726 1.79383 25.3253 -14.6344 25.3253 1208.95 
-22 -24 -1 -67.5286 -73.4911 -4.62226 1.26307 -0.0308407 0.272429 -0.0308407 1.98918 28.8586 0.272429 28.8586 1243.78 
-35 -31 0 -106.833 -94.2375 -1.27947 1.57403 3.96374 -0.948565 3.96374 92.4766 -10.1549 -0.948565 -10.1549 7.57525 
-30 -28 -1 -92.488 -84.9525 -3.11235 19.9369 -2.89319 11.3403 -2.89319 3.54357 12.1457 11.3403 12.1457 344.779 
-24 -24 -1 -73.5057 -73.5431 -4.60376 1.20807 0.0315147 1.00042 0.0315147 1.68281 19.096 1.00042 19.096 959.952 
-27 -24 -1 -82.395 -73.6726 -4.54697 1.46372 -0.018526 0.54474 -0.018526 4.28949 60.5006 0.54474 60.5006 1242.4 
-16 -28 -1 -50.5245 -85.8875 -3.32765 26.8161 399.77 -16.2397 399.77 11547.9 -766.712 -16.2397 -766.712 141.62 
-28 -24 -1 -85.6495 -73.8071 -4.5014 1.55172 -0.0104534 0.854219 -0.0104534 1.62119 2.55111 0.854219 2.55111 16.8514 
-25 -25 -1 -76.2417 -76.5731 -4.26281 1.50834 -0.104146 -1.50171 -0.104146 1.67947 1.32829 -1.50171 1.32829 7.42749 
-27 -25 -1 -82.3719 -76.7706 -4.36134 1.64383 -0.364851 -4.25687 -0.364851 2.09052 6.86653 -4.25687 6.86653 58.9405 
-23 -25 -1 -70.5727 -76.5174 -4.34232 1.59417 -0.109109 0.727274 -0.109109 1.36469 0.679668 0.727274 0.679668 6.95034 
-26 -25 -1 -79.5775 -76.8129 -4.21993 1.47689 0.048135 0.585033 0.048135 2.1998 3.19914 0.585033 3.19914 12.4502 
-24 -25 -1 -73.8418 -76.7641 -4.04689 1.55806 0.0377421 0.977784 0.0377421 1.79071 1.13969 0.977784 1.13969 4.51265 
-20 -25 -1 -61.497 -76.4315 -4.4576 2.06439 -0.163359 -29.0648 -0.163359 1.4049 8.93054 -29.0648 8.93054 1191.1 
-30 -25 -1 -91.4679 -76.4124 -4.30744 1.47432 -0.0893544 -0.693589 -0.0893544 2.04966 2.3682 -0.693589 2.3682 23.1348 
-32 -25 -1 -97.5683 -76.5251 -4.27782 1.10121 0.262626 0.552462 0.262626 1.41163 0.98642 0.552462 0.98642 6.9757 
-20 -26 -1 -61.6135 -79.7673 -4.20924 1.35149 0.182626 1.50806 0.182626 2.36465 5.51258 1.50806 5.51258 27.9384 
-33 -26 0 -100.328 -80.2392 -2.00489 1.66775 -0.370177 0.161941 -0.370177 1.5583 1.15069 0.161941 1.15069 3.03848 
-30 -26 -1 -91.9193 -79.7112 -3.87199 1.65818 0.212521 0.387014 0.212521 1.80791 -0.269281 0.387014 -0.269281 4.86842 
-32 -26 -1 -97.6457 -79.3686 -4.11611 1.78963 0.215821 1.37842 0.215821 1.31812 0.334047 1.37842 0.334047 6.22133 
-34 -27 -1 -103.31 -82.2372 -3.77547 9.59957 -1.69928 -2.46871 -1.69928 1.73391 -0.524728 -2.46871 -0.524728 5.47203 
-33 -27 0 -99.8386 -82.1268 -2.57542 2.94897 0.862077 1.73994 0.862077 1.598 2.5273 1.73994 2.5273 20.7237 
-49 -49 -1 -149.62 -148.343 -3.91518 21.158 -1.50773 -9.37499 -1.50773 3.80298 0.455125 -9.37499 0.455125 8.54317 
-38 -21 0 -114.9 -65.7145 -2.00981 70.3649 32.5995 1.03953 32.5995 63.7722 -0.417787 1.03953 -0.417787 6.06236 
-35 -16 -1 -107.576 -50.4878 -4.25219 11.3419 -1.35168 0.367625 -1.35168 11.2814 1.03676 0.367625 1.03676 4.53752 
-30 -24 0 -90.7088 -74.7368 -0.761804 4.70994 -0.368137 -0.942334 -0.368137 24.547 0.133192 -0.942334 0.133192 1.79674 
-35 -17 -1 -107.127 -52.3977 -4.06022 3.42195 1.86336 0.289635 1.86336 2.64 0.344561 0.289635 0.344561 3.54768 
-18 -27 1 -55.2383 -81.3681 3.4261 1.5642 0.211497 1.43715 0.211497 9.77105 -1.38767 1.43715 -1.38767 10.6802 
-44 -29 -2 -133.55 -88.3629 -6.23292 3.46898 -0.271302 -51.3869 -0.271302 1.6384 9.7296 -51.3869 9.7296 1195.39 
-45 -29 -2 -136.582 -88.2527 -6.30996 1.61735 -0.288063 -3.27551 -0.288063 1.84802 -0.571885 -3.27551 -0.571885 59.793 
-44 -30 -2 -133.406 -91.4185 -6.20053 1.383 -0.308039 -9.59486 -0.308039 1.53988 9.13113 -9.59486 9.13113 331.261 
-42 -30 -1 -127.211 -91.0518 -5.56381 1.83266 0.28483 -0.0121152 0.28483 1.96802 -1.08794 -0.0121152 -1.08794 8.67092 
-44 -31 -2 -133.392 -94.5498 -6.10516 1.46528 -0.403598 1.18079 -0.403598 1.68213 -7.35363 1.18079 -7.35363 154.817 
-47 -20 -2 -142.544 -61.5555 -6.497 2.1039 0.689334 -22.3116 0.689334 1.86297 -18.1497 -22.3116 -18.1497 588.598 
-48 -43 -2 -145.432 -130.408 -8.0046 2.19589 -1.31215 11.9991 -1.31215 2.59368 -15.3078 11.9991 -15.3078 189.97 
-47 -16 -2 -142.632 -50.4848 -6.56113 2.00059 0.18664 15.7186 0.18664 11.9588 3.73872 15.7186 3.73872 354.053 
-19 -25 -1 -58.5358 -76.4993 -4.36466 2.25505 -1.29238 -33.2401 -1.29238 3.07136 44.9837 -33.2401 44.9837 1206.36 
-48 -16 -2 -145.391 -50.4444 -6.5981 2.69684 -0.247587 -28.9218 -0.247587 10.9427 0.0928566 -28.9218 0.0928566 575.162 
-45 -30 -1 -136.829 -91.34 -5.31729 2.26798 0.197784 -0.986483 0.197784 1.5378 -1.75968 -0.986483 -1.75968 6.56886 
-49 -16 -2 -148.529 -50.4265 -6.65811 1.78073 -0.00985247 -24.632 -0.00985247 10.7073 2.7379 -24.632 2.7379 1319.96 
-48 -17 -2 -145.536 -52.5923 -6.584 2.68987 -0.348539 -29.4804 -0.348539 1.45444 4.91874 -29.4804 4.91874 714.876 
-36 -22 -1 -109.321 -67.2613 -5.0418 1.65175 0.0117488 -1.88927 0.0117488 1.74563 -2.37271 -1.88927 -2.37271 21.7644 
-49 -18 -2 -148.291 -55.4222 -6.60519 1.64154 -0.325827 -18.7851 -0.325827 1.45925 13.0891 -18.7851 13.0891 1209.66 
-25 -29 0 -76.135 -87.5619 -2.00645 5.74284 68.9347 -3.03699 68.9347 1198.52 -49.2869 -3.03699 -49.2869 8.57847 
-44 -16 -2 -133.345 -50.4533 -6.41612 6.2 -2.37663 -89.7661 -2.37663 14.7656 51.404 -89.7661 51.404 1862.47 
-49 -19 -2 -148.468 -58.3105 -6.58509 1.53205 0.164491 -13.9324 0.164491 1.48934 9.00312 -13.9324 9.00312 1106.4 
-40 -25 -1 -121.498 -76.4946 -5.68389 5.8908 0.562827 -74.9593 0.562827 1.36758 -9.53901 -74.9593 -9.53901 1292.35 
-35 -27 -1 -105.638 -82.1371 -3.30766 2.2627 0.644247 -1.01434 0.644247 1.64812 -0.840466 -1.01434 -0.840466 32.3946 
-47 -19 -2 -142.489 -58.6198 -6.39037 1.22861 -0.0480008 -1.20945 -0.0480008 1.45328 -6.53829 -1.20945 -6.53829 246.953 
-36 -28 1 -109.993 -84.7851 3.32114 10.4448 0.0566308 1.0493 0.0566308 9.26193 0.977439 1.0493 0.977439 16.1614 
-21 -28 0 -65.7312 -85.4327 -1.78952 80.1725 2.83817 -24.4961 2.83817 1.13746 -0.454005 -24.4961 -0.454005 23.221 
-47 -21 -2 -142.515 -64.5388 -6.53897 1.80672 0.0855162 -13.0359 0.0855162 1.43801 -4.18962 -13.0359 -4.18962 615.42 
-42 -26 0 -126.978 -78.2784 -2.34375 2.94917 -0.104233 0.650468 -0.104233 25.3103 -1.95545 0.650468 -1.95545 4.10501 
-49 -21 -2 -148.455 -64.5829 -6.60056 1.27718 -0.0880118 3.51652 -0.0880118 1.46963 -4.21127 3.51652 -4.21127 237.262 
-36 -19 0 -109.819 -59.1846 -2.47195 1.92039 -0.787439 0.361737 -0.787439 2.15322 0.389378 0.361737 0.389378 10.3286 
-37 -20 0 -111.194 -60.1652 -2.64182 691.182 -301.339 -519.114 -301.339 193.007 256.25 -519.114 256.25 448.487 
-47 -23 -2 -142.235 -70.2671 -6.34146 1.52159 0.442906 3.21285 0.442906 1.65136 2.17554 3.21285 2.17554 37.0978 
-47 -24 -2 -142.607 -73.5018 -6.36763 1.60481 0.0113209 -0.648567 0.0113209 1.57924 0.186606 -0.648567 0.186606 35.3237 
-48 -24 -2 -145.587 -73.5343 -6.41979 3.33825 0.648825 -14.497 0.648825 1.68754 -5.84252 -14.497 -5.84252 109.912 
-28 -21 0 -86.1389 -64.4328 -2.32298 1186.43 -37.4577 5.74918 -37.4577 2.41945 0.362201 5.74918 0.362201 7.37707 
-28 -28 -1 -84.5871 -85.7645 -3.11127 55.7613 12.3878 -102.331 12.3878 8.62043 38.553 -102.331 38.553 981.215 
-49 -24 -2 -148.505 -73.4614 -6.57564 1.46888 0.00219632 -8.76497 0.00219632 1.32742 1.19328 -8.76497 1.19328 359.07 
-47 -33 -1 -143.084 -101.782 -5.01729 11.2921 8.97394 -4.94967 8.97394 92.0576 -8.81122 -4.94967 -8.81122 11.4099 
-48 -26 -2 -145.505 -79.465 -6.61091 2.59301 1.30613 -17.3508 1.30613 2.37731 -15.7045 -17.3508 -15.7045 264.703 
-46 -28 -2 -139.653 -85.4974 -6.5184 1.7786 -0.0821906 -10.9212 -0.0821906 1.34814 2.05198 -10.9212 2.05198 238.813 
-44 -26 -2 -133.682 -79.5363 -6.24905 1.8373 0.215226 -14.5812 0.215226 1.39237 -3.74313 -14.5812 -3.74313 389.31 
-45 -32 -1 -137.045 -98.728 -5.41256 3.82769 -2.98668 -0.259955 -2.98668 85.0371 3.44477 -0.259955 3.44477 6.76906 
-33 -27 -1 -99.7955 -81.8111 -3.53488 1.80207 0.0606042 0.180857 0.0606042 1.63507 1.38337 0.180857 1.38337 5.72751 
-46 -26 -2 -139.631 -79.2791 -6.4395 1.33015 -0.00106342 -1.44576 -0.00106342 1.55339 -2.39348 -1.44576 -2.39348 38.3906 
-21 -25 1 -65.42 -76.2902 3.25261 5.09034 -0.0663783 3.5534 -0.0663783 0.715641 0.881513 3.5534 0.881513 11.3712 
-18 -24 -1 -55.6314 -73.0774 -4.17273 1.43326 0.251454 1.27837 0.251454 1.5676 -2.30775 1.27837 -2.30775 17.7989 
-45 -27 -1 -135.423 -82.4491 -5.53375 2962.17 189.958 -149.649 189.958 48.8707 -16.6688 -149.649 -16.6688 19.4145 
-47 -29 -2 -142.379 -88.3274 -6.48177 1.46452 0.0442701 -1.25183 0.0442701 1.26685 0.463737 -1.25183 0.463737 30.9456 
-36 -31 -2 -108.766 -93.8354 -6.28323 5191.29 -187.192 -205.735 -187.192 15.2233 -0.992428 -205.735 -0.992428 36.3898 
-18 -24 1 -55.5388 -74.7142 3.99978 3.00988 6.663 -5.24407 6.663 61.9148 -25.07 -5.24407 -25.07 16.9666 
-32 -23 0 -97.5011 -69.7682 -2.51615 4.19643 -1.80295 2.69535 -1.80295 5.47212 -2.76995 2.69535 -2.76995 10.8112 
-16 -25 -1 -50.4876 -76.4207 -4.14996 12.2595 -0.980279 -34.3476 -0.980279 3.46884 53.5927 -34.3476 53.5927 1398.02 
-21 -25 -1 -64.4487 -76.5388 -4.48273 1.48838 0.307022 13.5431 0.307022 2.0648 31.3789 13.5431 31.3789 1291.35 
-42 -40 -2 -128.761 -120.861 -7.2139 38.7325 -0.782247 10.5066 -0.782247 2.25455 -5.68173 10.5066 -5.68173 26.7542 
-39 -23 -1 -118.454 -70.4531 -5.45825 5.38867 0.809645 -51.2293 0.809645 1.43044 -9.63409 -51.2293 -9.63409 655.51 
-17 -27 -1 -52.5244 -82.3855 -3.63995 1.75933 0.681705 1.13925 0.681705 2.81465 4.36555 1.13925 4.36555 19.5712 
-31 -27 -1 -94.686 -81.3346 -3.66513 1.34619 -1.05585 -0.0925324 -1.05585 6.58522 2.57176 -0.0925324 2.57176 6.63729 
-34 -20 0 -104.218 -61.7723 -1.88025 2.62845 1.2262 -0.468771 1.2262 3.27459 -2.89194 -0.468771 -2.89194 5.25048 
-45 -41 -2 -136.912 -124.062 -7.53894 16.9445 21.1314 -69.6733 21.1314 42.032 -178.74 -69.6733 -178.74 873.191 
-46 -19 -2 -139.459 -58.5627 -6.32039 2.15935 0.0874312 -26.8697 0.0874312 1.42326 -0.598041 -26.8697 -0.598041 770.679 
-35 -31 -1 -106.816 -94.4844 -4.47026 1.44718 2.0622 -0.688752 2.0622 9.72052 -1.12487 -0.688752 -1.12487 2.13488 
-46 -30 -1 -139.982 -91.4024 -5.4575 1.38749 -0.242107 1.57559 -0.242107 1.39383 -1.50967 1.57559 -1.50967 9.08519 
-29 -25 -1 -88.5135 -76.6824 -4.29521 1.27667 0.0724766 -0.0826441 0.0724766 1.41109 0.196337 -0.0826441 0.196337 5.96134 
-48 -27 -2 -145.519 -82.4911 -6.71004 1.32037 -0.0190413 0.214482 -0.0190413 1.36843 -2.33166 0.214482 -2.33166 74.5317 
-44 -25 -2 -134.003 -76.8098 -6.22516 1.79755 0.283972 -3.29545 0.283972 1.26714 0.707384 -3.29545 0.707384 127.967 
-36 -16 -1 -108.783 -50.5449 -4.33417 2.6242 0.233775 -1.68671 0.233775 13.515 -0.993492 -1.68671 -0.993492 2.3161 
-22 -26 1 -67.3085 -78.8891 3.35945 2.25735 -1.00208 0.350216 -1.00208 2.56909 -0.717375 0.350216 -0.717375 6.98317 
-48 -29 -2 -145.414 -88.4521 -6.77767 7.28831 0.147219 -33.4002 0.147219 1.29818 -0.510302 -33.4002 -0.510302 187.357 
-43 -32 -2 -130.773 -96.8858 -6.50285 6.38221 0.695529 9.89742 0.695529 14.0791 -33.5784 9.89742 -33.5784 111.847 
-43 -33 -2 -130.212 -99.5202 -6.77993 19.0162 -9.92948 -8.71845 -9.92948 10.8164 7.05647 -8.71845 7.05647 46.2726 
-27 -27 0 -82.4159 -81.6779 -1.89511 1.38 1.36701 -0.180363 1.36701 10.0008 -1.95502 -0.180363 -1.95502 2.04332 
-34 -31 0 -102.563 -94.7019 -0.992814 4.60217 3.66967 -0.196866 3.66967 11.7332 0.0961379 -0.196866 0.0961379 0.810517 
-47 -33 -2 -143.012 -100.56 -7.03958 2.71264 -0.319624 0.001027 -0.319624 1.40097 1.26131 0.001027 1.26131 21.8438 
-17 -26 -1 -52.5661 -79.5545 -3.98478 1.46109 0.287742 7.29597 0.287742 2.05694 13.8907 7.29597 13.8907 251.952 
-47 -27 -2 -142.382 -82.5096 -6.62795 1.41484 0.00881202 -1.929 0.00881202 1.29561 1.47778 -1.929 1.47778 100.467 
-34 -31 -2 -102.707 -94.774 -6.58254 12.232 14.5577 -3.93096 14.5577 21.2315 -6.54615 -3.93096 -6.54615 9.45426 
-45 -16 -2 -136.358 -50.5358 -6.54199 6.28571 0.076511 -88.329 0.076511 18.3013 13.352 -88.329 13.352 1728.94 
-38 -26 -1 -115.082 -79.7593 -4.52159 1.92282 0.126585 -0.934137 0.126585 1.8336 0.700561 -0.934137 0.700561 2.05757 
-49 -31 -2 -148.465 -94.5349 -7.06817 2.80785 -0.446905 41.3322 -0.446905 1.48532 -14.3435 41.3322 -14.3435 1128.86 
-23 -22 -1 -69.8335 -68.3547 -3.27237 2.12827 -0.923392 -2.32185 -0.923392 4.70385 -4.74713 -2.32185 -4.74713 42.9437 
-43 -40 -2 -129.902 -120.728 -7.15374 1.11458 -1.02979 -1.7208 -1.02979 7.86619 -9.58291 -1.7208 -9.58291 32.169 
-21 -22 -1 -64.5894 -67.9581 -3.89862 1.46628 -0.36566 0.547528 -0.36566 3.85199 -1.0999 0.547528 -1.0999 4.06842 
-46 -35 -2 -139.684 -106.457 -7.42967 1.9337 0.64501 13.3549 0.64501 1.87135 13.7684 13.3549 13.7684 342.849 
-48 -32 -2 -145.662 -97.4517 -7.08211 2.40326 0.251457 -16.9706 0.251457 1.38287 -5.23559 -16.9706 -5.23559 242.054 
-48 -33 -2 -145.637 -100.583 -7.1547 2.58468 0.971206 -18.4843 0.971206 1.82588 -12.4409 -18.4843 -12.4409 291.023 
-48 -19 -2 -145.512 -58.3924 -6.55264 2.56809 0.20325 -16.2274 0.20325 1.31842 -2.97111 -16.2274 -2.97111 249.48 
-48 -34 -2 -145.548 -103.396 -7.25307 1.29773 -0.194126 0.694716 -0.194126 1.47435 -3.39903 0.694716 -3.39903 164.628 
-49 -35 -2 -148.448 -106.507 -7.15668 1.47419 -0.073322 2.62528 -0.073322 1.3244 0.882294 2.62528 0.882294 244.804 
-33 -21 0 -100.673 -65.5092 -1.90163 1.39618 0.574771 0.307787 0.574771 2.61978 -0.511501 0.307787 -0.511501 2.15902 
-30 -34 -2 -91.9425 -103.51 -6.6648 1085.03 -47.6565 -326.185 -47.6565 3.29632 14.9497 -326.185 14.9497 238.222 
-49 -32 -2 -148.33 -97.5288 -7.13972 1.50588 -0.0940797 4.46817 -0.0940797 1.40276 -2.68612 4.46817 -2.68612 267.966 
-47 -36 -2 -142.595 -109.602 -7.23354 1.69261 0.400502 8.11799 0.400502 1.50358 6.61994 8.11799 6.61994 231.495 
-26 -25 0 -79.1547 -77.6506 -2.48574 4.32266 -0.33664 3.44414 -0.33664 33.5262 -0.559228 3.44414 -0.559228 13.2101 
-43 -29 -1 -130.378 -88.2841 -5.98262 54.5488 13.6352 -14.5695 13.6352 4.55757 0.686942 -14.5695 0.686942 1063.02 
-47 -26 -2 -142.453 -79.5799 -6.55122 1.38864 0.0168685 -0.766995 0.0168685 1.63957 -3.575 -0.766995 -3.575 49.4574 
-48 -36 -2 -145.551 -109.527 -7.16071 1.51456 0.0828672 2.90193 0.0828672 1.4529 3.46668 2.90193 3.46668 205.188 
-18 -26 1 -55.3208 -79.4069 3.96907 1.26711 -0.0696219 0.41174 -0.0696219 1.57953 -0.11106 0.41174 -0.11106 2.17262 
-47 -37 -2 -142.63 -112.386 -7.00341 1.59078 0.0126228 4.52104 0.0126228 1.6972 7.76072 4.52104 7.76072 157.61 
-25 -18 0 -75.8658 -55.5387 -0.75 1268.01 -43.2155 31.1933 -43.2155 2.93653 -1.15083 31.1933 -1.15083 2.0775 
-46 -37 -2 -139.331 -112.241 -7.17572 1.79743 0.694864 8.5353 0.694864 2.07275 11.5698 8.5353 11.5698 205.167 
-20 -26 0 -62.8084 -80.4364 -1.8454 58.0995 9.39996 3.85705 9.39996 7.57545 0.102438 3.85705 0.102438 2.27392 
-45 -38 -2 -136.404 -115.551 -7.16041 1.28834 0.344598 2.97647 0.344598 1.68025 9.10986 2.97647 9.10986 206.749 
-42 -25 -1 -127.376 -76.7616 -4.75311 1.75237 0.159153 -0.151674 0.159153 2.00229 0.571219 -0.151674 0.571219 0.962523 
-43 -24 -1 -129.935 -73.2248 -5.26584 2.78008 -0.57592 0.639401 -0.57592 2.83135 -1.07025 0.639401 -1.07025 4.86569 
-49 -38 -2 -148.51 -115.484 -7.14155 1.46361 -0.138347 2.58731 -0.138347 1.33804 -1.58107 2.58731 -1.58107 241.793 
-46 -24 -2 -139.813 -73.6726 -6.39011 1.68961 -0.233533 -0.924942 -0.233533 1.59296 1.24162 -0.924942 1.24162 34.044 
-20 -22 1 -62.179 -68.4057 3.48843 3.00563 0.546566 -0.0288266 0.546566 4.06426 1.90801 -0.0288266 1.90801 7.28662 
-48 -26 -1 -144.475 -78.1609 -3.39619 19.1795 -23.1122 7.90617 -23.1122 143.024 -4.73772 7.90617 -4.73772 9.69236 
-42 -39 -2 -127.687 -118.729 -6.94899 3.1687 -2.46531 -3.09214 -2.46531 3.18497 1.80474 -3.09214 1.80474 11.9938 
-34 -26 -1 -103.427 -79.8205 -4.29396 1.39615 -0.107999 -0.282867 -0.107999 1.31804 1.3573 -0.282867 1.3573 5.4949 
-43 -39 -2 -130.306 -118.256 -7.13689 1.58613 0.55918 -3.17374 0.55918 1.28523 0.20788 -3.17374 0.20788 42.0864 
-25 -25 0 -75.5436 -77.3632 -2.59058 3.16839 -1.68365 -1.83431 -1.68365 6.90011 2.12523 -1.83431 2.12523 14.0121 
-29 -24 -1 -88.4912 -73.5021 -4.6597 1.3768 -0.041933 -1.93473 -0.041933 1.33465 3.98169 -1.93473 3.98169 127.468 
-45 -39 -2 -136.615 -118.241 -7.15696 1.47091 0.0885039 -4.87905 0.0885039 1.93741 -7.37121 -4.87905 -7.37121 126.086 
-47 -25 -2 -142.683 -76.5896 -6.42456 1.88368 0.0179281 2.63657 0.0179281 1.40815 -1.3385 2.63657 -1.3385 38.9421 
-42 -27 -2 -128.4 -82.8125 -6.02907 8.20226 -0.39317 -63.6972 -0.39317 1.92072 4.41796 -63.6972 4.41796 1893.89 
-17 -28 -1 -52.0465 -85.361 -3.31354 11.0661 0.724844 11.4673 0.724844 1.84681 0.291115 11.4673 0.291115 62.23 
-36 -31 -1 -108.762 -93.8003 -4.45594 165.026 15.3511 1.86758 15.3511 5.29513 0.158706 1.86758 0.158706 1.51575 
-49 -39 -2 -148.552 -118.482 -7.21333 1.43292 -0.138841 3.34796 -0.138841 1.7368 -7.64784 3.34796 -7.64784 194.581 
-41 -17 -2 -124.629 -52.3225 -6.04654 1.8346 -1.36739 -27.5381 -1.36739 4.02123 44.3581 -27.5381 44.3581 1079.44 
-46 -40 -2 -139.733 -121.373 -7.28542 1.92871 0.0200054 6.46638 0.0200054 2.27413 -16.5521 6.46638 -16.5521 281.071 
-17 -20 0 -52.7522 -61.3925 -1.90386 1.54718 0.484506 1.25727 0.484506 2.4694 -1.10908 1.25727 -1.10908 9.21214 
-32 -21 0 -97.8329 -65.7607 -1.95585 1.61721 4.99681 0.434655 4.99681 149.378 -3.3246 0.434655 -3.3246 2.80666 
-38 -36 -2 -115.455 -110.461 -8.34008 245.684 651.208 890.935 651.208 1790.55 2287.57 890.935 2287.57 4472.83 
-45 -30 -2 -136.812 -91.315 -6.29764 1.41983 0.127628 -0.0978949 0.127628 1.9144 6.4322 -0.0978949 6.4322 85.4753 
-40 -20 -1 -121.499 -61.6829 -5.61227 2.2019 0.184027 -9.16123 0.184027 1.38203 0.701128 -9.16123 0.701128 114.253 
-28 -26 -1 -85.4696 -78.7813 -4.06656 1.50376 -0.432561 -1.35536 -0.432561 2.58785 3.77583 -1.35536 3.77583 32.5275 
-44 -32 -2 -133.874 -96.8716 -6.48284 1.62848 -1.21048 0.636801 -1.21048 4.72303 -8.06446 0.636801 -8.06446 36.8674 
-32 -22 0 -97.7945 -67.3481 -1.90834 2.07527 -0.363982 0.46167 -0.363982 1.67677 -0.126053 0.46167 -0.126053 2.67438 
-48 -28 -2 -145.584 -85.6422 -6.84887 1.80538 0.275015 -8.15814 0.275015 1.62437 -5.24719 -8.15814 -5.24719 185.647 
-22 -27 0 -67.4954 -81.6315 -1.50179 1.51857 0.37153 -0.0116652 0.37153 6.65312 0.0023803 -0.0116652 0.0023803 1.63059 
-49 -41 -2 -148.532 -124.385 -7.53447 1.51428 -0.701639 6.79492 -0.701639 2.83351 -18.2557 6.79492 -18.2557 269.591 
-21 -27 -1 -64.4712 -81.7855 -3.66548 1.33486 -0.17731 -0.43378 -0.17731 5.44774 0.946109 -0.43378 0.946109 7.80199 
-35 -23 -1 -106.564 -70.3689 -5.07168 3.54367 -0.772828 -53.9716 -0.772828 1.67076 18.4712 -53.9716 18.4712 1372.37 
-30 -22 -1 -91.5528 -68.1966 -3.74994 1.791 -1.31582 0.597639 -1.31582 5.3616 -3.64104 0.597639 -3.64104 6.4483 
-31 -44 -2 -95.6724 -132.563 -7.5678 102.519 -7.59763 -11.5397 -7.59763 8.43015 0.847588 -11.5397 0.847588 3.4794 
-41 -22 -1 -124.468 -67.5783 -5.85494 3.24456 -0.230193 -50.7123 -0.230193 1.44664 6.22714 -50.7123 6.22714 1388.74 
-35 -24 -1 -106.461 -73.5795 -5.00014 2.82917 -1.25889 -43.277 -1.25889 2.29688 33.7837 -43.277 33.7837 1263.28 
-44 -40 -2 -133.1 -120.557 -7.31949 2.11851 1.10987 11.4791 1.10987 12.5114 -16.238 11.4791 -16.238 716.25 
-33 -44 -2 -99.1971 -134.157 -7.47762 275.371 -28.1055 5.36331 -28.1055 9.00052 -1.16612 5.36331 -1.16612 1.33299 
-36 -38 -2 -109.355 -115.681 -8.25736 5.27425 0.353862 -45.4109 0.353862 6.1236 -31.0344 -45.4109 -31.0344 610.702 
-21 -26 -1 -64.5454 -79.8018 -3.80882 1.55573 0.212605 0.166673 0.212605 1.96157 0.751915 0.166673 0.751915 4.80431 
-48 -20 -2 -145.515 -61.4436 -6.58227 1.70512 -0.118473 -15.2647 -0.118473 1.32851 9.36659 -15.2647 9.36659 1258.38 
-45 -40 -2 -136.607 -121.413 -7.34477 2.47395 -1.95164 14.8794 -1.95164 4.16087 -26.6446 14.8794 -26.6446 247.65 
-33 -20 0 -101.889 -62.52 -1.37048 699.281 2.71927 -41.5774 2.71927 11.9324 0.778055 -41.5774 0.778055 15.5855 
-49 -44 -2 -148.21 -133.657 -8.14931 1.63553 0.151165 2.67003 0.151165 2.8836 -18.0353 2.67003 -18.0353 219.207 
-49 -22 -2 -148.621 -67.4197 -6.589 1.24228 -0.0183681 -6.03889 -0.0183681 1.29264 5.28378 -6.03889 5.28378 549.307 
-44 -21 -2 -133.396 -64.7897 -6.18471 2.24809 -0.461198 -18.1412 -0.461198 1.51035 3.79628 -18.1412 3.79628 582.845 
-36 -16 0 -108.235 -50.4924 -2.18488 44.1686 7.41436 -4.97941 7.41436 12.8904 -1.76684 -4.97941 -1.76684 2.11095 
-24 -27 -1 -73.4798 -81.6913 -3.69548 1.48802 -0.481308 0.298806 -0.481308 10.9218 -0.0101017 0.298806 -0.0101017 6.10215 
-36 -30 -2 -108.722 -91.9755 -6.27976 2176.9 -49.5211 -181.756 -49.5211 3.35615 5.29049 -181.756 5.29049 55.2808 
-33 -26 -1 -100.433 -79.3701 -3.9377 1.54579 -0.179888 -0.978818 -0.179888 1.00037 -0.10856 -0.978818 -0.10856 5.11309 
-42 -17 -2 -127.712 -52.484 -6.14528 1.51275 -0.781815 -21.3557 -0.781815 3.06362 39.5281 -21.3557 39.5281 848.644 
-34 -33 -2 -102.781 -100.63 -7.6327 1109.01 -30.2864 12.1945 -30.2864 2.20807 -0.241233 12.1945 -0.241233 2.83875 
-47 -18 -1 -142.994 -56.2511 -3.77541 2.35269 1.00235 -1.10963 1.00235 4.04812 -1.74293 -1.10963 -1.74293 3.11031 
-47 -34 -1 -143.011 -102.199 -4.8697 11.5885 1.04456 -3.85328 1.04456 32.2981 8.89156 -3.85328 8.89156 19.8254 
-35 -26 -1 -106.592 -79.8727 -4.36346 1.39838 0.0415974 0.310342 0.0415974 2.14464 2.78652 0.310342 2.78652 7.33407 
-47 -34 -2 -142.774 -103.526 -7.29349 2.54659 -0.589703 11.73 -0.589703 3.56655 -17.5166 11.73 -17.5166 173.189 
-49 -17 -2 -148.403 -52.5448 -6.6246 1.36176 0.200531 -1.34715 0.200531 1.34433 0.420213 -1.34715 0.420213 133.991 
-21 -23 -1 -64.458 -70.2245 -4.39859 1.17786 0.14422 -0.906702 0.14422 1.72465 -1.9171 -0.906702 -1.9171 8.32267 
-47 -24 -1 -142.724 -72.8379 -4.50445 6.07737 0.404661 3.92074 0.404661 2.18636 -0.533196 3.92074 -0.533196 3.53423 
-45 -35 -2 -136.568 -106.623 -7.52833 1.26805 -0.30625 2.30127 -0.30625 1.59037 -2.98914 2.30127 -2.98914 79.8478 
-49 -20 -2 -148.429 -61.5662 -6.5825 1.412 -0.012682 -7.48065 -0.012682 1.2993 -9.61418 -7.48065 -9.61418 1190.74 
-42 -44 -2 -126.42 -134.71 -7.68544 15.5105 8.60802 -0.703974 8.60802 8.72173 1.58421 -0.703974 1.58421 9.38617 
-46 -23 -1 -139.363 -70.3931 -5.49966 3.50679 -1.00806 -2.32402 -1.00806 1.92889 2.5877 -2.32402 2.5877 13.1388 
-47 -43 -2 -142.487 -130.895 -8.04715 1.60769 -0.34946 5.97099 -0.34946 3.54849 -14.683 5.97099 -14.683 179.439 
-36 -30 0 -108.736 -91.5034 -1.65377 1325.66 -48.3211 11.4354 -48.3211 3.09093 -0.406367 11.4354 -0.406367 1.80977 
-46 -43 -2 -139.937 -130.439 -8.0402 5.0573 -1.91377 -6.04734 -1.91377 2.14698 -3.77171 -6.04734 -3.77171 197.944 
-46 -44 -2 -140.251 -132.742 -8.15719 3.82439 -3.66612 40.8514 -3.66612 7.94518 -77.452 40.8514 -77.452 1269.09 
-48 -49 -2 -145.736 -147.673 -8.10908 122.117 -49.5014 -11.4039 -49.5014 42.8996 8.09873 -11.4039 8.09873 3.8246 
-31 -49 -3 -94.1387 -148.838 -9.70576 149.879 -11.4202 -37.8962 -11.4202 25.4511 23.9568 -37.8962 23.9568 31.043 
-43 -38 -2 -130.496 -115.6 -7.17311 1.48959 -0.29507 -4.0452 -0.29507 1.53858 4.72093 -4.0452 4.72093 125.459 
-42 -30 -2 -128.31 -91.5797 -6.02802 6.6576 1.03138 -42.9367 1.03138 1.47568 -14.7563 -42.9367 -14.7563 1228.99 
-28 -24 0 -85.8733 -74.1479 0.440585 1.73403 0.336176 -0.0940165 0.336176 2.53932 -0.537497 -0.0940165 -0.537497 0.891925 
-40 -28 -1 -121.592 -85.3457 -5.55244 5.73966 -2.02003 -67.9409 -2.02003 2.23915 30.3329 -67.9409 30.3329 1033.74 
-22 -29 0 -67.3315 -89.6116 -1.61414 1.43448 0.0414191 -5.08255 0.0414191 2.99661 -3.97752 -5.08255 -3.97752 61.8352 
-32 -44 -2 -97.7491 -133.656 -7.11242 5.29993 -5.07769 1.75015 -5.07769 7.23951 -0.146406 1.75015 -0.146406 2.99883 
-38 -28 -1 -116.328 -84.3985 -5.19318 8.25045 -6.58005 26.6425 -6.58005 14.3661 -26.5053 26.6425 -26.5053 155.045 
-48 -23 -2 -145.462 -70.5538 -6.38267 5.00032 -1.11457 -21.1819 -1.11457 1.61077 5.87019 -21.1819 5.87019 127.782 
-43 -23 -2 -130.734 -70.2895 -6.06582 7.05597 -0.874736 -89.8859 -0.874736 2.81093 31.3313 -89.8859 31.3313 1932.56 
-46 -20 -2 -139.495 -61.5512 -6.36099 2.55804 1.08215 -16.3857 1.08215 2.36002 -14.6968 -16.3857 -14.6968 246.673 
-43 -26 -1 -130.402 -79.0957 -5.5005 1.72446 -0.190218 0.949577 -0.190218 2.8484 -2.01758 0.949577 -2.01758 14.6218 
-28 -29 0 -86.2945 -87.2119 -1.92188 13.8786 202.732 0.174672 202.732 4379.2 -28.1599 0.174672 -28.1599 27.6006 
-49 -29 -2 -148.519 -88.4344 -6.93555 1.42522 -0.23544 3.42226 -0.23544 1.61954 -7.14925 3.42226 -7.14925 234.632 
-29 -24 0 -88.1373 -74.3458 0.202935 1.5654 -0.934823 -0.0233226 -0.934823 3.62306 -0.543132 -0.0233226 -0.543132 0.701235 
-39 -16 -2 -118.129 -50.472 -6.13925 2.97672 0.978419 -5.79042 0.978419 7.13093 1.81073 -5.79042 1.81073 2744.47 
-25 -26 0 -76.3144 -79.5664 -1.84786 1.70051 -0.427849 -0.237971 -0.427849 2.24669 0.305295 -0.237971 0.305295 2.34476 
-31 -21 -1 -95.7746 -65.8793 -3.38405 59.3553 -287.092 20.0158 -287.092 23616 -2286.82 20.0158 -2286.82 247.411 
-18 -26 -1 -55.7219 -79.6202 -3.84341 1.39685 0.198152 0.703406 0.198152 1.46162 1.16448 0.703406 1.16448 10.2929 
-28 -22 0 -86.5595 -66.1376 -2.27638 17.9178 118.934 0.562826 118.934 6198.01 36.2482 0.562826 36.2482 6.4146 
-41 -45 -2 -125.592 -135.474 -7.30489 17.3808 -3.97631 0.737587 -3.97631 7.52037 -0.361687 0.737587 -0.361687 1.57004 
-18 -20 0 -54.8878 -62.2588 -1.75503 3.51112 -4.09359 5.11492 -4.09359 12.2639 -6.77244 5.11492 -6.77244 26.9902 
-47 -31 -2 -142.505 -94.5158 -6.44447 1.48544 0.800324 -5.14522 0.800324 4.48569 -17.7075 -5.14522 -17.7075 102.996 
-43 -25 -2 -131.061 -76.3162 -6.11202 8.73598 1.28861 -86.3813 1.28861 1.71504 -17.6081 -86.3813 -17.6081 1469.26 
-48 -48 -2 -144.729 -145.033 -8.68208 11.4781 13.0151 59.4969 13.0151 19.4837 104.358 59.4969 104.358 672.839 
-47 -44 -2 -142.63 -133.52 -8.22683 2.04087 0.549827 -8.41349 0.549827 2.70811 -21.0754 -8.41349 -21.0754 254.796 
-48 -39 -2 -145.67 -118.573 -7.09529 1.52018 0.139546 -5.4901 0.139546 1.62371 -3.76161 -5.4901 -3.76161 115.041 
-19 -18 0 -58.8026 -55.425 -0.33382 984.974 -26.8851 9.45878 -26.8851 2.13953 -0.258339 9.45878 -0.258339 2.03412 
-34 -18 0 -104.111 -54.7849 0.672042 3.33189 1.12986 -0.42479 1.12986 6.28812 -1.7275 -0.42479 -1.7275 1.08797 
-42 -22 -2 -128.759 -66.8972 -6.01696 110.495 -26.3619 -232.922 -26.3619 9.08931 78.2264 -232.922 78.2264 2389.86 
-46 -33 -2 -140.027 -100.353 -6.68047 1.12296 -0.0920964 -0.433494 -0.0920964 1.18146 -0.0271141 -0.433494 -0.0271141 5.25177 
-43 -26 -2 -130.699 -79.7479 -6.11263 4.07974 0.782804 -60.7029 0.782804 2.24517 -17.5843 -60.7029 -17.5843 1355.42 
-40 -34 -2 -121.561 -104.762 -8.09175 3.53332 -28.8646 46.725 -28.8646 596.403 -828.982 46.725 -828.982 1310.91 
-47 -48 -2 -143.01 -145.156 -8.83636 6.25155 -9.02641 79.8051 -9.02641 19.4441 -139.308 79.8051 -139.308 1385.26 
-47 -32 -2 -142.611 -97.0851 -7.00658 1.46632 -0.81423 4.90317 -0.81423 3.90257 -22.7999 4.90317 -22.7999 221.215 
-19 -29 0 -58.6271 -87.9155 -1.72632 3.78851 3.82775 -1.57821 3.82775 10.03 -1.06341 -1.57821 -1.06341 5.85228 
-33 -23 -1 -100.795 -70.4528 -4.48488 1.18656 0.540571 -0.0786612 0.540571 1.95281 -1.55095 -0.0786612 -1.55095 7.15579 
-48 -40 -2 -145.776 -121.506 -7.27516 1.86007 0.380042 -4.93392 0.380042 1.7554 -7.54129 -4.93392 -7.54129 100.468 
-34 -19 0 -103.533 -58.1189 -1.45296 1.64651 -0.727296 0.44482 -0.727296 1.56485 -0.372672 0.44482 -0.372672 1.74569 
-46 -16 -2 -139.532 -50.4616 -6.64092 1.46087 0.749996 -7.92736 0.749996 11.185 25.241 -7.92736 25.241 1085.66 
-44 -27 -2 -133.587 -82.4815 -6.22838 3.59601 -0.643846 -47.6478 -0.643846 1.40723 13.5298 -47.6478 13.5298 978.872 
-37 -29 -1 -111.095 -87.188 -4.46215 498.176 192.431 19.3356 192.431 121.564 16.8542 19.3356 16.8542 7.78181 
-39 -18 -1 -118.004 -54.3719 -4.30607 486.772 428.912 -8.12969 428.912 388.058 -12.4178 -8.12969 -12.4178 4.20661 
-43 -35 -2 -130.292 -107.012 -7.72335 1.47604 0.151314 1.94614 0.151314 3.35387 -0.8437 1.94614 -0.8437 19.1507 
-35 -17 0 -106.439 -52.4195 -0.297121 4.36961 2.87787 -1.3173 2.87787 3.25931 -0.878409 -1.3173 -0.878409 0.930423 
-43 -41 -2 -130.911 -123.436 -7.68479 98.8521 16.7574 -572.826 16.7574 9.01538 -108.519 -572.826 -108.519 4408.45 
-33 -36 -2 -100.71 -109.236 -8.4168 5.67827 6.84388 -40.1495 6.84388 9.82799 -50.1851 -40.1495 -50.1851 575.123 
-43 -31 -2 -130.735 -94.0339 -6.07547 2.18232 -0.686247 -25.1179 -0.686247 2.83443 13.4524 -25.1179 13.4524 899.421 
-49 -40 -2 -148.446 -121.508 -7.36504 1.59144 0.182255 2.15288 0.182255 2.67258 -18.8065 2.15288 -18.8065 246.547 
-25 -24 -1 -76.5916 -73.5881 -4.58423 1.54036 0.457633 11.5573 0.457633 3.10943 48.022 11.5573 48.022 1229 
-47 -25 -1 -143.13 -76.8803 -4.34722 2.96743 -0.11952 1.48114 -0.11952 2.26397 0.486006 1.48114 0.486006 2.00448 
-25 -21 0 -76.2143 -64.592 -0.813785 61.1796 -4.03275 -0.865302 -4.03275 1.6483 -0.0295443 -0.865302 -0.0295443 0.979406 
-47 -35 -2 -142.625 -106.597 -7.33419 2.07681 0.494073 17.2422 0.494073 1.69309 13.1013 17.2422 13.1013 390.23 
-42 -21 -2 -128.18 -64.3394 -6.01817 4.15327 -1.08584 -18.805 -1.08584 1.452 4.92324 -18.805 4.92324 1066.6 
-44 -31 -1 -133.937 -94.3318 -5.33661 3.37513 1.09181 -0.20005 1.09181 4.57849 -0.69287 -0.20005 -0.69287 1.42327 
-48 -22 -2 -145.603 -67.4614 -6.57989 1.99438 -0.373695 -28.1029 -0.373695 1.50612 16.893 -28.1029 16.893 1282.43 
-47 -25 0 -143.418 -77.0984 -2.1381 6.11454 0.876854 1.04449 0.876854 3.29922 0.02807 1.04449 0.02807 4.28417 
-36 -29 -1 -108.972 -88.3796 -4.38124 3.14594 1.67899 -0.0911726 1.67899 2.28372 -0.0749514 -0.0911726 -0.0749514 2.182 
-46 -30 -2 -139.863 -91.431 -6.36202 1.69495 -0.546268 -3.08264 -0.546268 2.56159 9.19981 -3.08264 9.19981 76.8625 
-46 -47 -2 -139.477 -142.865 -8.86785 5.19543 -6.50135 62.2079 -6.50135 12.4379 -86.4072 62.2079 -86.4072 1054.08 
-36 -20 0 -110.149 -60.3336 -2.46278 6.05565 1.02299 0.00278384 1.02299 20.9663 1.53052 0.00278384 1.53052 10.9339 
-33 -25 0 -99.6089 -77.5768 -2.88876 10.7817 2.70205 22.7693 2.70205 89.7628 221.003 22.7693 221.003 716.788 
-31 -27 0 -94.7906 -81.3959 -1.83576 1.47112 -1.12467 -0.168918 -1.12467 4.2178 -1.50966 -0.168918 -1.50966 2.92255 
-49 -45 -2 -148.787 -136.388 -8.22042 3.651 -1.3004 25.2145 -1.3004 1.33674 -9.36538 25.2145 -9.36538 246.768 
-45 -24 -2 -136.259 -73.7349 -6.32228 2.2992 0.374172 -3.03679 0.374172 1.94488 1.48415 -3.03679 1.48415 44.4943 
-41 -28 -1 -124.423 -85.4721 -5.72909 1.85717 -0.413814 -5.70585 -0.413814 1.57107 3.5631 -5.70585 3.5631 65.8542 
-44 -34 -2 -134.369 -104.364 -7.22767 4.05681 2.24174 4.0707 2.24174 3.25142 3.84646 4.0707 3.84646 11.8687 
-35 -18 -1 -106.473 -55.287 -4.1321 2.43161 -0.6405 -1.95458 -0.6405 1.44497 0.406653 -1.95458 0.406653 4.72086 
-37 -16 -1 -112.328 -50.5461 -5.65781 19.7764 -14.4608 -134.055 -14.4608 21.8039 105.26 -134.055 105.26 957.939 
-48 -47 -2 -146.243 -142.983 -8.55021 59.6965 34.9068 -1.1299 34.9068 23.412 -19.0029 -1.1299 -19.0029 199.764 
-49 -27 -2 -148.503 -82.5012 -6.73557 1.37004 0.123577 -5.96406 0.123577 1.63033 -11.6691 -5.96406 -11.6691 388.317 
-46 -39 -2 -139.247 -118.511 -7.13556 1.92421 0.0715249 -7.70352 0.0715249 1.91379 -13.396 -7.70352 -13.396 407.794 
-16 -24 -1 -50.5515 -73.4642 -4.20107 12.6425 0.165233 -11.3047 0.165233 1.24217 -2.21732 -11.3047 -2.21732 1236.22 
-44 -32 -1 -133.6 -98.0858 -5.51214 0.977453 11.6688 -4.12962 11.6688 429.127 -39.5993 -4.12962 -39.5993 56.1333 
-46 -21 -2 -139.559 -64.4714 -6.44091 5.06814 -0.966839 -69.1996 -0.966839 1.53089 17.5528 -69.1996 17.5528 1268.22 
-31 -49 -2 -93.9345 -149.411 -7.98916 242.097 -32.96 7.40286 -32.96 28.2735 1.37498 7.40286 1.37498 1.3864 
-47 -31 -1 -141.47 -93.0449 -5.77623 7.61086 -14.765 -8.36425 -14.765 841.179 201.678 -8.36425 201.678 84.7148 
-41 -37 -2 -124.902 -111.654 -7.80197 2.1381 -1.07859 2.18054 -1.07859 39.2227 91.3839 2.18054 91.3839 339.764 
-34 -35 -2 -103.135 -105.915 -8.17517 12.0178 3.75867 -6.7735 3.75867 3.34995 -4.06003 -6.7735 -4.06003 8.74068 
-16 -17 0 -50.3751 -52.3257 -1.86762 10.0924 1.25693 0.180818 1.25693 1.90212 0.104788 0.180818 0.104788 3.4043 
-48 -44 -2 -145.127 -133.633 -8.25844 1.94216 -0.09219 4.3386 -0.09219 1.36599 -9.80302 4.3386 -9.80302 152.558 
-30 -45 -2 -91.9852 -137.124 -6.74693 2.97338 18.1864 -4.08232 18.1864 1104.78 -127.983 -4.08232 -127.983 23.4545 
-31 -26 -1 -94.0775 -79.7563 -4.06157 1.98842 -0.587407 -1.44801 -0.587407 2.32237 0.665044 -1.44801 0.665044 4.79337 
-45 -18 -2 -136.393 -55.4612 -6.3042 3.98749 -2.31237 -43.9051 -2.31237 3.27611 42.0065 -43.9051 42.0065 876.582 
-41 -25 0 -125.842 -77.0905 -2.62737 82.7288 -6.01101 12.3822 -6.01101 8.14316 -0.218069 12.3822 -0.218069 16.1717 
-42 -45 -2 -126.331 -135.51 -7.63016 20.8116 1.07461 -2.02418 1.07461 6.33651 -0.124945 -2.02418 -0.124945 4.1408 
-46 -25 -2 -139.571 -76.7936 -6.44502 1.287 0.0579678 -1.44464 0.0579678 1.16233 -1.46205 -1.44464 -1.46205 43.7114 
-42 -32 -1 -128.18 -98.1484 -5.49584 224.002 36.3226 -1.08945 36.3226 189.279 -18.9984 -1.08945 -18.9984 26.1171 
-46 -38 -2 -139.597 -115.234 -7.09283 1.21768 -0.211799 3.60072 -0.211799 1.73075 1.16564 3.60072 1.16564 179.171 
-38 -29 -1 -116.483 -89.2657 -3.82078 8.75977 0.986214 0.403818 0.986214 4.40395 -1.45654 0.403818 -1.45654 4.00644 
-49 -23 -2 -148.52 -70.5478 -6.57129 1.55048 0.0850294 -8.74381 0.0850294 1.30247 -0.0303743 -8.74381 -0.0303743 391.206 
-39 -29 0 -117.595 -89.2766 -2.54423 8.04745 -0.680689 -0.0697427 -0.680689 6.38797 1.96715 -0.0697427 1.96715 12.2637 
-38 -20 -1 -115.987 -61.109 -5.2597 2.17058 0.304013 1.29608 0.304013 1.47105 -1.64803 1.29608 -1.64803 14.7614 
-44 -33 -2 -133.427 -100.191 -6.78408 3.37607 -1.96948 3.43542 -1.96948 6.48423 -0.400905 3.43542 -0.400905 6.58692 
-49 -46 -2 -148.941 -139.45 -8.34357 4.35026 -1.29571 8.42166 -1.29571 2.81643 -17.6225 8.42166 -17.6225 196.041 
-17 -27 0 -52.7222 -82.5291 -1.11126 2.57167 0.121678 0.51624 0.121678 2.41086 -0.616175 0.51624 -0.616175 0.922175 
-44 -38 -2 -133.668 -115.144 -7.22939 1.52161 -0.157068 1.09062 -0.157068 1.52144 4.31148 1.09062 4.31148 154.723 
-49 -26 -2 -148.453 -79.3547 -6.66713 1.48286 -0.0249879 -3.13976 -0.0249879 1.39965 -7.04842 -3.13976 -7.04842 399.987 
-45 -23 -2 -137.022 -70.0758 -6.23665 2.95568 0.390178 -13.0294 0.390178 1.64678 -8.29692 -13.0294 -8.29692 158.862 
-31 -49 0 -93.5871 -149.206 -0.416841 262.939 -17.4519 6.28645 -17.4519 1.90531 -0.348228 6.28645 -0.348228 0.424714 
-44 -35 -2 -133.697 -106.527 -7.64079 2.40074 1.49014 16.4957 1.49014 2.69473 19.875 16.4957 19.875 357.725 
-17 -19 0 -53.3416 -59.2188 -1.37029 1.83899 -0.771721 0.0957793 -0.771721 4.58484 0.660467 0.0957793 0.660467 1.86455 
-26 -26 -1 -79.2899 -79.2663 -3.90091 1.81479 0.127725 -0.191767 0.127725 1.50193 -0.840317 -0.191767 -0.840317 6.34591 
-40 -18 -1 -121.712 -55.9961 -5.75571 2.40477 -0.992075 -9.55138 -0.992075 4.281 56.6488 -9.55138 56.6488 1057.78 
-43 -24 -2 -130.866 -73.5526 -6.07554 5.35281 0.813221 -57.2693 0.813221 1.39366 -13.0291 -57.2693 -13.0291 1223.47 
-41 -18 -1 -124.339 -55.6715 -5.84522 4.53207 -3.9392 -59.4653 -3.9392 7.60655 88.6546 -59.4653 88.6546 1294.33 
-30 -21 0 -91.3759 -65.9592 -2.17835 2.71593 41.4347 0.268334 41.4347 1432.42 -15.1309 0.268334 -15.1309 7.6514 
-23 -23 0 -70.6906 -69.2168 -2.71767 2.4526 -0.165455 -0.094966 -0.165455 63.2108 -33.9238 -0.094966 -33.9238 59.6413 
-16 -19 0 -50.3681 -58.6391 -1.29421 14.9573 0.308342 -2.58172 0.308342 2.87252 -1.12281 -2.58172 -1.12281 4.27643 
-48 -41 -2 -145.793 -124.314 -7.52942 2.09884 0.695391 -8.81659 0.695391 2.41206 -13.4542 -8.81659 -13.4542 149.585 
-48 -42 -2 -145.361 -127.259 -7.75872 2.5912 1.19639 -13.4981 1.19639 2.71579 -15.3941 -13.4981 -15.3941 204.426 
-32 -28 -1 -96.9638 -85.6147 -3.2106 5.15857 -4.72071 -21.0602 -4.72071 5.06524 21.4832 -21.0602 21.4832 387.9 
-26 -24 -1 -79.5044 -73.6374 -4.55754 1.31931 0.257812 4.37008 0.257812 3.28074 49.1815 4.37008 49.1815 1201.02 
-48 -31 -2 -145.404 -94.5026 -6.89725 8.28489 1.72465 -34.0359 1.72465 1.78576 -9.17117 -34.0359 -9.17117 168.945 
-49 -49 -2 -149.138 -149.293 -8.90093 1361.57 987.731 -180.19 987.731 726.162 -70.7292 -180.19 -70.7292 590.896 
-21 -24 0 -64.2029 -73.3325 -0.0597247 1.5036 -0.713508 0.0948057 -0.713508 1.61863 0.218537 0.0948057 0.218537 0.754229 
-42 -26 -1 -127.269 -79.135 -5.49084 1.66508 0.173942 -0.457689 0.173942 1.69653 -0.751203 -0.457689 -0.751203 1.654 
-43 -27 -1 -131.114 -83.7659 -5.18493 3.43341 4.06421 1.24486 4.06421 67.4032 0.875927 1.24486 0.875927 4.16421 
-33 -22 0 -100.715 -67.3062 -1.67774 1.57747 -0.0837652 -0.0800245 -0.0837652 1.83337 0.113716 -0.0800245 0.113716 2.0856 
-48 -18 -2 -145.604 -55.5135 -6.56942 2.53102 -0.0386564 -22.8047 -0.0386564 1.33469 2.17024 -22.8047 2.17024 458.808 
-46 -42 -2 -140.447 -126.997 -7.73079 3.31262 -2.43981 24.2417 -2.43981 7.89809 -78.0057 24.2417 -78.0057 873.261 
-45 -31 -1 -136.486 -93.5939 -5.53042 1.74416 -0.61084 0.487386 -0.61084 4.51285 -2.23808 0.487386 -2.23808 7.8176 
-45 -34 -2 -136.664 -103.997 -6.99649 1.26915 0.638666 0.944436 0.638666 2.88739 1.72782 0.944436 1.72782 5.74134 
-31 -25 -1 -94.5501 -76.008 -4.39278 1.19494 0.302434 -1.18688 0.302434 2.23317 -1.95461 -1.18688 -1.95461 39.7017 
-49 -28 -2 -148.478 -85.5915 -6.85078 1.23009 -0.0466856 1.88652 -0.0466856 1.66662 -7.89845 1.88652 -7.89845 235.731 
-45 -42 -2 -136.544 -126.54 -7.74537 8.21608 -24.4216 114.903 -24.4216 150.355 -583.282 114.903 -583.282 2532.57 
-18 -25 0 -55.4728 -76.6799 0.660749 1.48396 -0.231447 -0.0801009 -0.231447 1.51517 -0.151465 -0.0801009 -0.151465 0.655567 
-46 -36 -2 -139.53 -109.671 -7.35915 1.57233 0.142745 10.31 0.142745 1.23701 4.967 10.31 4.967 266.428 
-48 -23 -1 -144.432 -71.3226 -3.83347 12.2648 -1.95729 1.32298 -1.95729 5.00423 -0.279002 1.32298 -0.279002 1.32449 
-46 -41 -2 -139.693 -123.503 -7.45272 1.52262 -1.52726 8.69359 -1.52726 8.61413 -16.314 8.69359 -16.314 240.588 
-48 -45 -2 -144.843 -135.849 -8.31765 1.09037 0.00729279 0.664286 0.00729279 1.33943 -0.742938 0.664286 -0.742938 193.412 
-49 -42 -2 -148.763 -127.442 -7.74491 1.75287 -0.843812 9.09143 -0.843812 2.51728 -16.6139 9.09143 -16.6139 222.023 
-44 -20 -2 -133.587 -61.7455 -6.09978 1.57103 0.27329 -8.29873 0.27329 2.02307 -13.333 -8.29873 -13.333 413.146 
-46 -27 -2 -139.632 -82.4971 -6.51226 2.69255 0.00747892 -27.8398 0.00747892 1.30592 0.10588 -27.8398 0.10588 538.684 
-42 -38 -2 -127.865 -115.623 -7.02822 2.57226 -0.574045 1.353 -0.574045 2.90957 2.4313 1.353 2.4313 14.4999 
-44 -37 -2 -133.438 -112.534 -7.3432 1.76746 0.815325 8.74129 0.815325 2.38779 17.8697 8.74129 17.8697 231.226 
-47 -22 -2 -142.569 -67.5118 -6.51765 2.46705 -0.623897 -37.0899 -0.623897 1.72793 21.7448 -37.0899 21.7448 1368.08 
-27 -38 -2 -81.584 -115.121 -6.80258 1.38267 1.13041 1.23357 1.13041 8.66966 3.66332 1.23357 3.66332 4.78148 
-29 -27 0 -88.5001 -81.5221 -1.83432 1.62923 0.139014 -0.373611 0.139014 4.21504 -1.33578 -0.373611 -1.33578 2.27134 
-25 -22 -1 -76.4394 -68.5223 -3.40388 1.29328 -0.146607 0.753373 -0.146607 7.97275 0.548946 0.753373 0.548946 32.6156 
-48 -30 -2 -145.396 -91.517 -6.81633 17.5252 1.42707 -62.3983 1.42707 1.45382 -5.60399 -62.3983 -5.60399 244.367 
-42 -35 -2 -127.799 -106.45 -7.70295 1.63797 -0.488403 0.785802 -0.488403 1.04585 -1.10608 0.785802 -1.10608 6.77964 
-42 -18 -1 -127.175 -55.7723 -5.9309 2.32585 -1.63386 -30.8436 -1.63386 9.79871 95.2829 -30.8436 95.2829 1787.4 
-47 -38 -2 -142.506 -115.604 -6.98939 1.37377 -0.117474 2.84586 -0.117474 1.28746 2.0421 2.84586 2.0421 87.1384 
-41 -31 -1 -124.804 -94.1393 -5.74943 1.72022 -0.900651 -4.2199 -0.900651 2.56497 6.57076 -4.2199 6.57076 155.661 
-46 -34 -2 -139.48 -103.412 -7.04398 1.16394 0.499949 -0.0565626 0.499949 2.25617 -1.07563 -0.0565626 -1.07563 4.80955 
-40 -37 -2 -121.702 -111.685 -8.01529 2.89189 11.7678 19.916 11.7678 67.2976 62.8415 19.916 62.8415 680.765 
-29 -27 -1 -88.5388 -81.4074 -3.58969 1.45893 0.0835423 -0.0999906 0.0835423 14.653 6.00216 -0.0999906 6.00216 9.93959 
-42 -37 -2 -128.188 -112.34 -7.53654 2.84983 1.20881 7.07341 1.20881 9.94234 40.1732 7.07341 40.1732 188.266 
-29 -22 0 -88.6412 -66.284 -2.42073 1.54806 -0.46631 -0.276307 -0.46631 9.03516 -5.09772 -0.276307 -5.09772 8.13633 
-33 -28 0 -100.147 -85.8794 -2.22222 3.06806 -1.28269 -1.12776 -1.28269 1.68575 0.877437 -1.12776 0.877437 16.1163 
-44 -19 -1 -132.802 -58.9597 -5.97149 4.21532 -1.42331 -36.2005 -1.42331 2.51977 17.3414 -36.2005 17.3414 1703.45 
-49 -18 -1 -149.731 -54.928 -5.60934 1106.64 2403.33 138.676 2403.33 5397.15 317.16 138.676 317.16 25.4108 
-40 -29 -1 -121.635 -88.4785 -5.5759 1.51963 -0.0398511 -8.0922 -0.0398511 1.68199 -10.9205 -8.0922 -10.9205 478.108 
-30 -25 0 -90.7192 -76.4093 -0.658146 4.17968 0.159985 -0.359516 0.159985 1.63332 0.076212 -0.359516 0.076212 0.932719 
-43 -28 -1 -130.332 -84.7037 -5.45839 4.33935 2.13687 0.165454 2.13687 3.43859 -2.28872 0.165454 -2.28872 6.46928 
-44 -24 -1 -132.879 -73.4495 -5.33414 1.47691 0.0825431 -0.575543 0.0825431 2.45463 -0.558466 -0.575543 -0.558466 7.86147 
-40 -19 -1 -121.575 -58.2868 -5.63327 2.2027 0.616868 17.9941 0.616868 3.26047 43.5858 17.9941 43.5858 971.555 
-36 -26 0 -109.177 -80.7429 -2.20834 1.34893 -1.60797 -0.779369 -1.60797 48.2459 -0.553011 -0.779369 -0.553011 3.03786 
-49 -33 -2 -148.409 -100.464 -7.17081 1.90591 -0.0458005 9.43621 -0.0458005 1.39094 -2.00527 9.43621 -2.00527 255.143 
-27 -24 0 -83.6338 -74.4528 -0.058789 10.2112 2.35251 2.03358 2.35251 9.79392 -0.871747 2.03358 -0.871747 3.73946 
-35 -26 0 -106.47 -80.2493 -1.8124 1.41965 0.0291052 -0.000903844 0.0291052 2.61349 0.511809 -0.000903844 0.511809 3.08158 
-44 -22 -2 -133.349 -67.2748 -6.15028 1.77471 0.214625 -13.8224 0.214625 1.55289 4.10108 -13.8224 4.10108 397.429 
-31 -22 -1 -94.5495 -67.9325 -3.7623 2.12585 1.43713 -1.032 1.43713 3.20785 -2.45092 -1.032 -2.45092 5.80573 
-37 -26 0 -112.567 -80.0442 -2.42172 2.2197 1.3202 -2.4187 1.3202 3.44812 -1.64919 -2.4187 -1.64919 7.78313 
-44 -39 -2 -133.709 -118.19 -7.18794 1.37221 0.11189 1.96538 0.11189 1.66459 -8.59079 1.96538 -8.59079 195.422 
-44 -28 -2 -133.615 -85.5272 -6.24453 3.11216 0.16938 -43.5835 0.16938 1.38402 -5.47154 -43.5835 -5.47154 1010.41 
-47 -41 -2 -142.471 -124.475 -7.51251 1.41365 -0.365848 0.542108 -0.365848 2.19754 -13.1462 0.542108 -13.1462 177.143 
-42 -22 -1 -127.361 -67.5217 -5.93953 1.79847 0.213578 -20.2555 0.213578 1.47398 -5.87998 -20.2555 -5.87998 1303.26 
-30 -44 -2 -91.2246 -133.873 -6.87183 34.0794 -29.6425 29.0849 -29.6425 34.1867 -41.5203 29.0849 -41.5203 61.0488 
-44 -24 -2 -133.467 -73.5849 -6.19995 2.56659 0.903404 -36.4514 0.903404 2.60983 -24.0123 -36.4514 -24.0123 850.287 
-43 -37 -2 -130.68 -112.389 -7.42767 1.70145 1.05673 6.02673 1.05673 4.10582 20.8592 6.02673 20.8592 158.544 
-20 -21 0 -62.0191 -63.5414 1.37855 697.257 17.7122 54.2734 17.7122 8.46177 2.54906 54.2734 2.54906 23.2356 
-47 -28 -2 -142.312 -85.5317 -6.62972 1.57901 -0.0258011 -3.64539 -0.0258011 1.17726 -0.197737 -3.64539 -0.197737 47.4758 
-47 -39 -2 -142.663 -118.364 -7.06086 1.40233 -0.285941 3.14891 -0.285941 1.93152 -10.7087 3.14891 -10.7087 151.251 
-47 -42 -2 -142.491 -126.94 -7.73018 1.80562 0.359181 -3.43311 0.359181 2.87505 -17.1228 -3.43311 -17.1228 207.867 
-49 -25 -2 -148.446 -76.5096 -6.61305 1.41383 0.130098 -2.93855 0.130098 1.50658 -6.73103 -2.93855 -6.73103 326.257 
-42 -28 -2 -128.505 -85.4071 -6.01646 15.067 -1.51954 -55.3084 -1.51954 1.63216 10.0905 -55.3084 10.0905 1447.82 
-44 -23 -1 -133.326 -70.3875 -5.26367 1.20277 0.271686 -0.486515 0.271686 1.04115 0.62984 -0.486515 0.62984 6.83813 
-48 -21 -2 -145.581 -64.4977 -6.59772 1.84316 0.155774 -22.004 0.155774 1.34434 -7.00668 -22.004 -7.00668 989.146 
-19 -23 -1 -58.2294 -70.6915 -3.81666 2.30439 1.14114 -2.41651 1.14114 2.98031 -2.77039 -2.41651 -2.77039 10.6561 
-31 -45 -2 -94.4401 -137.156 -6.83339 5.25457 -5.58108 -0.422653 -5.58108 27.9185 -1.49583 -0.422653 -1.49583 5.67361 
-43 -20 -1 -130.337 -61.4748 -5.92521 1.80864 0.319313 -16.2956 0.319313 1.65456 -9.22215 -16.2956 -9.22215 639.505 
-25 -22 0 -76.1524 -67.5553 -1.62035 1.82618 0.227665 -0.487021 0.227665 3.38117 -2.00801 -0.487021 -2.00801 2.10944 
-36 -23 -1 -109.556 -70.42 -5.17067 2.56754 -0.592861 -39.5577 -0.592861 1.75962 21.8314 -39.5577 21.8314 1287.19 
-44 -26 -1 -133.499 -79.0708 -5.53517 1.94915 0.680653 -0.888872 0.680653 3.22012 -1.23356 -0.888872 -1.23356 10.9001 
-32 -24 -1 -97.8359 -73.6714 -4.54901 1.61243 0.0745865 1.32 0.0745865 1.53774 0.293778 1.32 0.293778 6.53274 
-43 -34 -2 -130.192 -103.937 -7.3078 2.13648 -0.244999 0.925554 -0.244999 41.3417 -20.2877 0.925554 -20.2877 21.9977 
-34 -18 1 -104.225 -54.1488 3.67348 16.4375 8.2942 5.76841 8.2942 101.547 -16.0846 5.76841 -16.0846 10.8874 
-36 -18 -1 -109.193 -55.4949 -4.99077 1.60461 -0.285088 -1.74431 -0.285088 2.43048 2.72068 -1.74431 2.72068 7.94711 
-45 -22 -2 -136.733 -67.4592 -6.2904 2.9924 -0.493704 -44.3324 -0.493704 1.794 15.9793 -44.3324 15.9793 1316.15 
-48 -38 -2 -145.976 -115.513 -6.96993 1.50433 0.323399 -2.53875 0.323399 1.44801 -2.76843 -2.53875 -2.76843 61.8143 
-42 -27 -1 -127.028 -82.5152 -5.93691 2.3899 0.185052 -12.1155 0.185052 1.40443 -5.49609 -12.1155 -5.49609 609.125 
-46 -25 -1 -139.437 -76.7525 -5.42375 1.81149 -0.259108 -1.42932 -0.259108 1.4905 1.79708 -1.42932 1.79708 14.1569 
-43 -42 -2 -131.125 -126.914 -7.37365 182.626 -394.601 -46.1158 -394.601 861.821 103.568 -46.1158 103.568 16.2703 
-45 -28 -2 -136.441 -85.4599 -6.34744 2.23858 0.034629 -17.3597 0.034629 1.33126 -1.27948 -17.3597 -1.27948 353.18 
-29 -22 -1 -88.494 -67.8253 -3.69097 1.55921 -0.669283 1.08898 -0.669283 3.77138 -5.73854 1.08898 -5.73854 14.1898 
-45 -26 -2 -136.443 -79.4171 -6.34308 1.5687 0.207897 -4.68638 0.207897 1.4509 -3.36281 -4.68638 -3.36281 93.3309 
-45 -25 -2 -136.633 -76.8877 -6.33184 1.70431 -0.186681 0.103516 -0.186681 1.52218 0.766723 0.103516 0.766723 55.5712 
-17 -17 0 -52.13 -51.7896 -1.57089 1.44146 0.695769 0.881562 0.695769 2.81641 -0.141202 0.881562 -0.141202 2.03918 
-46 -18 -2 -139.647 -55.519 -6.43037 2.19074 -1.42746 -17.1498 -1.42746 3.57327 45.9295 -17.1498 45.9295 1006.31 
-46 -23 -2 -139.443 -70.1804 -6.34358 1.65501 0.156288 -1.93036 0.156288 1.81331 -2.79129 -1.93036 -2.79129 60.3428 
-43 -36 -2 -130.425 -108.997 -7.63717 1.59898 -0.647485 1.26445 -0.647485 1.89309 -0.00866951 1.26445 -0.00866951 8.56531 
-46 -22 -2 -139.457 -67.3717 -6.42279 3.40243 -0.556353 -48.4555 -0.556353 1.47026 15.9699 -48.4555 15.9699 1248.42 
-45 -21 -2 -136.606 -64.5171 -6.30016 3.44634 -0.125531 -50.6727 -0.125531 1.43119 6.09824 -50.6727 6.09824 1179.89 
-44 -18 -2 -133.641 -55.5374 -6.1871 4.05154 -2.75402 -52.0307 -2.75402 4.43366 54.4112 -52.0307 54.4112 1051.6 
-43 -21 -2 -130.401 -64.7242 -6.08556 2.15509 0.247279 -30.1147 0.247279 1.82314 -13.4064 -30.1147 -13.4064 1062.09 
-36 -30 -1 -108.709 -91.5015 -4.47537 1355.51 -52.0905 9.52031 -52.0905 3.36662 -0.342489 9.52031 -0.342489 1.53157 
-36 -20 -1 -109.781 -60.6031 -4.5882 4.91202 0.293701 2.89993 0.293701 3.81619 -1.96957 2.89993 -1.96957 4.74403 
-45 -17 -2 -136.603 -52.5298 -6.48272 3.26297 -2.44135 -49.7494 -2.44135 4.78511 66.7619 -49.7494 66.7619 1322.72 
-43 -19 -2 -131.652 -58.276 -6.01675 23.8421 -0.665751 4.4571 -0.665751 0.786388 -0.747973 4.4571 -0.747973 766.651 
-46 -32 -2 -139.606 -97.5988 -6.90102 1.35717 -0.0370446 -1.19029 -0.0370446 1.16635 0.0976304 -1.19029 0.0976304 16.5764 
-43 -17 -2 -130.58 -52.4701 -6.23985 4.42673 -2.03821 -50.1371 -2.03821 4.5685 60.2639 -50.1371 60.2639 1166.48 
-21 -26 1 -65.7948 -78.4907 3.64902 40.9234 -8.3146 -2.12419 -8.3146 13.0003 -1.11496 -2.12419 -1.11496 6.83285 
-24 -23 0 -72.9953 -69.7904 -2.86391 4.20285 -1.5084 -4.30106 -1.5084 5.53817 -5.20055 -4.30106 -5.20055 82.9763 
-37 -27 0 -112.132 -82.3446 -2.0563 1.51827 0.482059 -0.275705 0.482059 2.02381 0.822881 -0.275705 0.822881 1.6413 
-43 -16 -2 -130.663 -50.5555 -6.31429 1.73121 -0.350061 -26.9069 -0.350061 13.0757 6.52143 -26.9069 6.52143 1011.13 
-39 -25 -1 -118.55 -76.5177 -5.51567 5.63192 0.42989 -74.2198 0.42989 1.34321 -7.09565 -74.2198 -7.09565 1292.89 
-42 -34 -2 -127.711 -103.944 -7.16726 11.2336 5.03553 -0.625468 5.03553 12.5651 -9.99948 -0.625468 -9.99948 19.85 
-42 -31 -2 -128.405 -93.6525 -6.02804 5.9094 -0.293774 -15.6217 -0.293774 1.47341 11.6083 -15.6217 11.6083 1368.62 
-47 -29 -1 -142.044 -88.3321 -5.40969 8.58718 -2.60455 -3.75037 -2.60455 2.15755 2.37504 -3.75037 2.37504 9.81384 
-34 -22 0 -102.397 -67.0012 -2.08975 8.57208 1.29087 -2.55699 1.29087 3.14293 -0.264014 -2.55699 -0.264014 2.98708 
-34 -20 -1 -104.746 -61.9905 -3.62256 49.1946 4.32039 -11.8462 4.32039 1.71829 -1.54636 -11.8462 -1.54636 19.8871 
-23 -24 -1 -70.4116 -73.57 -4.62039 1.39979 -0.180575 -2.20268 -0.180575 2.06282 30.0936 -2.20268 30.0936 1228.03 
-35 -19 -1 -106.943 -58.7708 -3.93045 2.04967 0.228151 -1.2796 0.228151 1.3778 0.00458763 -1.2796 0.00458763 4.75933 
-47 -26 -1 -142.353 -78.638 -4.86125 4.59437 0.370533 3.64784 0.370533 7.66862 -3.06414 3.64784 -3.06414 5.56936 
-43 -30 -2 -130.45 -91.4201 -6.10987 3.47265 0.501333 -50.4705 0.501333 1.44832 -8.24611 -50.4705 -8.24611 1233.48 
-48 -35 -2 -145.57 -106.56 -7.22246 1.63595 0.244026 5.94412 0.244026 1.54708 4.9962 5.94412 4.9962 214.885 
-39 -22 -1 -118.341 -67.579 -5.45035 3.68758 -0.640518 -51.0328 -0.640518 1.48087 16.2801 -51.0328 16.2801 1139.36 
-37 -26 -1 -112.735 -79.841 -4.23497 1.19803 -0.0408659 0.135775 -0.0408659 2.03193 1.08562 0.135775 1.08562 2.23327 
-43 -29 -2 -130.528 -88.5014 -6.10173 3.95943 -0.151997 -58.1073 -0.151997 1.29827 3.31111 -58.1073 3.31111 1286.98 
-17 -22 -1 -52.3988 -68.159 -3.26308 1.45522 -1.37878 4.0371 -1.37878 5.76327 -14.3292 4.0371 -14.3292 74.9261 
-42 -29 -2 -128.583 -88.6033 -6.0134 10.9275 1.13092 -21.9924 1.13092 1.37689 -5.56783 -21.9924 -5.56783 1236.89 
-17 -24 0 -52.6153 -73.0064 -1.10315 2.81015 -0.952288 0.37795 -0.952288 4.49947 1.98578 0.37795 1.98578 1.40608 
-43 -28 -2 -130.512 -85.5341 -6.10236 3.69596 0.120596 -54.9057 0.120596 1.37119 -1.16868 -54.9057 -1.16868 1285.01 
-42 -23 0 -127.096 -71.6693 -2.20092 3.97734 1.4337 0.249011 1.4337 17.0278 2.35018 0.249011 2.35018 3.33238 
-36 -17 -1 -109.117 -52.2848 -4.8784 1.97857 0.00307171 -1.81421 0.00307171 1.68367 -1.09362 -1.81421 -1.09362 4.37128 
-39 -24 -1 -118.502 -73.524 -5.49542 4.38729 0.376394 -58.5331 0.376394 1.3924 -8.66125 -58.5331 -8.66125 1039.46 
-43 -27 -2 -130.472 -82.5082 -6.11026 3.34059 -0.193662 -49.5905 -0.193662 1.30614 6.37235 -49.5905 6.37235 1236.5 
-42 -26 -2 -128.396 -80.3801 -6.02378 10.9778 3.26165 -113.154 3.26165 19.153 -203.403 -113.154 -203.403 5740.11 
-41 -44 -2 -125.48 -134.724 -7.58218 11.4886 -2.04602 -0.699807 -2.04602 60.0618 -3.10007 -0.699807 -3.10007 5.24042 
-44 -23 -2 -133.563 -70.5032 -6.16496 1.93882 0.978578 -5.9396 0.978578 2.50326 -15.1754 -5.9396 -15.1754 338.506 
-40 -30 -1 -121.698 -91.2266 -5.69045 6.37078 -4.00537 50.8099 -4.00537 4.17469 -39.4232 50.8099 -39.4232 548.899 
-49 -47 -2 -149.226 -142.504 -8.66402 10.6052 5.21717 -34.9039 5.21717 5.17884 -30.3079 -34.9039 -30.3079 258.089 
-43 -22 -2 -130.587 -67.3701 -6.07041 2.05633 -0.210804 -27.6186 -0.210804 1.34181 6.19239 -27.6186 6.19239 923.889 
-41 -20 -1 -124.513 -61.3592 -5.75336 3.03179 0.639863 -37.2029 0.639863 1.80492 -16.6309 -37.2029 -16.6309 1116.79 
-43 -20 -2 -130.807 -62.2919 -6.06324 1.50574 1.35558 -5.57946 1.35558 5.91297 -46.7062 -5.57946 -46.7062 957.95 
-19 -25 1 -57.6802 -76.9048 3.6913 9.23437 -0.352264 -3.55601 -0.352264 1.86347 -0.587277 -3.55601 -0.587277 5.38582 
-42 -20 -2 -128.262 -62.9207 -6.04081 5.19262 7.78462 -41.4186 7.78462 117.912 -254.717 -41.4186 -254.717 4496.97 
-40 -26 -1 -121.545 -79.6972 -5.71651 5.8428 0.920772 -74.2268 0.920772 1.47691 -13.5644 -74.2268 -13.5644 1250.89 
-31 -33 -2 -93.8172 -100.227 -6.56448 133.517 2.73566 47.5833 2.73566 4.64107 -2.01067 47.5833 -2.01067 75.9244 
-43 -18 -2 -130.371 -55.4063 -6.07402 3.77693 -2.92533 -49.0138 -2.92533 5.09477 66.5875 -49.0138 66.5875 1389.8 
-16 -28 0 -50.579 -85.656 -1.82757 22.6866 -2.28637 -2.16825 -2.28637 8.70259 -3.54346 -2.16825 -3.54346 4.5666 
-28 -25 0 -85.7615 -76.4206 -0.482702 1.5463 -0.149256 0.00102457 -0.149256 1.53143 -0.0111409 0.00102457 -0.0111409 0.56911 
-22 -25 -1 -67.4585 -76.6075 -4.24845 1.66898 -0.0332043 -0.570211 -0.0332043 1.75829 1.67143 -0.570211 1.67143 7.47905 
-48 -19 -1 -144.323 -57.9343 -3.44597 12.7383 -0.2308 5.57247 -0.2308 6.62436 -6.05047 5.57247 -6.05047 15.2535 
-46 -31 -2 -139.616 -94.727 -6.37075 1.38534 0.559658 -2.21911 0.559658 9.69956 -38.6277 -2.21911 -38.6277 181.904 
-34 -24 -1 -103.443 -73.5979 -4.9126 2.4329 -0.941226 -38.3269 -0.941226 2.02359 28.6555 -38.3269 28.6555 1203.56 
-21 -22 1 -63.4593 -68.7055 3.53794 17.0491 -22.7223 4.94031 -22.7223 52.1258 -11.15 4.94031 -11.15 26.1786 
-25 -26 -1 -76.4489 -79.6218 -3.87266 1.66558 -0.317892 -0.390947 -0.317892 1.82127 0.503244 -0.390947 0.503244 4.66881 
-42 -16 -2 -127.012 -50.4179 -6.20323 14.5671 7.22485 -31.9379 7.22485 20.0587 75.0642 -31.9379 75.0642 1611.2 
-24 -26 -1 -73.5317 -79.4093 -3.77324 1.44408 0.0871038 0.013016 0.0871038 1.69808 -0.168616 0.013016 -0.168616 4.40952 
-41 -16 -2 -124.325 -50.4548 -6.1163 2.08716 3.98995 -3.72879 3.98995 16.4714 42.8174 -3.72879 42.8174 722.423 
-37 -28 0 -111.5 -85.2155 -0.868396 9.1574 -0.0483818 -0.324534 -0.0483818 2.19776 -0.299576 -0.324534 -0.299576 0.631074 
-41 -34 -2 -125.255 -104.025 -7.9486 11.376 7.83356 -12.4317 7.83356 8.18891 -12.7517 -12.4317 -12.7517 163.322 
-46 -34 -1 -138.661 -102.848 -5.48839 2.01922 1.57581 -2.58889 1.57581 5.36064 -3.01904 -2.58889 -3.01904 10.0043 
-46 -33 -1 -138.65 -100.51 -5.40791 2.48227 -0.477639 -2.27229 -0.477639 1.62741 -0.233529 -2.27229 -0.233529 8.73471 
-26 -22 0 -79.1156 -67.337 -2.66594 6.69328 4.92244 -11.7078 4.92244 5.80644 -10.2468 -11.7078 -10.2468 43.3244 
-45 -33 -1 -136.345 -100.594 -5.40142 55.1033 1.14675 2.41022 1.14675 1.32193 0.293372 2.41022 0.293372 12.244 
-46 -26 -1 -139.544 -78.7513 -5.53953 1.2634 -0.140813 -1.37087 -0.140813 6.76811 -2.53755 -1.37087 -2.53755 13.3908 
-43 -32 -1 -131.846 -97.7347 -5.55342 568.234 -163.407 -23.8311 -163.407 50.1078 14.4126 -23.8311 14.4126 34.476 
-46 -17 -2 -139.508 -52.452 -6.56195 1.66663 -0.508386 -12.0756 -0.508386 4.9745 70.7871 -12.0756 70.7871 1448.44 
-38 -22 -1 -115.431 -67.4164 -5.26566 1.62714 0.0599082 -3.63632 0.0599082 1.61413 -1.85488 -3.63632 -1.85488 30.8342 
-45 -31 -2 -136.719 -94.7464 -6.23079 4.27733 3.95914 -24.4725 3.95914 6.82001 -34.3183 -24.4725 -34.3183 223.604 
-43 -31 -1 -129.994 -95.054 -5.88919 2.72734 -1.06836 -14.8275 -1.06836 6.32247 10.0168 -14.8275 10.0168 185.711 
-33 -21 -1 -100.548 -65.7468 -3.38075 1.61677 -1.27922 -0.948461 -1.27922 183.732 -5.67961 -0.948461 -5.67961 22.5915 
-34 -31 -1 -102.751 -94.6437 -4.57143 3.32449 4.12124 0.129635 4.12124 10.9922 0.30555 0.129635 0.30555 1.40679 
-42 -18 -2 -127.545 -54.4819 -6.02597 2.48861 -1.93169 -1.54529 -1.93169 9.92292 62.141 -1.54529 62.141 1894.26 
-46 -31 -1 -138.857 -93.4371 -5.77634 9.0656 26.9795 61.5423 26.9795 86.7623 192.214 61.5423 192.214 453.768 
-47 -30 -1 -142.088 -91.6501 -5.37516 4.5884 0.527599 -1.62604 0.527599 1.5334 -1.3946 -1.62604 -1.3946 8.15544 
-41 -30 -1 -124.412 -91.557 -5.72936 2.63864 0.279782 -16.1431 0.279782 1.4077 -1.85435 -16.1431 -1.85435 271.313 
-44 -30 -1 -133.354 -91.214 -5.41181 1.701 -0.266721 0.61826 -0.266721 1.75095 -1.47288 0.61826 -1.47288 8.03763 
-25 -27 -1 -76.5639 -81.6182 -3.68746 1.41263 0.436152 0.221708 0.436152 12.6007 1.52771 0.221708 1.52771 6.0215 
-42 -28 -1 -127.443 -85.424 -5.60456 2.0148 0.498304 0.40461 0.498304 1.55213 -0.268497 0.40461 -0.268497 4.15721 
-40 -31 -1 -122.292 -93.9561 -5.70932 6.0942 -0.368544 4.89389 -0.368544 1.85193 1.64519 4.89389 1.64519 26.1807 
-46 -29 -1 -139.58 -88.6512 -5.44613 1.14361 0.446463 0.64556 0.446463 2.41793 2.1356 0.64556 2.1356 11.5933 
-45 -48 -3 -136.84 -145.39 -9.09151 4.50926 35.8999 -34.2837 35.8999 365.175 -334.646 -34.2837 -334.646 777.902 
-45 -29 -1 -136.307 -88.4811 -5.29569 1.85942 -0.633024 -0.785422 -0.633024 2.62692 1.93192 -0.785422 1.93192 7.14283 
-45 -37 -2 -136.554 -112.347 -7.25986 1.60649 0.339265 9.11288 0.339265 2.62861 13.5388 9.11288 13.5388 226.482 
-30 -23 -1 -91.661 -70.1944 -4.4917 1.30818 0.312818 0.4504 0.312818 1.87675 -1.48441 0.4504 -1.48441 6.18019 
-17 -21 0 -52.1728 -65.2118 -1.63261 1.7345 0.200267 -0.509354 0.200267 2.46503 0.509684 -0.509354 0.509684 1.97109 
-44 -29 -1 -133.673 -88.7035 -5.25943 2.12606 0.346422 0.429177 0.346422 3.0607 0.726533 0.429177 0.726533 4.37259 
-42 -32 -2 -128.095 -97.3191 -6.57389 2.00579 -0.271665 -1.33818 -0.271665 3.56877 -4.98481 -1.33818 -4.98481 13.193 
-42 -29 -1 -127.132 -88.5344 -5.50781 2.15913 -0.136499 -0.911416 -0.136499 1.79699 0.512219 -0.911416 0.512219 5.48038 
-36 -21 -1 -109.453 -64.5972 -4.85526 1.50802 0.705009 -1.54673 0.705009 2.92901 -2.56526 -1.54673 -2.56526 13.6386 
-41 -29 -1 -124.597 -88.4412 -5.66037 1.3777 0.149778 0.335065 0.149778 1.44696 -0.18848 0.335065 -0.18848 15.1313 
-24 -26 0 -73.4477 -79.2377 -1.86632 1.35185 0.123244 0.090866 0.123244 1.90181 -0.0493423 0.090866 -0.0493423 2.09935 
-39 -29 -1 -117.89 -89.1899 -3.946 3.40013 0.020026 -0.408645 0.020026 3.99694 -0.404469 -0.408645 -0.404469 2.78303 
-47 -28 -1 -141.588 -86.9671 -5.73972 9.40524 101.132 5.52181 101.132 7871.53 598.643 5.52181 598.643 78.9707 
-37 -19 -1 -111.878 -58.7117 -4.53228 3.60332 0.851231 -1.36659 0.851231 3.91405 0.883957 -1.36659 0.883957 2.62835 
-19 -24 1 -58.089 -73.4178 3.2266 19.7957 9.95248 -19.4243 9.95248 5.76042 -10.7075 -19.4243 -10.7075 54.06 
-19 -27 -1 -58.421 -81.846 -3.61218 1.49988 0.142507 -0.285867 0.142507 4.26072 0.84904 -0.285867 0.84904 10.0731 
-36 -19 -1 -109.656 -58.7264 -4.22134 1.65787 -0.832907 -0.104485 -0.832907 2.72559 0.0484252 -0.104485 0.0484252 2.26844 
-19 -24 -1 -58.3618 -73.2125 -4.29958 1.648 0.101508 -2.63518 0.101508 1.50969 -2.00339 -2.63518 -2.00339 14.7294 
-47 -18 -2 -142.715 -55.5876 -6.39816 1.70187 0.81231 13.3906 0.81231 3.10138 27.682 13.3906 27.682 405.588 
-44 -36 -2 -133.738 -109.033 -7.54669 2.27298 -0.830262 10.1575 -0.830262 4.5956 28.7401 10.1575 28.7401 579.449 
-20 -20 0 -62.0729 -62.1761 1.34985 32.5427 8.7971 -2.65531 8.7971 8.30957 -3.35475 -2.65531 -3.35475 18.5407 
-47 -47 -2 -142.773 -142.181 -8.73059 2.68105 1.90703 -25.9139 1.90703 4.9442 -51.9934 -25.9139 -51.9934 1580.48 
-37 -28 -1 -111.847 -85.3419 -4.29112 4.84773 0.167271 -0.339881 0.167271 1.78585 -0.290685 -0.339881 -0.290685 2.28293 
-44 -27 -1 -133.297 -83.2525 -5.24572 4.28388 8.13489 0.436519 8.13489 23.3446 2.18047 0.436519 2.18047 6.21044 
-19 -24 0 -58.7902 -73.186 0.0655012 1.66476 -0.0998296 -0.248341 -0.0998296 1.60209 -0.0865613 -0.248341 -0.0865613 0.806574 
-48 -25 -2 -145.671 -76.575 -6.51263 4.2677 0.507881 -23.6446 0.507881 1.44258 -3.44717 -23.6446 -3.44717 188.413 
-35 -21 -1 -106.662 -64.7256 -4.02379 2.14476 0.22322 -2.40759 0.22322 2.5292 -0.773435 -2.40759 -0.773435 5.69536 
-16 -27 0 -50.4788 -82.6824 -1.5452 12.4146 -0.0357186 -0.242017 -0.0357186 1.55199 -0.411556 -0.242017 -0.411556 1.82268 
-31 -45 -1 -94.5674 -137.087 -4.48235 6.06689 -6.59639 -0.792759 -6.59639 38.2057 0.979166 -0.792759 0.979166 2.0503 
-34 -25 -1 -103.419 -76.5006 -4.81529 1.94595 -1.45699 -29.277 -1.45699 4.26734 59.5078 -29.277 59.5078 1234.94 
-41 -27 -1 -124.434 -82.5244 -5.84955 3.91938 -0.453015 -56.8633 -0.453015 1.4452 8.09277 -56.8633 8.09277 1207.08 
-40 -27 -1 -121.547 -82.575 -5.68844 3.69635 -1.67928 -31.6925 -1.67928 2.56635 22.0482 -31.6925 22.0482 439.865 
-41 -26 -1 -124.469 -79.414 -5.86601 2.52139 0.162535 -39.4448 0.162535 1.29167 -6.05057 -39.4448 -6.05057 1197.81 
-45 -26 -1 -136.202 -78.6066 -5.44114 1.39959 1.09204 -1.47895 1.09204 13.8613 -5.95088 -1.47895 -5.95088 14.0453 
-45 -25 -1 -136.789 -77.025 -5.42953 1.24839 0.0332913 -0.732515 0.0332913 2.03733 0.83505 -0.732515 0.83505 11.742 
-33 -24 0 -101.496 -74.3959 -1.62231 65.7985 20.7908 1.8566 20.7908 272.959 -14.0468 1.8566 -14.0468 3.61995 
-27 -29 0 -82.2281 -87.6484 -2.16814 1.69831 -0.793687 -1.04082 -0.793687 2.78631 -1.77664 -1.04082 -1.77664 6.80269 
-44 -25 -1 -133.427 -76.9273 -5.4767 0.979806 -0.344131 -0.809102 -0.344131 1.47846 0.646856 -0.809102 0.646856 12.6663 
-43 -25 -1 -130.074 -76.6952 -5.34637 2.24073 -0.244762 0.906099 -0.244762 1.57234 0.607607 0.906099 0.607607 7.43569 
-31 -22 0 -94.3087 -67.1666 -2.54807 3.11303 2.91739 -5.09789 2.91739 6.42997 -8.94791 -5.09789 -8.94791 24.7501 
-41 -25 -1 -124.649 -76.51 -5.70675 1.45867 -0.0126264 1.12806 -0.0126264 1.34209 0.0248482 1.12806 0.0248482 9.15949 
-49 -43 -2 -148.627 -130.448 -7.9504 1.47143 -0.389071 3.45178 -0.389071 2.363 -14.571 3.45178 -14.571 184.603 
-48 -24 -1 -144.491 -73.2247 -4.04325 19.0965 -0.0418766 -0.7041 -0.0418766 0.875261 -0.571243 -0.7041 -0.571243 1.85385 
-46 -24 -1 -139.113 -73.2325 -5.37151 4.85409 1.9151 -2.74656 1.9151 3.24418 -2.70825 -2.74656 -2.70825 10.1281 
-45 -24 -1 -136.204 -73.6961 -5.13222 2.12258 1.11488 0.0268479 1.11488 3.20932 0.331283 0.0268479 0.331283 1.97323 
-42 -24 -1 -127.426 -73.2559 -4.96358 2.06747 -0.295697 0.237888 -0.295697 1.88315 -0.868859 0.237888 -0.868859 1.38009 
-23 -26 -1 -70.618 -79.635 -3.80754 1.18943 0.165718 0.140408 0.165718 1.61142 0.362799 0.140408 0.362799 4.71383 
-41 -24 -1 -124.546 -73.4728 -5.71726 3.41748 0.759427 26.3365 0.759427 1.61685 10.2027 26.3365 10.2027 362.2 
-47 -17 -2 -142.521 -52.4397 -6.51605 1.42051 0.271647 2.57884 0.271647 1.46046 6.53735 2.57884 6.53735 448.398 
-40 -24 -1 -121.577 -73.5142 -5.67101 5.41729 0.242592 -73.1222 0.242592 1.36668 -4.08609 -73.1222 -4.08609 1345.69 
-34 -17 1 -104.21 -53.4803 3.74097 6.30026 0.31167 0.490373 0.31167 9.20174 1.3309 0.490373 1.3309 3.99079 
-47 -23 -1 -143.036 -71.116 -4.52304 2.83693 -1.13515 1.43449 -1.13515 3.40857 0.0272406 1.43449 0.0272406 1.93321 
-28 -25 -1 -85.766 -76.5266 -4.33622 1.57829 -0.00824994 1.44531 -0.00824994 1.46004 -0.0427949 1.44531 -0.0427949 8.84705 
-43 -23 -1 -129.806 -70.7275 -5.32509 1.46876 0.533383 0.649511 0.533383 1.97932 0.870304 0.649511 0.870304 7.47883 
-42 -20 -1 -127.57 -61.5517 -5.87262 3.62266 0.454722 -49.1878 0.454722 1.6096 -17.1925 -49.1878 -17.1925 1183.58 
-49 -30 -2 -148.547 -91.4545 -7.01805 2.06318 -0.605122 25.3358 -0.605122 1.9717 -24.0031 25.3358 -24.0031 870.053 
-42 -23 -1 -127.366 -70.6428 -5.35532 1.63667 0.174579 0.168305 0.174579 1.87727 0.898492 0.168305 0.898492 1.47687 
-38 -37 -2 -115.145 -112.428 -8.21341 41.5808 57.9819 -110.669 57.9819 94.7062 -208.244 -110.669 -208.244 638.602 
-41 -23 -1 -124.51 -70.5304 -5.81782 1.78821 -0.549389 -17.3786 -0.549389 1.72842 14.7184 -17.3786 14.7184 580.236 
-45 -23 -1 -136.419 -70.1522 -5.31077 3.49227 -1.50314 -1.34553 -1.50314 3.94566 5.838 -1.34553 5.838 16.5647 
-34 -23 -1 -103.093 -70.2332 -4.7675 1.82772 0.138515 -3.48786 0.138515 1.70596 -2.18711 -3.48786 -2.18711 18.5213 
-45 -22 -1 -135.575 -68.8607 -5.67713 7.95715 -6.8091 1.91807 -6.8091 142.881 -6.14843 1.91807 -6.14843 22.2696 
-44 -22 -1 -133.19 -68.6275 -5.45095 1.79869 -1.82635 -1.10118 -1.82635 25.3053 -4.6624 -1.10118 -4.6624 14.2904 
-47 -30 -2 -142.447 -91.4685 -6.37158 1.47344 -0.173156 -0.76035 -0.173156 1.57841 2.81177 -0.76035 2.81177 39.6863 
-44 -46 -2 -133.713 -138.302 -7.6591 2.18152 0.326569 -1.17735 0.326569 9.95941 2.47452 -1.17735 2.47452 15.5629 
-43 -22 -1 -130.863 -68.0509 -5.79108 9.02438 -2.83166 10.7109 -2.83166 2.4265 -2.02008 10.7109 -2.02008 20.7958 
-40 -22 -1 -121.51 -67.4486 -5.70915 3.47659 -0.105703 -33.1651 -0.105703 1.25921 1.40316 -33.1651 1.40316 541.021 
-42 -21 -1 -127.194 -64.7018 -5.94038 1.91242 -0.702252 -1.20732 -0.702252 1.87912 0.479512 -1.20732 0.479512 586.415 
-41 -21 -1 -124.417 -64.5421 -5.8432 2.89259 1.12918 -27.3627 1.12918 2.12951 -17.0524 -27.3627 -17.0524 461.304 
-27 -28 0 -81.7196 -85.7664 -2.56818 12.7082 -3.41421 -6.66007 -3.41421 2.31737 0.858219 -6.66007 0.858219 13.3703 
-41 -17 -1 -124.47 -53.6481 -5.97375 3.26871 -1.67533 -15.9515 -1.67533 21.0326 158.716 -15.9515 158.716 3103.13 
-40 -21 -1 -121.578 -64.6429 -5.64769 2.09692 0.409898 -11.1147 0.409898 1.35789 -4.31589 -11.1147 -4.31589 138.987 
-43 -21 -1 -129.731 -64.5864 -5.96512 10.5749 -0.276487 -70.0185 -0.276487 2.41694 1.02053 -70.0185 1.02053 2404.53 
-22 -26 -1 -67.5476 -79.861 -3.89828 1.27698 0.32104 0.279371 0.32104 2.03002 1.35921 0.279371 1.35921 6.02794 
-38 -19 -1 -115.535 -58.9514 -5.41445 4.60366 -0.986439 4.22001 -0.986439 2.59626 3.81552 4.22001 3.81552 19.2912 
-48 -25 -1 -144.573 -76.7234 -3.71444 7.48842 -0.103229 0.251878 -0.103229 1.86395 1.32945 0.251878 1.32945 6.31283 
-29 -21 0 -89.8122 -65.9942 -2.0492 66.2512 -189.47 -11.2855 -189.47 12899 -70.1108 -11.2855 -70.1108 16.2837 
-44 -20 -1 -132.616 -61.2729 -5.97862 9.52232 -0.265267 -78.575 -0.265267 1.86947 3.02588 -78.575 3.02588 1856.86 
-47 -40 -2 -142.807 -121.499 -7.31206 1.31493 -0.280104 3.08325 -0.280104 3.74259 -24.7915 3.08325 -24.7915 236.143 
-39 -27 -1 -118.48 -82.5144 -5.42375 7.757 -1.94701 -89.5169 -1.94701 1.85781 27.2446 -89.5169 27.2446 1260.59 
-45 -27 -2 -136.434 -82.5152 -6.36055 2.21198 -0.143482 -21.7687 -0.143482 1.28391 4.51973 -21.7687 4.51973 548.228 
-38 -25 -1 -115.585 -76.4633 -5.3473 5.27018 -1.42798 -71.024 -1.42798 1.87087 26.2826 -71.024 26.2826 1274.56 
-42 -19 -1 -127.644 -58.7559 -5.86323 1.08705 -0.253056 -7.71622 -0.253056 1.3142 14.5448 -7.71622 14.5448 818.399 
-45 -34 -1 -136.678 -102.796 -5.2227 3.42391 -1.21424 2.36514 -1.21424 5.24431 1.36508 2.36514 1.36508 12.4483 
-46 -32 -1 -138.332 -98.4512 -5.42542 22.6516 1.44266 -2.79455 1.44266 5.03607 1.19789 -2.79455 1.19789 8.89783 
-41 -19 -1 -124.576 -58.4858 -5.72602 4.03271 0.398568 -35.6364 0.398568 1.89367 4.42887 -35.6364 4.42887 589.045 
-43 -18 -1 -129.7 -56.2259 -5.97466 6.70287 -6.43901 -20.9149 -6.43901 10.305 60.1074 -20.9149 60.1074 1501.05 
-17 -23 0 -52.5122 -70.3078 -2.03942 1.51273 0.164218 -0.0605001 0.164218 1.58856 -0.760234 -0.0605001 -0.760234 3.36438 
-33 -31 -1 -101.708 -95.2656 -4.68101 61.1966 150.849 -14.6485 150.849 816.915 -89.749 -14.6485 -89.749 11.285 
-38 -18 -1 -114.52 -55.4375 -5.81328 55.7171 -4.51035 -178.842 -4.51035 1.57763 21.5227 -178.842 21.5227 759.491 
-37 -18 -1 -112.33 -55.4203 -5.6373 8.11063 -3.78993 -64.5492 -3.78993 2.73731 29.131 -64.5492 29.131 658.28 
-40 -17 -1 -121.454 -52.5568 -5.94611 1.43661 -0.575192 -3.72125 -0.575192 3.51719 46.0472 -3.72125 46.0472 1023.13 
-45 -32 -2 -136.845 -97.3526 -6.6793 1.76033 -0.255785 -0.725668 -0.255785 1.2395 -0.211528 -0.725668 -0.211528 12.0815 
-34 -32 -2 -102.711 -97.9791 -7.57346 1157.65 -21.5754 42.7676 -21.5754 1.83533 -1.04167 42.7676 -1.04167 4.74743 
-36 -27 -1 -109.577 -82.5444 -3.93804 1.26141 -0.198876 0.0958838 -0.198876 1.54792 -0.355922 0.0958838 -0.355922 2.83646 
-38 -17 -1 -115.042 -51.973 -5.89623 8.36154 3.61334 27.9621 3.61334 15.6846 155.365 27.9621 155.365 1764.94 
-37 -17 -1 -112.476 -52.3511 -5.68737 27.338 0.337072 -168.096 0.337072 1.54988 -4.19025 -168.096 -4.19025 1122.77 
-29 -17 0 -88.0478 -51.8716 -0.64678 32.0963 -1.76654 7.77136 -1.76654 5.18052 -0.242535 7.77136 -0.242535 3.5394 
-39 -28 -1 -118.876 -84.9174 -5.39877 4.85046 -0.945391 -52.7976 -0.945391 3.20832 0.772846 -52.7976 0.772846 912.803 
-45 -19 -2 -136.666 -58.4863 -6.19715 2.8509 -0.920645 -26.1194 -0.920645 1.69792 18.1967 -26.1194 18.1967 624.299 
-36 -28 -1 -109.655 -85.1808 -4.13979 1.29374 0.0397586 0.0246711 0.0397586 1.39032 -0.287899 0.0246711 -0.287899 2.57718 
-38 -27 -1 -115.523 -81.9125 -4.69234 3.09295 -1.2899 -1.48095 -1.2899 2.16603 -0.1393 -1.48095 -0.1393 2.63831 
-39 -26 -1 -118.291 -79.5072 -5.47309 10.1877 -2.66087 -104.901 -2.66087 2.15244 32.8818 -104.901 32.8818 1265.36 
-37 -27 -1 -112.146 -82.2043 -3.94406 1.91922 0.759687 -0.0135258 0.759687 1.71683 -0.577126 -0.0135258 -0.577126 2.92726 
-38 -24 -1 -115.539 -73.5988 -5.36998 3.11175 -0.0509294 -48.172 -0.0509294 1.44587 -0.248082 -48.172 -0.248082 1310.68 
-38 -23 -1 -115.613 -70.4276 -5.37094 2.05359 0.00389283 -32.0417 0.00389283 1.36191 -0.119224 -32.0417 -0.119224 1186.74 
-32 -27 -1 -97.4383 -81.1904 -3.70382 1.34473 1.61385 0.20811 1.61385 34.5988 9.04099 0.20811 9.04099 6.54985 
-49 -36 -2 -148.45 -109.421 -7.14592 1.40051 -0.0461509 -0.451356 -0.0461509 1.43794 0.886277 -0.451356 0.886277 312.79 
-39 -21 -1 -118.591 -64.4442 -5.41343 1.3624 0.532229 -0.6624 0.532229 1.69668 -3.54795 -0.6624 -3.54795 34.5624 
-38 -21 -1 -115.452 -64.8211 -5.14452 1.62532 0.0448663 -0.750176 0.0448663 1.5318 1.17335 -0.750176 1.17335 4.64098 
-42 -31 -1 -127.137 -94.8395 -5.08945 1.81118 -0.262562 -0.780949 -0.262562 3.45699 0.845449 -0.780949 0.845449 1.38664 
-45 -36 -2 -136.745 -109.522 -7.46752 1.64091 0.390041 10.0534 0.390041 1.62725 7.64391 10.0534 7.64391 206.841 
-37 -21 -1 -112.499 -64.5812 -5.27334 1.21203 -0.0425494 -0.439486 -0.0425494 1.78624 9.39149 -0.439486 9.39149 160.143 
-46 -29 -2 -139.642 -88.4628 -6.42683 1.184 0.0351501 -0.854986 0.0351501 1.41261 -0.343985 -0.854986 -0.343985 33.1415 
-49 -17 -1 -149.407 -51.9942 -5.38154 10.6316 0.420614 -0.0983915 0.420614 9.98636 5.61384 -0.0983915 5.61384 10.5379 
-39 -20 -1 -118.361 -61.7688 -5.04641 3.14006 -2.44626 1.24584 -2.44626 3.82088 -1.49824 1.24584 -1.49824 8.52308 
-35 -16 0 -107.273 -50.5011 0.00638686 6.91839 0.18917 -1.9745 0.18917 11.0515 0.0805477 -1.9745 0.0805477 1.16735 
-37 -20 -1 -112.286 -61.8005 -5.17493 1.96799 -0.180806 -1.37136 -0.180806 1.77394 -1.76955 -1.37136 -1.76955 5.92921 
-35 -22 -1 -106.49 -67.2266 -4.84147 1.87855 0.836453 -2.00822 0.836453 2.45232 -3.47157 -2.00822 -3.47157 13.584 
-39 -19 -1 -118.159 -58.705 -5.59539 5.79598 -0.70781 -63.3521 -0.70781 9.10767 52.0986 -63.3521 52.0986 1082.83 
-30 -45 -1 -91.4949 -137.1 -4.65915 2.21843 30.3043 -3.02372 30.3043 724.437 -57.7069 -3.02372 -57.7069 7.01475 
-44 -17 -2 -133.753 -52.4672 -6.3562 5.92694 -3.9145 -73.458 -3.9145 4.45992 60.6777 -73.458 60.6777 1202.4 
-39 -30 -1 -117.801 -90.4685 -4.09607 6.18533 -0.981692 0.504549 -0.981692 10.2164 -1.32836 0.504549 -1.32836 2.94552 
-32 -44 -1 -98.5121 -134.261 -5.03854 173.312 -171.904 -18.2941 -171.904 199.693 19.5525 -18.2941 19.5525 7.60563 
-32 -22 -1 -97.6548 -67.6965 -3.75261 1.53221 -0.251949 0.753409 -0.251949 1.87635 -2.08646 0.753409 -2.08646 7.07279 
-48 -37 -2 -145.607 -112.417 -7.0223 1.99737 -0.734265 -7.31689 -0.734265 1.96581 7.32357 -7.31689 7.32357 92.0523 
-42 -24 0 -127.481 -72.621 -1.88924 3.81562 -0.364138 0.105435 -0.364138 5.8488 0.143883 0.105435 0.143883 2.20307 
-26 -22 -1 -79.506 -67.7918 -3.32533 2.34446 2.15815 -4.70854 2.15815 4.88897 -11.1951 -4.70854 -11.1951 60.2246 
-34 -22 -1 -103.316 -67.4973 -3.96088 2.32703 1.45876 -2.50991 1.45876 3.3345 -4.01062 -2.50991 -4.01062 8.32484 
-34 -27 0 -103.364 -82.0807 -2.52006 2.87856 -0.0558977 -0.354596 -0.0558977 1.00869 -0.15845 -0.354596 -0.15845 3.68699 
-37 -25 -1 -112.414 -76.5022 -5.14505 7.81139 -4.02026 -91.2603 -4.02026 3.7918 55.974 -91.2603 55.974 1287.08 
-29 -23 -1 -88.4586 -70.2906 -4.49538 1.4292 0.0465739 -0.271081 0.0465739 1.78734 -1.46834 -0.271081 -1.46834 11.6695 
-44 -19 -2 -133.633 -58.6732 -6.05903 2.00815 -0.302145 -19.6786 -0.302145 1.27004 13.7987 -19.6786 13.7987 781.756 
-36 -25 -1 -109.561 -76.4693 -5.00301 2.80319 -1.49482 -42.5433 -1.49482 2.91358 44.1667 -42.5433 44.1667 1191.4 
-40 -23 -1 -121.539 -70.5188 -5.68317 5.21354 -1.09925 -68.2978 -1.09925 1.5389 18.0607 -68.2978 18.0607 1220.3 
-37 -24 -1 -112.453 -73.5372 -5.25155 3.66821 -1.37137 -54.51 -1.37137 2.05373 30.5482 -54.51 30.5482 1257.89 
-28 -23 -1 -85.3202 -70.1234 -4.36531 1.60773 0.136899 -0.659784 0.136899 1.8157 -1.75358 -0.659784 -1.75358 11.2984 
-36 -24 -1 -109.447 -73.6318 -5.10403 3.45017 -1.66229 -50.2992 -1.66229 2.569 37.4443 -50.2992 37.4443 1279.58 
-45 -20 -2 -136.464 -61.5236 -6.21124 2.27443 0.751813 -20.6165 0.751813 2.52442 -22.7172 -20.6165 -22.7172 489.455 
-37 -23 -1 -112.47 -70.4808 -5.27331 2.81269 0.1724 -43.7255 0.1724 1.39111 -4.28726 -43.7255 -4.28726 1350.42 
-45 -33 -2 -136.565 -100.688 -7.13775 2.05411 0.770443 -1.05652 0.770443 1.57344 -0.70276 -1.05652 -0.70276 2.94827 
-49 -37 -2 -148.505 -112.442 -7.13791 1.3782 0.107615 3.55924 0.107615 1.38226 4.43373 3.55924 4.43373 449.271 
-37 -22 -1 -112.642 -67.3363 -5.20049 1.33672 0.100125 1.90489 0.100125 1.53986 -3.45616 1.90489 -3.45616 47.8307 
-30 -26 0 -91.9532 -79.4059 -1.95963 2.89443 -0.702711 -1.31352 -0.702711 1.51154 -0.0439881 -1.31352 -0.0439881 1.44966 
-34 -34 -2 -102.959 -103.628 -7.5769 12.8432 -1.11332 -3.73467 -1.11332 1.359 0.0899285 -3.73467 0.0899285 4.22092 
-38 -30 -1 -116.361 -90.2444 -4.41409 5.91934 0.289731 -0.282816 0.289731 30.2197 -1.37023 -0.282816 -1.37023 4.61832 
-36 -26 -1 -109.394 -79.6954 -4.45671 1.43451 0.110251 -0.416873 0.110251 3.11578 4.20644 -0.416873 4.20644 9.84854 
-49 -34 -2 -148.376 -103.517 -7.16894 2.06588 0.173912 11.3761 0.173912 1.35295 2.5915 11.3761 2.5915 230.428 
-47 -45 -2 -142.739 -135.692 -8.32955 1.66192 0.275005 11.0506 0.275005 2.84143 -3.65905 11.0506 -3.65905 243.687 
-35 -25 -1 -106.482 -76.5075 -4.89428 2.79254 -1.76563 -43.607 -1.76563 3.34232 50.8569 -43.607 50.8569 1276.92 
-22 -24 0 -67.1381 -74.3302 0.373203 1.18268 -0.229875 0.0571923 -0.229875 3.60768 0.0944347 0.0571923 0.0944347 0.827304 
-25 -19 0 -75.9706 -58.5406 -0.815662 1296.32 -47.3037 34.5883 -47.3037 3.05643 -1.23094 34.5883 -1.23094 2.25843 
-33 -25 -1 -100.119 -76.7906 -4.32758 1.60197 -0.122457 -1.45172 -0.122457 1.92884 2.16338 -1.45172 2.16338 8.19333 
-33 -24 -1 -100.284 -73.4355 -4.49951 1.60257 -0.309971 -0.42115 -0.309971 1.54798 -0.291971 -0.42115 -0.291971 4.11277 
-31 -24 -1 -94.6518 -73.8532 -4.6565 1.43826 0.250429 1.23879 0.250429 3.24066 8.44024 1.23879 8.44024 40.0869 
-43 -19 -1 -130.466 -58.8152 -5.90034 2.07433 -0.42435 -21.6137 -0.42435 1.79918 14.3652 -21.6137 14.3652 639.35 
-30 -24 -1 -91.6007 -73.65 -4.69821 1.28659 -0.0919675 1.03821 -0.0919675 2.21053 9.72399 1.03821 9.72399 107.199 
-32 -23 -1 -97.682 -70.2108 -4.13871 1.65495 -0.229754 0.0936993 -0.229754 2.06783 -1.04163 0.0936993 -1.04163 3.48922 
-27 -22 0 -83.2579 -66.6406 -2.91313 34.1234 -11.5919 -77.2851 -11.5919 19.4025 41.4031 -77.2851 41.4031 378.152 
-31 -23 -1 -94.469 -70.1929 -4.58631 1.67427 -0.244806 -1.0487 -0.244806 2.08435 -1.58072 -1.0487 -1.58072 9.1697 
-33 -22 -1 -100.576 -67.4855 -3.62191 1.32491 0.134098 -0.474874 0.134098 2.64901 -3.18022 -0.474874 -3.18022 9.42042 
-35 -20 -1 -106.135 -61.1796 -3.80453 1.89437 0.0312675 -2.13415 0.0312675 1.48485 -0.518736 -2.13415 -0.518736 5.91545 
