-31 -50 -1 -94.0884 -151.18 -4.26859 126.116 -32.9983 -26.7037 -32.9983 27.2435 -2.14311 -26.7037 -2.14311 36.367 
-49 -51 -2 -147.989 -155.277 -7.53625 1.51527 0.778016 -0.0848235 0.778016 1.40891 -0.0473089 -0.0848235 -0.0473089 0.649871 
-31 -50 -2 -94.0013 -150.958 -6.75964 797.257 0.92201 402.88 0.92201 1.10408 2.26407 402.88 2.26407 238.953 
-47 -53 -1 -142.59 -160.033 -4.49977 1.87339 0.473572 0.220644 0.473572 4.24439 -0.303978 0.220644 -0.303978 1.33211 
-46 -54 -1 -139.627 -163.739 -5.53398 1406.77 -2172.08 -819.629 -2172.08 3393.86 1279.84 -819.629 1279.84 488.718 
-47 -52 -3 -142.628 -158.282 -9.23078 1.75835 1.5636 8.91506 1.5636 9.19549 30.2965 8.91506 30.2965 165.433 
-48 -50 2 -146.182 -151.604 7.04581 23.1749 -6.16132 30.2316 -6.16132 2.78054 -8.84803 30.2316 -8.84803 46.4334 
-49 -52 -2 -147.852 -156.338 -7.54983 3.80698 3.15463 -1.07609 3.15463 32.3769 -6.15819 -1.07609 -6.15819 3.05391 
-46 -53 -3 -139.547 -160.753 -9.39183 13.4968 6.06689 87.854 6.06689 3.93488 37.6061 87.854 37.6061 637.836 
-33 -52 -3 -101.746 -156.377 -9.95174 224.061 -99.6882 146.173 -99.6882 79.7468 -53.5404 146.173 -53.5404 116.26 
-49 -50 -3 -148.17 -151.884 -9.08422 1.74931 -0.760369 -2.91652 -0.760369 1.63411 0.417085 -2.91652 0.417085 367.543 
-46 -51 1 -139.98 -154.435 5.04279 2.01669 1.04823 -3.24827 1.04823 5.97063 -7.68748 -3.24827 -7.68748 14.5253 
-48 -50 1 -145.852 -150.365 4.06454 156.233 -150.569 118.711 -150.569 1376.17 -633.295 118.711 -633.295 311.778 
-48 -53 0 -144.7 -159.572 -0.978944 31.2399 -7.80307 14.5303 -7.80307 3.13396 -3.57275 14.5303 -3.57275 7.32178 
-48 -52 -1 -146.082 -157.07 -4.83545 13.7927 20.047 8.9278 20.047 39.3267 14.8249 8.9278 14.8249 7.40184 
-49 -51 -3 -147.929 -154.6 -9.11755 28.7371 22.9479 70.7402 22.9479 20.252 38.6361 70.7402 38.6361 767.542 
-31 -52 -2 -94.3152 -157.328 -8.68368 47.0074 82.6863 -91.2088 82.6863 201.483 -208.386 -91.2088 -208.386 240.362 
-47 -53 -2 -142.505 -160.133 -7.60775 4.82624 1.58337 -0.0978575 1.58337 7.46378 -0.119683 -0.0978575 -0.119683 1.1114 
-49 -53 1 -147.707 -159.546 5.0745 712.99 -597.096 321.215 -597.096 505.382 -272.655 321.215 -272.655 149.608 
-47 -53 2 -142.794 -160.61 7.00015 31.5976 -44.0222 -5.65702 -44.0222 63.2605 7.45698 -5.65702 7.45698 2.1254 
-47 -54 0 -143.117 -162.657 -0.431341 26.5814 7.67775 3.4258 7.67775 10.7302 4.18338 3.4258 4.18338 2.33099 
-48 -52 -2 -145.87 -157.042 -7.35211 5.31506 -4.29454 0.576976 -4.29454 20.5473 -1.54632 0.576976 -1.54632 0.928697 
-49 -50 0 -149.173 -150.829 -0.216115 4.4544 -3.60053 3.13425 -3.60053 33.4578 -24.5415 3.13425 -24.5415 19.5565 
-46 -50 2 -140.18 -150.82 7.06904 5.10251 -35.1322 -6.33927 -35.1322 1272.63 260.677 -6.33927 260.677 56.3547 
-48 -51 3 -144.314 -154.35 9.50766 351.469 -249.151 339.348 -249.151 285.369 -332.065 339.348 -332.065 409.805 
-45 -56 0 -136.771 -169.279 -0.0642025 129.333 -140.036 22.4724 -140.036 227.141 -42.0959 22.4724 -42.0959 8.43754 
-47 -50 1 -143.001 -151.072 3.93031 8.71545 4.51004 -3.85623 4.51004 5.40611 0.318894 -3.85623 0.318894 4.62702 
-47 -53 0 -141.895 -159.967 -1.24227 2.46815 -0.421547 -0.304489 -0.421547 2.21359 0.528054 -0.304489 0.528054 0.55956 
-47 -52 0 -142.197 -158.223 0.212276 3.4095 1.68292 -1.29882 1.68292 2.7355 -0.193487 -1.29882 -0.193487 0.91221 
-48 -52 0 -145.943 -157.185 0.53445 4.19627 2.80779 0.770273 2.80779 3.35425 0.803208 0.770273 0.803208 0.758062 
-49 -52 0 -147.194 -156.966 -0.0064725 89.616 4.21736 -3.55736 4.21736 5.44556 0.497918 -3.55736 0.497918 0.775635 
-47 -50 2 -141.914 -151.389 6.90594 394.649 226.609 10.4798 226.609 158.082 -34.485 10.4798 -34.485 61.0267 
-47 -51 0 -143.78 -154.304 1.10623 13.4628 1.13034 -0.54477 1.13034 2.63375 -1.63528 -0.54477 -1.63528 1.6803 
-46 -52 1 -140.677 -156.556 3.47935 132.343 -13.9049 -37.6174 -13.9049 18.8958 -5.8818 -37.6174 -5.8818 21.8757 
-48 -50 0 -144.874 -151.983 1.97223 3.2664 -0.381062 0.417465 -0.381062 3.3226 -2.2676 0.417465 -2.2676 3.00926 
-47 -50 0 -142.663 -151.406 2.09045 7.93229 -5.09989 -1.56829 -5.09989 4.25214 1.16459 -1.56829 1.16459 2.06099 
-48 -52 2 -145.149 -157.58 7.26698 1.85117 -1.12371 0.696041 -1.12371 2.02969 0.204962 0.696041 0.204962 2.7947 
-45 -52 0 -137.311 -158.171 2.22577 47.8529 -25.3448 -22.3451 -25.3448 23.0895 8.55665 -22.3451 8.55665 16.5938 
-48 -52 1 -145.412 -158.066 4.29362 5.29412 1.00999 -1.21274 1.00999 1.96715 -0.393052 -1.21274 -0.393052 1.66382 
-47 -53 1 -142.635 -161.254 4.46693 5.71477 -4.56883 4.94579 -4.56883 6.22726 -5.12804 4.94579 -5.12804 6.05959 
-36 -54 -2 -108.988 -163.2 -8.54594 158.62 -71.5017 27.3562 -71.5017 55.1227 -8.95971 27.3562 -8.95971 34.6883 
-48 -54 1 -146.059 -163.184 4.62591 181.988 -114.227 83.0881 -114.227 78.0284 -51.5442 83.0881 -51.5442 39.2554 
-48 -51 -3 -145.404 -154.123 -9.12827 89.0682 64.9174 -33.9112 64.9174 49.0499 -17.558 -33.9112 -17.558 189.025 
-45 -52 1 -136.062 -157.381 4.11847 11.9658 -25.2225 -2.28567 -25.2225 704.912 -231.362 -2.28567 -231.362 87.6789 
-46 -53 1 -139.651 -159.952 4.40091 445.277 432.155 -232.846 432.155 452.722 -238.559 -232.846 -238.559 127.687 
-46 -50 1 -140.035 -151.373 5.07913 247.294 -28.559 257.645 -28.559 22.9903 -17.0577 257.645 -17.0577 279.589 
-48 -51 0 -144.518 -154.644 0.67994 4.78493 2.34361 -3.6896 2.34361 4.69021 -3.64603 -3.6896 -3.64603 4.59626 
-48 -51 1 -146.273 -155.496 5.50001 124.428 4.21686 -21.3272 4.21686 51.8899 -52.5771 -21.3272 -52.5771 62.593 
-46 -53 0 -139.897 -159.434 0.045241 2.7133 0.234169 -0.68685 0.234169 2.84994 -0.327932 -0.68685 -0.327932 1.52581 
-47 -52 2 -141.734 -157.132 7.18207 1.77224 1.23393 0.44713 1.23393 2.63198 0.304526 0.44713 0.304526 1.71915 
-46 -54 -2 -139.412 -163.277 -7.07128 2.04466 -0.59463 0.182667 -0.59463 2.67394 -0.887858 0.182667 -0.887858 3.14687 
-48 -51 2 -146.301 -154.397 6.72416 7.3355 -1.47306 2.55055 -1.47306 4.7146 -4.21036 2.55055 -4.21036 6.78103 
-47 -51 2 -142.763 -154.82 8.17066 152.11 -155.425 -16.4702 -155.425 167.88 24.0954 -16.4702 24.0954 8.3181 
-49 -54 2 -147.674 -163.393 7.39436 22.2828 -24.172 20.2171 -24.172 58.7973 -25.625 20.2171 -25.625 20.7605 
-47 -52 1 -141.573 -158.427 4.58028 110.996 -23.4572 8.25176 -23.4572 46.871 -17.0124 8.25176 -17.0124 7.34715 
-46 -52 0 -139.587 -158.262 1.95626 3.43977 3.37944 3.045 3.37944 17.9233 -8.09201 3.045 -8.09201 12.9869 
-47 -51 1 -141.869 -153.826 4.80802 13.5894 8.09726 -16.6296 8.09726 7.61622 -10.916 -16.6296 -10.916 21.782 
