-20 20 0 -62.2758 60.2761 -1.25389 9.18237 4.89486 1.64706 4.89486 38.1345 8.83248 1.64706 8.83248 3.63348 
-34 20 0 -103.138 61.0463 -2.69562 1154.38 -1002.89 338.2 -1002.89 892.405 -313.844 338.2 -313.844 152.928 
-19 21 0 -58.9575 64.7779 -2.31929 48.0131 -30.2792 7.45717 -30.2792 42.0308 -10.8584 7.45717 -10.8584 4.55708 
-22 20 0 -67.0059 60.4137 -1.76332 7.16075 6.16569 0.94182 6.16569 20.8621 3.26663 0.94182 3.26663 2.19513 
-20 19 0 -62.1452 59.5951 -1.67585 4.72394 -0.585799 0.0127658 -0.585799 45.9731 -15.6868 0.0127658 -15.6868 7.78896 
-45 21 0 -136.297 64.9492 -2.03856 31.8262 26.1604 4.79713 26.1604 91.9315 -0.150639 4.79713 -0.150639 10.0283 
-18 30 -1 -55.2889 90.8691 -4.56629 173.545 194.761 -106.735 194.761 220.147 -116.65 -106.735 -116.65 88.6064 
-22 19 -1 -67.3798 58.4695 -3.58152 1.71355 -1.78785 -3.6041 -1.78785 6.77887 8.93903 -3.6041 8.93903 64.7985 
-17 21 0 -53.7494 65.2668 -2.7325 67.2631 -19.8983 -15.1242 -19.8983 21.9641 3.32023 -15.1242 3.32023 19.0656 
-22 19 0 -67.2144 59.3003 -1.54212 3.74026 -1.99619 0.653408 -1.99619 5.91608 -1.33335 0.653408 -1.33335 1.36399 
-45 21 -1 -137.017 64.6654 -4.29609 9.91683 1.58839 -32.8457 1.58839 2.10946 -7.13683 -32.8457 -7.13683 138.313 
-20 19 -1 -62.1185 59.5303 -3.43416 17.5634 -52.7193 -46.7639 -52.7193 261.48 267.924 -46.7639 267.924 296.827 
-23 17 0 -70.5465 52.8363 -2.46339 9.24777 -3.64404 -8.06364 -3.64404 7.57241 2.66368 -8.06364 2.66368 8.55899 
-21 19 0 -63.8395 59.3798 -2.24772 13.566 34.7432 -22.3677 34.7432 122.649 -50.3731 -22.3677 -50.3731 42.2322 
