-61 -57 5 -184.125 -172.547 16.4622 3.66025 -4.94606 -0.339911 -4.94606 29.639 14.1373 -0.339911 14.1373 10.0288 
-60 -57 4 -182.091 -172.907 13.3435 610.838 117.265 -12.9919 117.265 100.652 81.4785 -12.9919 81.4785 97.0889 
-74 -52 4 -224.079 -156.3 13.5482 10.7901 27.4377 2.85793 27.4377 97.801 1.7352 2.85793 1.7352 5.12054 
-75 -51 4 -225.432 -153.458 12.4369 371.306 202.655 104.294 202.655 271.868 -3.88051 104.294 -3.88051 54.4624 
-73 -50 3 -219.554 -151.966 11.2471 4.54254 -0.629876 3.26317 -0.629876 11.7008 -16.2284 3.26317 -16.2284 27.0393 
-72 -51 0 -218.785 -154.894 1.88585 108.593 4.26382 -12.5949 4.26382 6.72059 -1.4301 -12.5949 -1.4301 3.04911 
-56 -52 0 -169.657 -158.692 1.18236 2.63341 3.40402 -1.85706 3.40402 376.43 191.662 -1.85706 191.662 109.134 
-53 -52 2 -161.479 -157.315 7.425 50.7507 133.114 20.67 133.114 383.104 63.1358 20.67 63.1358 12.792 
-50 -51 0 -151.317 -154.789 1.11858 15.8468 10.3496 -6.82988 10.3496 8.93688 -5.95136 -6.82988 -5.95136 6.07261 
-53 -54 0 -160.965 -163.197 1.3768 38.1527 -22.0594 13.5509 -22.0594 17.4155 -5.81292 13.5509 -5.81292 7.80949 
-60 -53 0 -180.97 -160.435 1.40206 18.0163 -23.6398 12.1133 -23.6398 34.5322 -18.7715 12.1133 -18.7715 10.8485 
-60 -50 -2 -181.719 -151.293 -6.77572 4.02392 1.02892 1.23258 1.02892 2.4782 0.94407 1.23258 0.94407 4.73513 
-74 -51 0 -223.088 -154.537 1.1348 10.6943 -2.98211 -1.98783 -2.98211 5.0443 -1.19323 -1.98783 -1.19323 1.99208 
-62 -57 0 -187.256 -173.404 2.17855 5.11147 7.58294 0.530686 7.58294 21.8319 -0.510373 0.530686 -0.510373 4.12259 
-52 -55 0 -157.256 -165.692 2.61023 17.3814 -34.8312 -13.9318 -34.8312 77.8602 37.058 -13.9318 37.058 28.4533 
-65 -54 0 -195.866 -164.328 1.41719 9.67161 7.06703 -1.09095 7.06703 6.56774 -1.15658 -1.09095 -1.15658 1.33817 
-65 -58 2 -196.675 -174.583 7.35276 2.88544 -0.557101 0.931351 -0.557101 2.92137 0.714719 0.931351 0.714719 2.76173 
-68 -56 0 -205.966 -170.901 0.219543 64.4647 50.5318 -2.6183 50.5318 394.827 -17.1163 -2.6183 -17.1163 1.14905 
-60 -52 0 -182.054 -157.529 0.689038 1.19871 -0.631357 0.168095 -0.631357 1.7242 -0.132203 0.168095 -0.132203 0.40226 
-50 -53 -1 -151.734 -160.312 -4.09494 57.5364 -7.48098 -6.75016 -7.48098 3.17016 -0.565774 -6.75016 -0.565774 2.95745 
-64 -55 2 -193.685 -165.764 7.58793 1.27662 0.723809 0.321145 0.723809 4.75948 1.50801 0.321145 1.50801 1.49851 
-78 -51 0 -236.545 -153.361 -0.342556 134.303 145.386 5.28401 145.386 207.787 -3.59384 5.28401 -3.59384 2.27983 
-80 -56 0 -242.193 -169.672 -2.11783 2.01408 -0.394944 1.32955 -0.394944 2.75744 6.37458 1.32955 6.37458 51.4671 
-69 -50 0 -209.103 -151.284 -0.291643 3.59353 -1.44681 1.75494 -1.44681 1.91219 -0.650593 1.75494 -0.650593 1.65061 
-67 -56 4 -203.552 -170.587 13.1078 63.0665 23.6943 3.41123 23.6943 18.567 -4.19328 3.41123 -4.19328 6.59502 
-75 -52 -1 -225.92 -157.235 -4.10137 4.39244 7.23507 9.50545 7.23507 17.8987 24.7492 9.50545 24.7492 57.3691 
-83 -53 0 -249.638 -161.428 -1.53339 190.725 -158.219 30.2457 -158.219 179.752 -27.3957 30.2457 -27.3957 5.26013 
-56 -50 0 -169.279 -150.84 -2.43345 3.92957 -1.91445 -2.68133 -1.91445 1.92564 2.82027 -2.68133 2.82027 14.9189 
-52 -54 0 -157.384 -163.534 1.2172 46.4827 42.3325 16.252 42.3325 39.2441 14.6119 16.252 14.6119 6.38801 
-58 -50 0 -176.009 -151.32 0.139795 2.03461 0.18852 -0.574476 0.18852 1.79449 -0.709095 -0.574476 -0.709095 0.915231 
-59 -50 0 -178.477 -151.917 -0.0791789 1.73344 0.222184 0.0605522 0.222184 2.33794 0.0977855 0.0605522 0.0977855 0.422033 
-52 -50 0 -157.691 -152.692 1.19017 5.1854 -5.61823 -0.262492 -5.61823 53.1526 -2.39386 -0.262492 -2.39386 1.97441 
-60 -50 0 -181.565 -151.428 0.13782 1.66237 0.885298 0.00513373 0.885298 1.77557 -0.0233684 0.00513373 -0.0233684 0.391442 
-70 -50 0 -211.328 -151.065 1.81143 0.987186 0.078821 0.0452197 0.078821 2.01123 0.0371014 0.0452197 0.0371014 0.498475 
-61 -50 0 -184.227 -151.052 0.0302556 1.65947 1.07863 -0.0803973 1.07863 1.90904 -0.241826 -0.0803973 -0.241826 0.612558 
-59 -51 0 -178.643 -153.919 0.138917 1.52826 -0.422877 0.129551 -0.422877 1.73992 -0.0594051 0.129551 -0.0594051 0.512799 
-81 -51 0 -244.238 -153.693 -0.14188 1.9448 0.115321 -0.195394 0.115321 3.99883 -0.301557 -0.195394 -0.301557 0.443858 
-54 -52 0 -163.124 -156.764 0.769847 7.23084 -2.38278 -1.92487 -2.38278 4.21024 0.963627 -1.92487 0.963627 0.924088 
-73 -52 0 -219.784 -156.279 1.70567 5.18802 -5.12241 -1.22888 -5.12241 16.4637 0.953925 -1.22888 0.953925 0.725751 
-60 -51 2 -181.677 -155.456 6.97744 15.1204 -9.81731 -1.61221 -9.81731 11.0169 -2.1167 -1.61221 -2.1167 3.73615 
-55 -52 0 -166.392 -157.276 -1.51314 4.78508 -3.34257 -1.53534 -3.34257 10.7404 0.425299 -1.53534 0.425299 1.11894 
-74 -52 0 -223.058 -157.291 0.436198 6.09891 -6.43179 -0.064298 -6.43179 12.0211 0.622028 -0.064298 0.622028 0.332294 
-64 -55 0 -193.789 -165.515 1.07341 3.22004 4.17542 -0.54659 4.17542 8.64502 -0.95263 -0.54659 -0.95263 0.546397 
-81 -55 0 -244.247 -166.038 -2.80952 1.6894 -0.456873 1.79285 -0.456873 25.1899 48.0964 1.79285 48.0964 194.066 
-72 -50 -1 -217.283 -151.605 -4.24113 1.19092 -0.233337 -1.90893 -0.233337 0.832609 1.72572 -1.90893 1.72572 9.28054 
-70 -51 2 -211.085 -154.572 8.114 600.874 -1101.89 -96.0162 -1101.89 2105.55 229.251 -96.0162 229.251 55.6958 
-60 -51 1 -181.579 -155.094 4.32518 17.2927 -1.61815 2.00309 -1.61815 7.68781 0.615098 2.00309 0.615098 1.97977 
-53 -51 0 -161.148 -154.516 0.193047 1.8328 -0.688855 -0.121488 -0.688855 1.67891 0.24758 -0.121488 0.24758 0.451849 
-50 -50 0 -151.634 -150.701 0.354665 2.17182 -0.328815 0.182697 -0.328815 4.9436 -0.603684 0.182697 -0.603684 0.485412 
-78 -52 0 -236.162 -158.302 -2.72187 14.3409 -16.3744 16.313 -16.3744 65.384 -20.0731 16.313 -20.0731 30.8799 
-54 -51 0 -163.033 -154.566 0.407506 5.56458 1.81766 0.289717 1.81766 2.047 -0.0196941 0.289717 -0.0196941 0.471397 
-81 -54 -1 -245.154 -163.367 -3.24242 4.85111 -3.1039 -4.15875 -3.1039 9.35289 -9.51959 -4.15875 -9.51959 133.403 
-80 -51 -1 -241.663 -153.915 -3.72358 1.54983 0.81237 0.363148 0.81237 2.55942 -0.642724 0.363148 -0.642724 5.26771 
-82 -53 -1 -247.604 -160.477 -3.56476 1.9585 1.38366 7.17843 1.38366 4.13422 9.37176 7.17843 9.37176 54.9948 
-56 -53 0 -169.677 -159.573 0.204332 5.84311 -8.35694 0.685207 -8.35694 19.9146 -1.75635 0.685207 -1.75635 1.18486 
-53 -51 2 -161.102 -154.684 7.5224 2.52521 2.24025 -0.464057 2.24025 5.40553 -1.64989 -0.464057 -1.64989 2.14939 
-62 -50 2 -186.995 -152.047 7.52182 5.14357 6.71044 -1.12703 6.71044 14.5608 -3.77365 -1.12703 -3.77365 2.30803 
-50 -51 -2 -150.483 -154.341 -8.42284 74.8519 3.21103 -8.76304 3.21103 1.02801 0.113676 -8.76304 0.113676 3.63145 
-69 -57 2 -208.82 -172.733 6.94741 66.0622 2.33433 -50.2621 2.33433 532.607 65.261 -50.2621 65.261 47.5494 
-81 -53 -1 -244.869 -160.918 -3.68256 2.30343 0.574888 0.896204 0.574888 3.61612 15.3387 0.896204 15.3387 155.064 
-61 -50 -1 -184.26 -150.993 -4.73029 0.999937 0.0174838 0.330427 0.0174838 1.72015 0.469657 0.330427 0.469657 1.7885 
-73 -53 4 -220.439 -159.775 13.2612 3.54103 -3.88932 -2.08646 -3.88932 74.9499 13.6987 -2.08646 13.6987 5.63649 
-81 -50 0 -244.084 -152.106 0.252646 2.45397 -0.225069 -0.354193 -0.225069 3.01123 0.38368 -0.354193 0.38368 0.472734 
-59 -51 -2 -178.534 -153.928 -7.09415 2.6299 -4.63115 -3.52231 -4.63115 32.8779 18.3273 -3.52231 18.3273 15.5769 
-59 -51 -1 -178.44 -153.663 -4.8104 3.57486 7.34412 4.17414 7.34412 32.2836 11.6321 4.17414 11.6321 6.30655 
-56 -51 -1 -169.074 -155.148 -4.5594 2.10166 -0.596489 0.0636336 -0.596489 1.39489 -0.508579 0.0636336 -0.508579 2.22085 
-74 -52 3 -223.1 -156.959 10.2975 3.15465 0.198599 0.92542 0.198599 1.13793 -0.279689 0.92542 -0.279689 2.48532 
-75 -50 -1 -226.326 -151.417 -4.73699 1.79977 -1.01027 -5.29987 -1.01027 2.25406 9.45073 -5.29987 9.45073 72.0941 
-60 -51 3 -180.606 -153.454 10.0491 49.2714 -62.9008 -32.129 -62.9008 198.101 102.021 -32.129 102.021 53.383 
-63 -53 -1 -190.618 -160.269 -5.2946 4.1227 1.38666 2.04268 1.38666 4.68084 -2.30792 2.04268 -2.30792 7.27531 
-60 -52 2 -182.313 -156.377 7.82367 14.1096 -8.22158 -2.83593 -8.22158 12.1091 0.742299 -2.83593 0.742299 2.91355 
-76 -53 0 -228.579 -160.281 1.48365 32.601 5.59143 -3.25002 5.59143 36.6573 -12.0816 -3.25002 -12.0816 5.46475 
-67 -56 -1 -202.271 -169.606 -4.25314 1.37401 -0.351418 -0.361627 -0.351418 1.83046 -1.64497 -0.361627 -1.64497 4.27568 
-74 -50 0 -223.028 -151.756 1.74075 3.30348 1.13767 -0.0789741 1.13767 3.59772 -0.724597 -0.0789741 -0.724597 1.12246 
-65 -51 -2 -195.729 -154.347 -6.72678 198.747 -172.378 -170.406 -172.378 150.855 148.932 -170.406 148.932 256.856 
-59 -51 4 -178.106 -153.193 12.3441 47.6282 -41.0629 -59.8995 -41.0629 214.344 154.155 -59.8995 154.155 167.793 
-58 -52 1 -175.969 -157.422 5.31444 97.9823 140.443 -66.0145 140.443 243.65 -159.864 -66.0145 -159.864 151.924 
-82 -53 3 -247.822 -159.861 10.9605 482.951 -172.691 -379.67 -172.691 156.892 77.9185 -379.67 77.9185 335.657 
-78 -52 -1 -235.721 -157.548 -4.02803 2.10315 1.51457 5.56543 1.51457 4.96283 13.253 5.56543 13.253 57.5642 
-53 -50 0 -160.365 -152.339 0.915076 3.31305 1.39324 0.263612 1.39324 3.72438 0.0620791 0.263612 0.0620791 0.373516 
-57 -50 -2 -172.622 -151.361 -7.58313 2.31164 -0.247109 -0.543038 -0.247109 1.97281 -1.38133 -0.543038 -1.38133 5.16244 
-61 -51 -2 -183.916 -153.909 -7.18579 15.3289 24.407 25.2935 24.407 61.5925 88.2453 25.2935 88.2453 155.26 
-82 -51 -1 -247.602 -155.337 -4.22264 1.25673 -0.266421 1.81853 -0.266421 3.48109 12.9191 1.81853 12.9191 87.7107 
-61 -52 1 -183.53 -157.685 3.64409 926.181 -860.453 -302.247 -860.453 806.468 305.153 -302.247 305.153 256.24 
-64 -54 0 -193.916 -164.708 1.59905 7.65136 13.9238 3.33841 13.9238 38.7109 9.268 3.33841 9.268 2.94892 
-51 -50 0 -153.805 -151.087 -0.526679 12.8233 -5.42177 -0.826236 -5.42177 3.63995 0.19386 -0.826236 0.19386 0.514875 
-76 -53 -1 -228.901 -160.837 -3.72627 1.78946 0.904485 3.35435 0.904485 2.51535 7.17819 3.35435 7.17819 49.1684 
-62 -51 3 -187.328 -153.36 9.38395 8.97597 -1.95705 29.2933 -1.95705 6.42685 -5.80732 29.2933 -5.80732 249.862 
-64 -53 -1 -193.18 -160.29 -5.17942 3.53278 -1.80776 1.66164 -1.80776 1.93407 -1.67862 1.66164 -1.67862 8.34993 
-78 -50 0 -236.706 -151.971 -0.192149 24.7301 2.92381 1.85339 2.92381 3.39226 0.495582 1.85339 0.495582 0.614401 
-80 -54 0 -241.913 -163.18 -1.74639 42.4619 -15.7787 -10.3261 -15.7787 11.7592 0.144691 -10.3261 0.144691 5.55581 
-74 -51 4 -223.809 -155.155 13.1734 432.506 -300.551 277.896 -300.551 211.011 -192.069 277.896 -192.069 184.59 
-58 -51 -1 -175.131 -153.457 -5.24474 2.90217 3.85413 -1.71315 3.85413 17.4036 0.360049 -1.71315 0.360049 3.1621 
-83 -54 0 -249.424 -163.44 -2.03364 12.376 1.92474 0.982662 1.92474 9.83224 -3.39204 0.982662 -3.39204 1.76289 
-81 -50 1 -243.539 -152.647 3.6951 33.7785 4.51729 4.08173 4.51729 39.1823 3.68792 4.08173 3.68792 6.22078 
-58 -50 -1 -175.919 -150.91 -4.35213 2.09695 -0.104376 -0.277691 -0.104376 3.96985 -1.02752 -0.277691 -1.02752 2.26551 
-65 -55 0 -195.644 -165.514 1.21817 21.4112 -50.9235 -8.66177 -50.9235 145.617 27.3909 -8.66177 27.3909 5.6875 
-73 -53 1 -221.132 -160.429 4.90024 58.9747 -7.97237 -7.38117 -7.97237 1.85377 1.32081 -7.38117 1.32081 3.55827 
-74 -52 1 -223.323 -157.273 4.34704 3.18206 -1.07525 0.00270527 -1.07525 3.123 -0.540251 0.00270527 -0.540251 2.09106 
-59 -50 -1 -178.641 -151.298 -4.43883 1.28881 0.302464 -0.10755 0.302464 2.3007 0.296113 -0.10755 0.296113 1.44315 
-73 -50 4 -219.241 -151.096 12.6671 1077.26 -316.574 85.8275 -316.574 111.221 -60.3505 85.8275 -60.3505 80.9009 
-58 -50 -2 -176.105 -151.521 -7.2218 2.44498 -0.167965 1.16879 -0.167965 1.15957 -0.237106 1.16879 -0.237106 3.80609 
-58 -51 -2 -175.592 -153.746 -7.13942 3.48297 2.27526 2.37952 2.27526 3.51037 0.723528 2.37952 0.723528 7.83822 
-53 -50 1 -159.811 -151.793 3.95164 24.3706 -25.0463 -3.02137 -25.0463 53.1062 3.53876 -3.02137 3.53876 3.18427 
-59 -52 2 -177.611 -157.364 7.9467 103.308 1.77733 -9.66708 1.77733 52.1031 37.0673 -9.66708 37.0673 28.9466 
-59 -50 -2 -178.515 -151.453 -6.95529 1.04959 0.539351 0.115296 0.539351 2.92961 -0.15636 0.115296 -0.15636 3.54209 
-51 -51 0 -154.329 -154.365 -1.46164 6.33909 -7.03619 2.87423 -7.03619 11.6304 -3.61779 2.87423 -3.61779 2.00507 
-60 -51 -2 -180.957 -153.509 -6.83444 0.950251 -0.454507 -0.0534195 -0.454507 4.36245 -1.13775 -0.0534195 -1.13775 5.57963 
-75 -52 2 -227.446 -157.062 7.44799 23.2652 -22.0324 18.7266 -22.0324 39.8589 -24.165 18.7266 -24.165 20.6443 
-67 -55 -1 -202.037 -166.366 -5.45038 9.98123 6.62232 69.1106 6.62232 12.4642 110.312 69.1106 110.312 1075.82 
-57 -51 -2 -172.979 -154.45 -7.43521 2.42122 0.179899 0.00246253 0.179899 1.71082 -2.143 0.00246253 -2.143 20.3914 
-77 -52 -1 -233.065 -158.612 -3.98489 4.31199 -0.325953 -27.3415 -0.325953 5.3347 -4.99157 -27.3415 -4.99157 427.919 
-74 -51 2 -223.613 -155.343 7.35627 5.27015 2.14827 1.51413 2.14827 2.83328 0.22436 1.51413 0.22436 1.31545 
-59 -50 1 -178.266 -152.155 4.30641 2.55817 2.92578 -1.50217 2.92578 11.5078 -3.14325 -1.50217 -3.14325 2.3008 
-50 -50 -1 -151.715 -150.697 -4.8208 3.4767 -1.46041 0.136847 -1.46041 7.38848 -0.267011 0.136847 -0.267011 1.26919 
-54 -50 2 -163.262 -152.1 7.64964 38.357 -50.3508 22.9392 -50.3508 74.2046 -33.0358 22.9392 -33.0358 16.8837 
-56 -50 -1 -169.609 -150.725 -3.91499 4.5172 -2.23475 0.0770666 -2.23475 3.25094 -0.160156 0.0770666 -0.160156 2.32068 
-65 -55 1 -195.941 -166.46 5.16492 216.221 -202.211 393.646 -202.211 191.545 -370.534 393.646 -370.534 722.226 
-66 -55 -1 -199.251 -166.907 -5.52873 18.6394 24.3045 117.678 24.3045 35.8457 179.409 117.678 179.409 1030.86 
-58 -51 3 -176.082 -155.057 10.0882 6.61231 0.43715 -0.306607 0.43715 2.5303 -0.320121 -0.306607 -0.320121 1.23549 
-79 -51 -1 -238.633 -153.848 -3.41682 9.27479 -10.3992 -1.90892 -10.3992 15.9986 -3.59619 -1.90892 -3.59619 17.1909 
-64 -54 -1 -193.815 -162.827 -4.97919 8.75204 4.41801 -12.9269 4.41801 6.13268 2.11894 -12.9269 2.11894 44.6005 
-51 -51 -1 -154.123 -155.169 -4.49515 9.11834 19.4784 -12.1759 19.4784 49.0593 -30.2253 -12.1759 -30.2253 20.0608 
-80 -50 0 -242.411 -152.104 -0.12452 7.21843 0.841168 0.547451 0.841168 3.67548 -0.184475 0.547451 -0.184475 0.6065 
-62 -50 -2 -187.061 -150.799 -6.67474 10.7736 -1.26144 1.16621 -1.26144 1.92457 -0.631801 1.16621 -0.631801 6.89848 
-80 -51 0 -242.287 -153.673 -0.0286653 5.24014 -2.05851 1.08406 -2.05851 6.3222 -0.731694 1.08406 -0.731694 0.761591 
-76 -52 -1 -228.76 -157.07 -4.07525 23.6375 0.842077 29.5284 0.842077 0.617529 1.98981 29.5284 1.98981 214.213 
-70 -57 0 -211.472 -172.659 1.88976 1.84544 -0.377993 -0.00561283 -0.377993 3.34473 -0.975033 -0.00561283 -0.975033 0.840034 
-54 -50 0 -163.111 -151.885 -0.387476 3.19121 -0.766573 -0.97962 -0.766573 8.86938 -1.5557 -0.97962 -1.5557 1.46623 
-64 -54 1 -192.939 -164.446 4.3272 2.5578 0.237734 -0.571954 0.237734 2.15073 -0.176979 -0.571954 -0.176979 1.61959 
-73 -51 0 -220.531 -154.573 0.200533 2.97785 2.74749 -0.654377 2.74749 4.76739 -1.5293 -0.654377 -1.5293 0.999776 
-57 -50 -1 -172.726 -150.727 -4.18274 2.49136 0.640272 -0.794008 0.640272 2.50192 0.836369 -0.794008 0.836369 2.28002 
-60 -51 -1 -181.1 -153.609 -4.74449 11.6907 -16.3032 -8.50013 -16.3032 24.5422 12.3636 -8.50013 12.3636 8.58767 
-74 -53 4 -222.3 -159.621 12.9721 164.861 -48.1693 14.1964 -48.1693 16.1721 -5.71837 14.1964 -5.71837 5.95312 
-61 -50 -2 -184.48 -151.623 -6.80058 1.42637 0.591826 0.914958 0.591826 1.79153 0.530585 0.914958 0.530585 8.46365 
-82 -54 -1 -247.364 -163.652 -3.20366 2.19045 -3.76962 -17.6342 -3.76962 13.4193 49.1346 -17.6342 49.1346 248.644 
-57 -50 3 -172.574 -151.928 10.2165 68.6251 -31.8158 -15.4824 -31.8158 116.527 47.3311 -15.4824 47.3311 20.8288 
-75 -53 0 -226.29 -160.007 1.42205 1.86475 -1.69062 3.24122 -1.69062 8.16059 -9.90311 3.24122 -9.90311 17.3566 
-78 -50 -1 -236.228 -152.445 -3.62128 2.98964 -1.0179 4.94401 -1.0179 31.9642 15.2303 4.94401 15.2303 24.1471 
-50 -50 -2 -151.874 -151.109 -7.72782 5.73814 3.65398 -0.0605354 3.65398 5.66235 -0.495487 -0.0605354 -0.495487 0.889859 
-50 -52 -1 -152.284 -156.617 -4.26165 77.3814 -30.5238 -3.49993 -30.5238 31.3025 -0.331544 -3.49993 -0.331544 2.04027 
-55 -50 -1 -166.345 -150.741 -4.20664 1.91376 0.486337 -0.664818 0.486337 1.56263 -0.948818 -0.664818 -0.948818 5.66703 
-54 -52 -1 -164.16 -156.3 -4.09553 4.92033 -7.03519 -3.40371 -7.03519 31.0225 4.71941 -3.40371 4.71941 4.06833 
-81 -50 -1 -244.082 -152.337 -3.59918 3.15356 2.4777 -2.45188 2.4777 6.1051 -3.10574 -2.45188 -3.10574 6.76572 
-80 -53 -1 -241.206 -160.702 -3.53655 2.36455 0.0148634 0.0660042 0.0148634 1.67386 2.14461 0.0660042 2.14461 10.3787 
-72 -51 2 -217.748 -153.993 7.41145 3.3021 2.99646 -0.032159 2.99646 4.53728 0.0755991 -0.032159 0.0755991 1.40334 
-73 -51 -1 -221.037 -155.197 -3.74217 3.73497 3.49354 -1.46639 3.49354 7.6336 1.91264 -1.46639 1.91264 10.1753 
-62 -50 -1 -187.315 -150.946 -4.19114 1.31605 -0.409245 0.541204 -0.409245 5.18929 -0.82993 0.541204 -0.82993 2.46531 
-54 -52 2 -162.635 -156.91 6.59112 69.8717 37.053 26.0612 37.053 38.6673 24.2884 26.0612 24.2884 21.7357 
-52 -52 0 -158.453 -156.331 2.029 24.3573 -52.0161 -18.5717 -52.0161 267.686 64.3662 -18.5717 64.3662 21.8861 
-62 -51 2 -187.941 -153.295 6.64653 25.2713 -56.3382 69.1428 -56.3382 314.5 -264.853 69.1428 -264.853 287.07 
-50 -53 0 -151.666 -159.909 0.886899 7.39488 6.71808 0.643446 6.71808 14.6086 -0.958477 0.643446 -0.958477 0.943886 
-82 -50 -1 -247.528 -152.403 -4.58885 5.17436 -4.50018 -80.9535 -4.50018 14.4653 121.801 -80.9535 121.801 2264.91 
-60 -50 3 -181.848 -150.669 10.0566 3.03105 -2.24882 -2.00803 -2.24882 6.70476 1.96584 -2.00803 1.96584 3.01771 
-60 -53 1 -181.265 -159.625 5.58045 2.65939 -2.97802 2.23614 -2.97802 8.37944 0.535702 2.23614 0.535702 10.5089 
-72 -52 1 -217.591 -157.678 4.05019 3.96159 2.27113 2.82348 2.27113 3.11355 2.79639 2.82348 2.79639 3.95268 
-81 -51 -1 -244.398 -154.054 -3.88421 2.36491 -0.613557 -1.2106 -0.613557 1.43128 -0.116431 -1.2106 -0.116431 6.37153 
-76 -52 3 -229.694 -156.207 10.1744 17.6857 -8.64587 9.81276 -8.64587 272.749 -79.7896 9.81276 -79.7896 32.3793 
-71 -50 0 -213.933 -150.801 2.08051 10.6967 -1.95287 -7.67711 -1.95287 2.37125 -2.62542 -7.67711 -2.62542 16.2935 
-77 -53 -1 -233.172 -160.36 -3.6457 8.0518 0.972708 47.5433 0.972708 6.36668 26.3587 47.5433 26.3587 390.323 
-74 -51 -1 -223.065 -154.808 -4.06871 2.49963 -1.79984 -2.04127 -1.79984 2.21441 1.5788 -2.04127 1.5788 13.51 
-74 -52 -1 -223.352 -156.864 -3.70171 1.70894 -0.931088 -0.104762 -0.931088 7.51551 5.35064 -0.104762 5.35064 10.9163 
-73 -52 2 -220.193 -157.78 7.33663 2.05881 0.234002 1.29796 0.234002 4.54096 -1.69282 1.29796 -1.69282 2.33643 
-56 -51 0 -169.602 -153.944 -2.09402 3.84575 -1.8229 0.547338 -1.8229 2.66272 -1.42277 0.547338 -1.42277 11.1176 
-54 -51 -1 -163.252 -155.235 -3.68435 1.14101 -0.217337 -0.160281 -0.217337 5.82882 2.28793 -0.160281 2.28793 5.27388 
-54 -52 1 -162.795 -157.15 4.57524 6.44903 -3.16794 0.33928 -3.16794 3.35609 0.16852 0.33928 0.16852 1.76752 
-58 -51 2 -176.651 -154.282 7.42387 241.141 174.251 6.83703 174.251 135.33 7.73241 6.83703 7.73241 2.34837 
-77 -51 -1 -232.966 -155.286 -4.18548 7.65226 -8.43641 -17.1593 -8.43641 13.1734 51.3172 -17.1593 51.3172 368.317 
-76 -50 -1 -228.922 -152.154 -4.68343 2.58794 -3.46989 -5.55295 -3.46989 54.2611 127.204 -5.55295 127.204 325.134 
-80 -50 -1 -242.043 -151.933 -3.93087 3.0198 -2.59896 0.256489 -2.59896 3.72224 0.22749 0.256489 0.22749 3.21739 
-55 -51 3 -165.369 -153.857 10.2556 81.4609 -32.2507 24.6838 -32.2507 14.9214 -10.1499 24.6838 -10.1499 8.90207 
-59 -51 3 -178.378 -153.202 10.8482 3.34608 -5.86667 -1.39244 -5.86667 48.7337 2.99922 -1.39244 2.99922 2.3374 
-52 -51 0 -157.659 -153.665 2.22686 2.44926 -1.42146 1.8456 -1.42146 2.03793 0.105763 1.8456 0.105763 8.85729 
-75 -51 3 -226.063 -154.312 10.8606 1.24583 2.54705 -1.32809 2.54705 47.1357 -26.4052 -1.32809 -26.4052 16.9643 
-76 -51 -1 -229.437 -154.978 -4.34664 3.42649 -1.44135 -15.1146 -1.44135 2.81272 9.97197 -15.1146 9.97197 129.796 
-54 -51 2 -164.32 -153.726 7.17984 136.145 -108.718 46.9342 -108.718 100.583 -36.9229 46.9342 -36.9229 17.4021 
-73 -51 1 -220.287 -153.787 3.98745 1.89333 1.08532 -1.34249 1.08532 1.48575 -1.35234 -1.34249 -1.35234 4.62409 
-52 -55 1 -156.645 -165.656 4.05686 4.66505 -9.84507 -1.84234 -9.84507 30.931 5.3448 -1.84234 5.3448 1.94956 
-82 -52 -1 -247.844 -157.014 -4.05405 13.5872 6.42969 14.3757 6.42969 5.41932 17.1382 14.3757 17.1382 154.723 
-53 -52 1 -161.304 -157.081 4.68334 287.019 5.96605 -297.624 5.96605 0.805218 -5.53322 -297.624 -5.53322 315.296 
-70 -55 1 -211.729 -166.553 4.33903 4.26597 -3.19595 0.359285 -3.19595 41.7073 15.8985 0.359285 15.8985 7.73308 
-61 -57 6 -184.572 -173.777 18.8097 4.78575 -22.418 -7.11021 -22.418 183.183 44.1466 -7.11021 44.1466 14.8171 
-74 -52 2 -223.049 -156.885 7.63661 4.64928 2.46947 0.222943 2.46947 5.33659 -1.08797 0.222943 -1.08797 2.11508 
-54 -55 1 -163.173 -165.19 3.26066 14.9802 112.327 2.67704 112.327 920.07 49.0426 2.67704 49.0426 38.326 
-64 -55 1 -193.929 -165.519 4.29789 6.55739 8.29188 1.23576 8.29188 14.2217 1.11872 1.23576 1.11872 2.23659 
-65 -54 1 -196.032 -163.875 5.00949 11.1369 12.7939 -2.05884 12.7939 20.8093 -4.77861 -2.05884 -4.77861 2.86774 
-72 -50 2 -217.678 -152.001 7.64217 6.81899 3.01775 -8.34661 3.01775 3.74862 -5.20992 -8.34661 -5.20992 13.4808 
-60 -52 1 -181.383 -157.566 4.59453 2.52152 -0.0405024 -0.378005 -0.0405024 2.11201 0.814609 -0.378005 0.814609 1.28575 
-54 -51 1 -163.565 -153.614 4.34384 14.3818 0.258229 3.9728 0.258229 3.97523 -0.733268 3.9728 -0.733268 2.87125 
-72 -51 1 -218.365 -154.214 4.70544 14.0226 9.99506 -5.75162 9.99506 14.0564 -5.54714 -5.75162 -5.54714 4.16725 
-61 -51 1 -184.113 -154.901 4.95518 6.0913 5.26996 2.57342 5.26996 6.46118 2.73731 2.57342 2.73731 2.61283 
-60 -50 -1 -181.779 -151.305 -4.72639 3.40848 0.459442 -0.240908 0.459442 1.49444 -0.112974 -0.240908 -0.112974 1.36836 
-74 -50 1 -222.897 -151.687 3.82694 2.69704 0.390275 -0.187206 0.390275 1.77555 -0.840634 -0.187206 -0.840634 3.03947 
-74 -50 -1 -223.543 -150.907 -4.68702 1.25272 -0.585148 -1.22578 -0.585148 4.72221 4.84051 -1.22578 4.84051 14.6453 
-60 -50 1 -182.018 -151.12 4.17824 4.89649 4.58837 0.392617 4.58837 6.69249 -0.663671 0.392617 -0.663671 1.76779 
-52 -50 1 -157.727 -152.173 4.24791 10.5767 6.49512 4.96457 6.49512 6.10336 2.92304 4.96457 2.92304 2.94105 
-79 -50 1 -237.527 -152.27 3.35334 501.945 -612.425 503.375 -612.425 795.02 -619.426 503.375 -619.426 532.978 
-76 -52 2 -229.137 -157.595 8.34278 3.22262 -2.53205 5.8803 -2.53205 6.37864 -5.6229 5.8803 -5.6229 27.5825 
-61 -50 1 -183.649 -151.187 4.37082 9.47224 -1.90349 3.0574 -1.90349 9.94195 1.98728 3.0574 1.98728 3.00228 
-79 -51 0 -238.529 -153.397 -1.12735 3.41815 -2.13324 -0.485962 -2.13324 8.06353 -0.890482 -0.485962 -0.890482 0.950089 
-71 -50 1 -214.174 -150.316 3.77795 104.671 -37.8702 60.3111 -37.8702 294.646 -69.413 60.3111 -69.413 46.7242 
-61 -58 1 -184.726 -175.379 4.79022 2.18998 0.264689 -0.469327 0.264689 6.20089 -0.729901 -0.469327 -0.729901 1.43214 
-70 -51 3 -211.83 -155.56 9.84539 2.41094 -1.14672 3.72037 -1.14672 14.0042 11.8804 3.72037 11.8804 41.6227 
-72 -53 1 -216.637 -159.744 4.92779 76.6562 73.8062 35.0087 73.8062 77.1132 34.8931 35.0087 34.8931 17.21 
-50 -53 1 -152.433 -159.275 4.59979 244.997 -446.572 114.293 -446.572 1097.06 -257.631 114.293 -257.631 63.3266 
-61 -58 4 -184.366 -174.481 13.1799 242.388 -456.336 -182.802 -456.336 872.39 351.008 -182.802 351.008 144.091 
-53 -51 1 -161.398 -155.106 4.60303 11.1928 10.1635 -2.11303 10.1635 18.9516 -1.14468 -2.11303 -1.14468 1.96679 
-61 -51 0 -183.656 -153.731 -0.190096 47.2395 -7.68624 -11.3858 -7.68624 18.5676 -1.54919 -11.3858 -1.54919 3.61198 
-59 -51 1 -177.737 -153.912 4.70172 43.9245 -13.7423 -17.6021 -13.7423 5.78492 5.81655 -17.6021 5.81655 8.72718 
-73 -50 1 -221.026 -151.563 4.6348 2.07336 -0.232068 -0.568443 -0.232068 1.93963 -0.506308 -0.568443 -0.506308 2.99926 
-73 -52 3 -220.959 -156.885 10.0321 9.14882 -2.61796 -4.89995 -2.61796 3.999 0.772296 -4.89995 0.772296 4.03228 
-54 -50 3 -163.078 -151.444 10.0497 8.94578 15.594 -4.66463 15.594 31.743 -10.2476 -4.66463 -10.2476 6.36149 
-67 -56 1 -202.989 -169.368 4.89037 4.00542 -2.65112 -0.420436 -2.65112 19.3639 12.3128 -0.420436 12.3128 10.715 
-58 -51 0 -175.699 -153.659 1.14148 2.01695 0.315165 -0.202185 0.315165 4.89907 -0.4794 -0.202185 -0.4794 0.768139 
-61 -50 3 -183.769 -151.284 11.0021 1.32242 0.324103 0.0253417 0.324103 7.80348 4.8131 0.0253417 4.8131 4.76081 
-83 -51 3 -249.275 -155.618 11.517 5222.88 1848.04 -1328.07 1848.04 868.246 -596.462 -1328.07 -596.462 420.929 
-74 -51 1 -223.094 -153.947 4.44794 36.9032 -10.596 -14.7658 -10.596 3.99942 4.80457 -14.7658 4.80457 7.39835 
-65 -57 1 -196.513 -173.278 5.12585 5.05372 -5.70104 -0.860121 -5.70104 12.2269 0.115983 -0.860121 0.115983 2.6702 
-74 -53 1 -224.061 -159.721 5.22734 5.80928 4.43297 -2.46879 4.43297 6.43259 -5.48898 -2.46879 -5.48898 8.38387 
-75 -51 -1 -226.707 -154.163 -4.16867 1.52763 -0.772031 -1.00959 -0.772031 3.78705 8.15846 -1.00959 8.15846 26.0414 
-68 -56 1 -205.671 -170.047 4.86526 2.2142 0.0909913 -0.675135 0.0909913 0.861147 -0.126549 -0.675135 -0.126549 5.393 
-62 -58 1 -187.395 -175.542 4.54707 1.99499 1.01273 -0.20068 1.01273 1.98927 0.272778 -0.20068 0.272778 1.61301 
-53 -51 3 -161.372 -155.106 9.3216 111.754 13.7959 31.8451 13.7959 20.0996 -2.54877 31.8451 -2.54877 37.9994 
-62 -50 0 -186.362 -150.903 0.922477 210.204 -110.739 64.9628 -110.739 161.785 -67.5041 64.9628 -67.5041 38.7612 
-51 -54 0 -155.111 -163.023 0.160149 125.445 -82.0575 -0.969835 -82.0575 95.6938 -1.73529 -0.969835 -1.73529 0.571538 
-75 -52 1 -226.287 -157.383 5.33877 112.336 -294.029 73.2449 -294.029 788.835 -203.367 73.2449 -203.367 65.5395 
-65 -55 -1 -195.939 -165.664 -5.22586 4.28388 -4.60528 -3.50608 -4.60528 6.90813 2.32927 -3.50608 2.32927 7.98071 
-73 -50 -1 -221.07 -151.344 -4.72435 2.03798 -0.351912 0.0552396 -0.351912 1.20168 3.53049 0.0552396 3.53049 29.3873 
-83 -53 -1 -249.737 -160.427 -3.38744 13.5965 2.57574 -0.630776 2.57574 2.81142 3.71648 -0.630776 3.71648 23.8937 
-63 -54 -1 -191.593 -164.408 -4.42976 25.6893 -20.3069 -14.6446 -20.3069 30.071 -5.76511 -14.6446 -5.76511 65.8827 
-70 -56 1 -211.832 -169.351 4.89973 395.626 31.0753 85.9308 31.0753 27.3079 -20.3456 85.9308 -20.3456 49.1477 
-54 -51 3 -163.891 -154.369 9.4807 56.648 68.6507 -37.8751 68.6507 85.276 -41.1258 -37.8751 -41.1258 58.096 
-61 -58 2 -184.663 -174.891 6.83733 1.81909 -0.182622 -0.0598794 -0.182622 3.48235 -0.065689 -0.0598794 -0.065689 3.85681 
-60 -58 2 -182.346 -175.217 6.60863 736.475 836.924 118.164 836.924 957.741 135.383 118.164 135.383 20.9407 
-71 -51 3 -214.08 -155.419 9.82635 2.42712 -0.0668648 -1.93482 -0.0668648 21.4312 -1.8989 -1.93482 -1.8989 5.92735 
-60 -52 3 -181.947 -156.749 9.72413 1.92317 0.208533 -0.673619 0.208533 5.82629 -0.185822 -0.673619 -0.185822 3.60857 
-64 -54 2 -193.867 -164.016 7.37458 1.24856 -1.66617 1.31433 -1.66617 16.36 -10.1401 1.31433 -10.1401 8.52362 
-66 -57 2 -199.657 -173.071 7.32163 19.0528 4.80059 -31.8986 4.80059 3.27099 -8.40171 -31.8986 -8.40171 56.2376 
-61 -50 2 -184.77 -151.473 7.18696 2.38152 -1.29539 0.743278 -1.29539 1.63168 -0.196144 0.743278 -0.196144 2.50018 
-74 -53 2 -224.301 -159.721 7.02282 10.6862 -19.9475 -3.19263 -19.9475 50.4108 3.66058 -3.19263 3.66058 2.90398 
-67 -56 2 -203.537 -169.727 7.10365 15.9144 -0.98117 1.62441 -0.98117 2.64653 0.940649 1.62441 0.940649 2.06475 
-61 -52 2 -183.892 -156.937 6.99236 2.4557 0.657881 -2.82231 0.657881 3.28486 -0.322884 -2.82231 -0.322884 12.0722 
-60 -51 0 -181.333 -153.881 -0.0112196 4.46151 -1.72492 0.0806728 -1.72492 4.38142 0.649229 0.0806728 0.649229 0.412854 
-70 -52 2 -212.19 -157.427 7.53123 8.27825 -2.09141 -0.193592 -2.09141 2.76824 -0.114082 -0.193592 -0.114082 1.03726 
-59 -51 2 -177.692 -154.044 6.83139 3.59064 -1.07455 3.05971 -1.07455 3.79434 -2.37777 3.05971 -2.37777 4.31674 
-73 -50 2 -220.855 -151.657 6.65754 2.64504 0.889245 -5.29717 0.889245 2.0643 -2.88966 -5.29717 -2.88966 14.9489 
-51 -54 1 -155.026 -163.08 4.91303 477.853 433.47 -2.59861 433.47 1452.72 -44.9217 -2.59861 -44.9217 3.34701 
-59 -50 2 -178.099 -152.448 7.52403 5.98117 -10.8119 -0.312048 -10.8119 61.2038 9.17568 -0.312048 9.17568 3.26015 
-60 -50 2 -182.526 -150.555 7.65092 13.5861 1.01928 -1.10486 1.01928 17.7015 -0.0365161 -1.10486 -0.0365161 1.51566 
-65 -57 2 -196.974 -173.186 7.69268 10.2436 -4.96678 -1.35587 -4.96678 5.39189 1.17112 -1.35587 1.17112 1.95223 
-68 -56 2 -205.045 -169.947 7.07972 4.42271 0.940867 -2.9715 0.940867 0.986088 -0.367267 -2.9715 -0.367267 6.27536 
-62 -51 1 -186.963 -153.92 5.39376 2.70083 -6.44583 7.21288 -6.44583 26.664 -22.8586 7.21288 -22.8586 34.5034 
-63 -54 2 -190.598 -164.005 7.25417 11.6227 -7.78578 12.4764 -7.78578 15.5339 -11.2004 12.4764 -11.2004 17.6057 
-78 -51 -1 -236.061 -154.227 -4.06184 10.8954 0.965064 8.8464 0.965064 6.21387 -5.02154 8.8464 -5.02154 15.5786 
-51 -54 2 -154.749 -163.079 7.04047 1729.34 638.989 -49.2998 638.989 517.71 -48.5776 -49.2998 -48.5776 6.70876 
-61 -53 1 -184.389 -160.027 4.79664 4.02691 -2.34293 -5.38166 -2.34293 15.7998 12.5739 -5.38166 12.5739 14.3937 
-65 -54 2 -196.232 -163.794 7.81655 46.4388 -62.6369 61.8623 -62.6369 85.8484 -84.3995 61.8623 -84.3995 84.1179 
-75 -53 2 -226.334 -160.068 8.10551 7.18104 -1.24783 7.96858 -1.24783 3.30344 -4.13322 7.96858 -4.13322 13.994 
-72 -51 3 -217.859 -153.426 9.85702 10.6558 12.703 -4.50968 12.703 25.944 -1.585 -4.50968 -1.585 5.19712 
-78 -53 -1 -235.493 -160.211 -3.7168 1.07479 -1.64965 -10.3998 -1.64965 16.7679 106.136 -10.3998 106.136 888.146 
-67 -56 3 -203.138 -169.863 9.75731 10.9735 3.53192 3.39773 3.53192 5.78015 -1.74429 3.39773 -1.74429 5.70676 
-71 -50 2 -214.807 -151.919 7.96623 3.00717 -2.35813 -0.636813 -2.35813 5.33699 -0.24599 -0.636813 -0.24599 3.94528 
-57 -50 2 -172.781 -150.495 8.07327 10.8409 11.4308 6.16998 11.4308 35.0032 22.0334 6.16998 22.0334 18.5712 
-81 -52 -1 -244.445 -157.437 -4.00036 2.55195 -1.41368 -0.865587 -1.41368 1.84144 0.337265 -0.865587 0.337265 31.1609 
-62 -58 5 -187.465 -175.291 15.7794 1653.25 -703.676 -966.107 -703.676 338.745 351.902 -966.107 351.902 667.033 
-79 -50 0 -238.01 -151.894 -0.242367 2.92335 -0.780269 -0.542251 -0.780269 3.64085 0.142938 -0.542251 0.142938 0.494256 
-73 -52 1 -219.608 -157.601 4.39037 4.39039 -2.03731 -0.727819 -2.03731 33.73 25.4853 -0.727819 25.4853 21.3574 
-61 -52 3 -183.508 -157.154 10.2274 99.9196 -183.016 -7.56298 -183.016 349.377 9.08715 -7.56298 9.08715 3.5866 
-74 -51 3 -224.28 -155.359 10.363 10.485 10.2019 -3.81417 10.2019 14.9079 -4.28005 -3.81417 -4.28005 2.75702 
-59 -50 3 -177.933 -152.597 10.088 2.60274 -0.664673 -0.759181 -0.664673 1.69822 0.47681 -0.759181 0.47681 1.73522 
-62 -50 3 -186.766 -151.9 10.0113 17.4052 -0.520353 14.6617 -0.520353 0.726984 -0.474719 14.6617 -0.474719 17.4355 
-72 -50 3 -217.745 -151.993 10.4958 2.86845 -2.38035 1.04715 -2.38035 3.51572 -1.54757 1.04715 -1.54757 2.53298 
-68 -56 4 -205.319 -169.566 14.0129 17.8858 26.0305 -8.6911 26.0305 45.5296 -9.95652 -8.6911 -9.95652 9.72857 
-71 -50 3 -214.703 -151.149 9.75891 2.32976 -0.261104 0.0899304 -0.261104 1.50709 0.429388 0.0899304 0.429388 1.36589 
-79 -50 -1 -237.851 -152.226 -3.86747 3.85744 2.40836 0.834016 2.40836 3.54972 1.11285 0.834016 1.11285 7.08046 
-83 -52 3 -249.588 -156.573 10.6925 39.516 -12.7708 5.12389 -12.7708 30.6243 -16.3614 5.12389 -16.3614 11.7008 
-75 -52 3 -226.201 -156.736 9.94006 255.356 -407.192 184.481 -407.192 668.342 -263.821 184.481 -263.821 229.397 
-62 -58 2 -186.888 -175.182 6.86806 4.4176 0.604798 -2.83929 0.604798 43.1487 65.1201 -2.83929 65.1201 108.03 
