-64 19 1 -192.648 57.8625 3.34163 1856.36 -59.4563 -8.32325 -59.4563 3.76546 0.190858 -8.32325 0.190858 7.91522 
-64 18 1 -192.725 55.6233 3.35713 408.623 -15.8071 -46.1129 -15.8071 1.7537 -0.374487 -46.1129 -0.374487 32.1443 
-64 17 1 -192.772 52.3329 3.38178 511.818 12.9025 -160.548 12.9025 2.68977 -9.56334 -160.548 -9.56334 77.1514 
-64 20 0 -192.464 61.8242 1.99744 126.359 -23.8977 -1.91487 -23.8977 18.3312 0.570871 -1.91487 0.570871 2.44302 
-64 18 0 -192.699 56.4946 1.44098 363.606 10.9013 19.7403 10.9013 6.78722 3.58473 19.7403 3.58473 3.99011 
-74 16 0 -222.962 50.2889 -0.00113945 457.44 72.397 -18.887 72.397 40.1894 -9.20459 -18.887 -9.20459 3.60496 
-60 17 -1 -181.394 52.2839 -4.84423 12.379 -3.72583 18.5707 -3.72583 2.99651 -33.6724 18.5707 -33.6724 806.363 
-74 16 -1 -224.308 50.4138 -4.24408 117.501 77.0373 -134.889 77.0373 59.3101 -86.3183 -134.889 -86.3183 157.441 
-63 16 0 -190.853 50.3362 -2.2141 92.513 -223.526 108.938 -223.526 546.304 -263.62 108.938 -263.62 133.497 
-62 20 -1 -188.538 61.4937 -4.29851 120.126 -20.2145 35.779 -20.2145 5.1633 -9.29401 35.779 -9.29401 46.0074 
-64 19 0 -192.625 57.5545 0.597191 222.98 -22.8318 -0.681303 -22.8318 8.26422 0.236785 -0.681303 0.236785 0.581626 
-60 16 -1 -182.177 50.671 -4.89149 22.2421 -13.7255 206.021 -13.7255 24.6532 -81.4016 206.021 -81.4016 3291.45 
-74 17 -1 -223.645 53.1416 -4.34065 2.19595 -1.61443 -3.04996 -1.61443 3.02067 1.64888 -3.04996 1.64888 16.574 
-55 18 -1 -165.6 56.1583 -3.67002 10.2385 -0.778502 -0.912133 -0.778502 18.4393 -2.80142 -0.912133 -2.80142 3.90623 
-62 19 -1 -188.839 59.4423 -4.38859 268.878 10.4254 107.692 10.4254 9.14999 -11.6408 107.692 -11.6408 102.902 
-62 21 -1 -188.315 64.6124 -4.26606 41.9512 -2.26491 16.9241 -2.26491 1.85516 0.173158 16.9241 0.173158 17.9889 
-58 16 -1 -176.199 50.4812 -4.84808 8.80567 7.95539 129.796 7.95539 33.2983 241.243 129.796 241.243 3184.56 
-63 18 -1 -190.883 54.7156 -3.9408 91.76 -12.7159 244.834 -12.7159 5.02715 -34.5948 244.834 -34.5948 661.506 
-63 17 -1 -191.242 53.2041 -3.9765 10.1752 -3.87133 17.1799 -3.87133 3.32089 -6.46016 17.1799 -6.46016 38.8517 
-54 18 -1 -163.448 55.8506 -3.57955 89.4802 162.851 -6.24125 162.851 328.273 7.40284 -6.24125 7.40284 18.0974 
-59 16 -1 -178.386 50.2929 -4.83472 21.3911 87.6842 -29.6767 87.6842 475.811 238.718 -29.6767 238.718 1723.03 
-63 19 -1 -190.499 58.3068 -4.10189 5.73437 -2.4721 14.8395 -2.4721 2.07524 -5.50908 14.8395 -5.50908 54.7643 
-63 20 -1 -189.848 60.7501 -3.89447 18.1344 -2.56991 41.7873 -2.56991 3.42637 -18.4274 41.7873 -18.4274 238.377 
-73 17 -1 -221.148 53.2303 -4.07494 5.00868 0.988099 -5.51158 0.988099 2.60357 1.94512 -5.51158 1.94512 20.2648 
-55 20 -1 -165.125 60.9226 -4.38151 960.328 611.225 -158.572 611.225 824.081 -99.9091 -158.572 -99.9091 54.1396 
-64 17 -1 -192.277 52.0268 -3.67731 64.7822 -18.9457 -288.798 -18.9457 7.78746 78.6813 -288.798 78.6813 1904.21 
-64 17 0 -192.801 52.3961 1.51335 195.282 -18.9265 6.09126 -18.9265 6.43017 -0.182111 6.09126 -0.182111 0.73045 
-64 22 -1 -192.275 66.7085 -3.21504 4059.38 -439.026 -254.206 -439.026 52.2201 21.6245 -254.206 21.6245 81.3091 
-53 17 -1 -161.297 52.3761 -4.79559 4.28375 0.801963 -15.6819 0.801963 1.08853 8.69159 -15.6819 8.69159 660.639 
