-93 -50 4 -281.324 -151.783 12.8554 34.9607 75.4224 13.0977 75.4224 198.78 40.4024 13.0977 40.4024 10.2276 
-91 -52 1 -274.984 -157.765 4.33265 3.21873 0.555425 0.576664 0.555425 2.63947 -0.479988 0.576664 -0.479988 1.40496 
-83 -51 -1 -250.918 -154.894 -4.28257 3.43739 1.06104 -0.847033 1.06104 5.4134 19.6098 -0.847033 19.6098 119.657 
-95 -50 3 -286.149 -150.736 9.80357 4.59411 -0.0598088 2.4611 -0.0598088 14.6365 -0.172388 2.4611 -0.172388 5.19302 
-84 -52 2 -253.565 -156.952 7.77627 43.5279 -74.4516 -11.169 -74.4516 130.665 20.5651 -11.169 20.5651 5.48854 
-93 -50 0 -280.688 -150.728 -0.399273 3.7378 0.596323 -0.317363 0.596323 2.85371 0.19657 -0.317363 0.19657 0.342337 
-85 -53 0 -255.15 -160.266 -0.337661 91.1207 -10.3797 0.60039 -10.3797 2.80156 -0.458591 0.60039 -0.458591 0.236267 
-84 -53 1 -252.848 -160.556 4.73455 35.5678 -27.8783 -3.22344 -27.8783 25.3005 2.12098 -3.22344 2.12098 1.41923 
-88 -50 -1 -265.986 -151.44 -3.60432 1740.82 1227.85 199.355 1227.85 870.01 141.458 199.355 141.458 39.149 
-93 -50 3 -280.476 -151.025 9.6155 4.1448 4.15684 3.5003 4.15684 6.50098 4.4275 3.5003 4.4275 6.1067 
-90 -52 0 -272.679 -156.377 1.78406 1123.75 573.956 -148.767 573.956 1507.87 262.791 -148.767 262.791 121.725 
-89 -52 3 -268.035 -157.045 9.93707 15.6311 -8.5817 0.538995 -8.5817 5.88722 -0.39116 0.538995 -0.39116 2.51188 
-88 -52 0 -265.611 -157.846 1.80684 1.75594 0.222169 -2.58963 0.222169 2.06232 -0.107151 -2.58963 -0.107151 10.0901 
-88 -53 0 -265.691 -160.462 1.91503 4.64952 -3.26844 -1.25189 -3.26844 3.1723 0.663072 -1.25189 0.663072 2.40053 
-95 -51 3 -285.648 -154.055 10.2679 13.5274 -9.35906 -2.21133 -9.35906 15.0833 1.19674 -2.21133 1.19674 2.1193 
-91 -53 0 -274.397 -159.623 1.81148 1.25253 0.330951 -1.13178 0.330951 3.17213 0.564218 -1.13178 0.564218 3.3083 
-92 -52 2 -278.082 -158.94 8.59929 1142.05 -2473.51 31.4985 -2473.51 9869.73 -81.7685 31.4985 -81.7685 11.437 
-91 -50 1 -275.036 -151.341 4.47246 2.6956 1.49227 0.291282 1.49227 3.95939 -1.63823 0.291282 -1.63823 1.94159 
-86 -52 2 -258.955 -158.31 7.77771 420.972 -41.9029 -418.788 -41.9029 83.4557 -13.5304 -418.788 -13.5304 457.326 
-89 -51 1 -269.087 -153.93 3.70426 8.14512 13.7281 -14.4832 13.7281 29.6659 -24.055 -14.4832 -24.055 29.3906 
-89 -53 0 -267.999 -159.498 2.05527 23.3488 -27.0412 -12.7424 -27.0412 32.6377 15.1276 -12.7424 15.1276 7.88055 
-95 -51 0 -285.739 -154.53 2.63813 33.3165 83.1912 -92.822 83.1912 230.512 -264.141 -92.822 -264.141 307.592 
-83 -53 3 -251.637 -159.487 9.82097 134.614 -91.0862 8.0807 -91.0862 223.522 -94.5383 8.0807 -94.5383 52.4454 
-90 -53 0 -272.252 -159.478 2.35243 6.90865 -5.53566 -2.69234 -5.53566 15.5249 4.31189 -2.69234 4.31189 10.0355 
-90 -50 0 -271.142 -150.71 0.342169 1.37009 -0.718587 -0.0199021 -0.718587 3.87246 -0.482998 -0.0199021 -0.482998 0.589598 
-89 -52 0 -268.061 -158.412 1.58886 2.65565 0.71674 -0.0838376 0.71674 4.12993 -0.0628593 -0.0838376 -0.0628593 1.00723 
-86 -50 3 -259.632 -152.048 10.1455 64.6758 17.8231 -85.5211 17.8231 30.9456 -25.8687 -85.5211 -25.8687 116.386 
-88 -52 1 -265.09 -158.511 5.15307 8.35017 3.43239 -2.50273 3.43239 16.7313 -5.54837 -2.50273 -5.54837 7.99283 
-88 -51 0 -266.025 -154.401 1.1466 2.96979 -1.68233 -1.55584 -1.68233 2.33896 0.0122151 -1.55584 0.0122151 2.72076 
-91 -51 0 -274.51 -153.447 1.09748 2.92488 -2.67133 -0.778791 -2.67133 8.4251 0.681841 -0.778791 0.681841 0.427454 
-86 -50 1 -260.319 -150.434 4.39423 7.63131 7.13538 -2.13758 7.13538 23.2015 -3.07052 -2.13758 -3.07052 2.07822 
-92 -50 1 -277.255 -150.653 4.43448 2.22548 1.13058 -1.42392 1.13058 2.49238 -1.45883 -1.42392 -1.45883 3.4351 
-84 -50 0 -254.538 -150.674 -0.0330835 11.8411 -4.72061 0.290385 -4.72061 8.20739 0.245617 0.290385 0.245617 0.293763 
-84 -52 0 -252.753 -157.805 -0.937379 3.54172 -1.50648 0.176879 -1.50648 3.18106 -0.624874 0.176879 -0.624874 0.505782 
-85 -51 0 -256.118 -153.851 -0.382198 3.24868 0.292722 0.718512 0.292722 1.2104 0.099949 0.718512 0.099949 0.410634 
-91 -52 3 -274.189 -157.088 10.3203 3.75278 0.898679 -0.360043 0.898679 2.34578 -0.29893 -0.360043 -0.29893 1.63905 
-89 -52 1 -267.877 -157.811 4.38696 59.5605 -33.8492 3.39963 -33.8492 21.8229 -2.58902 3.39963 -2.58902 2.27295 
-87 -51 0 -262.802 -154.099 0.273833 1.8013 -0.187595 -0.36989 -0.187595 1.59871 0.0630755 -0.36989 0.0630755 0.445211 
-89 -53 1 -267.246 -159.256 4.59422 346.381 -662.115 -78.3758 -662.115 1805.69 192.685 -78.3758 192.685 24.0424 
-86 -51 0 -259.35 -154.858 -0.102987 97.4767 -138.578 -1.6722 -138.578 207.412 0.588323 -1.6722 0.588323 0.670312 
-87 -51 1 -262.876 -153.759 4.37342 69.5372 -17.9083 -1.50612 -17.9083 7.46745 0.12791 -1.50612 0.12791 1.51648 
-92 -51 0 -276.943 -153.347 0.166944 2.15101 1.97816 -0.358124 1.97816 19.4099 -0.353436 -0.358124 -0.353436 0.321946 
-88 -50 0 -265.169 -151.411 0.94522 1.00886 -0.340087 -0.0169886 -0.340087 2.57724 0.558473 -0.0169886 0.558473 0.788265 
-93 -53 1 -280.534 -159.498 3.66752 423.457 -400.279 -571.617 -400.279 381.901 540.608 -571.617 540.608 781.75 
-83 -50 0 -251.094 -150.22 -0.0348493 16.2542 -44.1742 -34.0823 -44.1742 205.853 167.426 -34.0823 167.426 248.753 
-94 -51 1 -283.77 -153.986 5.01756 1.01632 -0.157936 -0.699134 -0.157936 2.36782 -1.04588 -0.699134 -1.04588 2.72048 
-94 -51 2 -283.95 -153.671 7.81609 6.9376 -7.94967 0.564301 -7.94967 16.6849 -0.848371 0.564301 -0.848371 1.06874 
-87 -50 -1 -262.513 -151.795 -3.71456 3.20329 -3.7362 6.25804 -3.7362 5.37374 -9.7303 6.25804 -9.7303 71.1703 
-84 -52 -1 -253.488 -157.536 -3.84863 2.06213 1.12913 -0.252968 1.12913 2.21265 4.27682 -0.252968 4.27682 29.8171 
-92 -53 1 -277.264 -159.449 4.48202 1.78466 0.374421 -0.467549 0.374421 4.89897 -0.588047 -0.467549 -0.588047 1.70499 
-88 -53 1 -265.369 -160.176 4.36919 1.46715 -1.07821 -0.00706598 -1.07821 2.71613 -0.0731647 -0.00706598 -0.0731647 1.78742 
-83 -54 1 -251.106 -163.485 4.1815 6.03874 2.63925 -0.856682 2.63925 3.53226 0.196504 -0.856682 0.196504 2.51625 
-85 -51 -1 -256.058 -154.953 -4.00467 2.98222 1.25761 -1.5677 1.25761 1.77002 -0.381691 -1.5677 -0.381691 13.4338 
-87 -50 1 -263.046 -151.623 3.50625 4.7927 -2.45192 -4.30941 -2.45192 4.352 1.24052 -4.30941 1.24052 6.67933 
-86 -51 1 -259.34 -154.797 3.83125 5.62394 -63.6022 13.1116 -63.6022 1173.07 -291.144 13.1116 -291.144 81.4327 
-85 -50 -1 -256.215 -151.649 -3.75152 1.75375 0.281025 -1.29467 0.281025 1.09903 0.0396578 -1.29467 0.0396578 8.84692 
-85 -52 1 -256.652 -158.079 4.99846 25.2427 -73.2567 -11.1531 -73.2567 255.696 31.6829 -11.1531 31.6829 9.3533 
-83 -54 -1 -251.523 -162.852 -3.31793 19.8666 23.4658 85.9564 23.4658 40.8168 166.563 85.9564 166.563 796.066 
-89 -50 0 -268.124 -150.804 0.958917 1.90483 1.0704 -0.0366014 1.0704 3.7973 -0.227101 -0.0366014 -0.227101 0.294612 
-99 -50 2 -298.756 -151.93 7.17769 2.2434 -0.0713119 0.97612 -0.0713119 1.71061 0.085192 0.97612 0.085192 1.86753 
-83 -52 -1 -251.15 -157.028 -3.84172 3.60186 -0.910054 1.14909 -0.910054 2.41979 2.06175 1.14909 2.06175 13.0874 
-95 -51 1 -285.662 -154.718 4.72617 53.5782 27.9011 -51.4752 27.9011 17.9679 -29.3546 -51.4752 -29.3546 52.0186 
-86 -50 -1 -259.337 -151.387 -3.54581 1.93133 1.32269 2.67641 1.32269 5.7626 6.9759 2.67641 6.9759 22.2709 
-87 -51 3 -262.94 -153.552 10.2343 11.6298 -13.2104 -0.959353 -13.2104 27.2277 -0.00397821 -0.959353 -0.00397821 1.421 
-101 -52 1 -304.787 -157.52 5.39111 217.79 -41.5051 471.038 -41.5051 9.82204 -90.7219 471.038 -90.7219 1026.21 
-85 -54 0 -256.287 -163.229 -0.737258 2.38211 -2.59474 0.438404 -2.59474 4.09424 -0.65045 0.438404 -0.65045 0.340364 
-85 -50 0 -256.556 -150.858 -0.956971 1.51258 0.333041 -0.0487665 0.333041 1.68978 -0.278763 -0.0487665 -0.278763 0.286592 
-89 -52 2 -268.012 -157.701 7.5122 75.1722 -41.275 7.17405 -41.275 24.1518 -4.16224 7.17405 -4.16224 2.20956 
-85 -55 0 -257.378 -165.936 -2.18121 21.7119 -12.331 3.46014 -12.331 13.1123 -2.16327 3.46014 -2.16327 1.1255 
-84 -53 0 -253.561 -160.196 -0.0844132 1.83482 -0.557514 0.0637785 -0.557514 1.81359 0.0381053 0.0637785 0.0381053 0.345043 
-87 -52 0 -262.591 -158.095 0.39048 0.578232 0.0105105 0.11685 0.0105105 1.84615 -0.0586353 0.11685 -0.0586353 0.194128 
-84 -53 2 -252.895 -160.83 6.78954 29.1628 -24.4004 -0.544194 -24.4004 29.2976 4.50607 -0.544194 4.50607 3.10234 
-84 -51 -1 -253.362 -155.335 -4.1539 2.79524 1.51541 16.8216 1.51541 9.6822 0.747895 16.8216 0.747895 251.116 
-91 -50 2 -275.117 -150.825 7.23389 23.1474 -3.49416 -9.79749 -3.49416 3.51949 3.74952 -9.79749 3.74952 6.86244 
-94 -50 1 -283.217 -151.808 4.61606 1.9874 0.44909 -0.368617 0.44909 3.03961 0.436054 -0.368617 0.436054 1.28762 
-92 -50 0 -277.336 -151.209 0.791866 1.86574 0.922191 -0.138552 0.922191 2.03283 -0.460753 -0.138552 -0.460753 0.455693 
-87 -50 0 -262.856 -151.204 1.04737 1.46308 -0.35114 0.153616 -0.35114 2.17301 0.230749 0.153616 0.230749 0.646082 
-83 -53 0 -251.121 -159.876 -0.374579 1.91234 0.595744 -0.229316 0.595744 2.62162 -0.863973 -0.229316 -0.863973 0.707798 
-91 -52 0 -274.305 -157.742 1.65588 2.23878 0.146048 0.307092 0.146048 1.82355 -0.0728915 0.307092 -0.0728915 2.33193 
-85 -50 1 -256.293 -150.606 3.7956 3.19102 2.0799 0.284244 2.0799 10.5698 -0.577222 0.284244 -0.577222 1.33691 
-86 -50 0 -260.099 -150.755 0.266247 1.30296 0.583603 0.0770387 0.583603 3.70228 -0.140951 0.0770387 -0.140951 0.35777 
-83 -52 0 -251.406 -158.315 -0.472817 11.1767 7.07877 0.703429 7.07877 8.0954 1.09685 0.703429 1.09685 0.540922 
-87 -51 2 -262.797 -153.276 7.38467 34.5411 -11.8784 -0.0202766 -11.8784 98.0558 8.50884 -0.0202766 8.50884 1.8805 
-93 -51 1 -280.974 -154.82 4.57778 4.17335 2.97757 0.388373 2.97757 3.19655 0.315472 0.388373 0.315472 0.718095 
-94 -54 1 -282.842 -163.219 4.84089 28.7643 23.5705 -5.55204 23.5705 25.1772 -4.88088 -5.55204 -4.88088 2.57836 
-99 -50 1 -298.627 -152.17 4.59088 3.26052 -0.823534 0.318532 -0.823534 3.18539 -0.148587 0.318532 -0.148587 1.25231 
-94 -50 0 -283.917 -151.624 0.618233 1.62551 -0.745112 -0.0211803 -0.745112 3.0506 0.253539 -0.0211803 0.253539 0.253736 
-92 -53 0 -276.845 -159.264 1.58803 64.4739 -48.5177 13.4513 -48.5177 357.989 -20.0692 13.4513 -20.0692 3.56022 
-99 -52 1 -297.386 -156.421 4.92553 81.2942 -67.7727 -3.33553 -67.7727 107.609 -3.65199 -3.33553 -3.65199 2.97894 
-86 -50 2 -259.515 -150.332 7.03269 16.9491 -0.476345 -18.7091 -0.476345 3.46577 0.981765 -18.7091 0.981765 23.0607 
-93 -50 2 -280.309 -151.036 7.50925 2.31864 1.11433 -0.813405 1.11433 3.14566 -0.621755 -0.813405 -0.621755 1.55861 
-89 -51 3 -268.838 -155.015 10.9527 13.1186 27.6438 -8.64937 27.6438 91.2521 -37.6224 -8.64937 -37.6224 19.4664 
-101 -50 0 -304.043 -151.185 -0.882426 8.51467 0.726949 2.95906 0.726949 3.35567 -0.145906 2.95906 -0.145906 1.51308 
-101 -50 1 -304.556 -151.322 4.71686 1.83071 -0.958415 0.215009 -0.958415 2.49377 -0.625875 0.215009 -0.625875 2.6485 
-92 -52 1 -278.034 -158.087 5.09827 35.0356 43.748 -21.151 43.748 58.1626 -30.0863 -21.151 -30.0863 20.6479 
-89 -51 0 -269.22 -154.035 1.03891 128.999 -44.77 21.5404 -44.77 23.4089 -7.6557 21.5404 -7.6557 4.38805 
-98 -51 1 -296.247 -153.684 5.15818 17.5585 -77.0853 -16.792 -77.0853 428.939 91.5089 -16.792 91.5089 23.5923 
-91 -50 0 -274.75 -151.989 1.55298 1.20966 0.0629656 -0.0815275 0.0629656 1.84817 -0.118858 -0.0815275 -0.118858 0.500719 
-98 -50 1 -296.285 -151.402 4.98337 27.41 -1.59891 26.9481 -1.59891 6.1316 8.78668 26.9481 8.78668 49.5378 
-91 -51 3 -273.839 -155.372 11.2615 69.5584 220.313 -141.944 220.313 855.898 -567.882 -141.944 -567.882 380.373 
-86 -52 0 -259.825 -157.882 0.492768 2.32668 -0.432944 -0.636473 -0.432944 1.52589 0.293489 -0.636473 0.293489 0.572951 
-92 -53 2 -277.463 -159.598 7.23317 2.02396 -2.02368 0.615938 -2.02368 5.03156 -0.362353 0.615938 -0.362353 1.6774 
-86 -53 2 -259.723 -159.261 7.40847 190.812 79.2353 -17.8201 79.2353 230.518 20.2882 -17.8201 20.2882 6.61206 
-83 -52 2 -251.048 -158.018 7.53822 4.90165 1.78379 -2.64295 1.78379 1.89724 -1.57288 -2.64295 -1.57288 3.8157 
-91 -53 1 -274.371 -159.78 4.13918 1.16595 0.648558 0.268403 0.648558 2.74352 0.315828 0.268403 0.315828 1.53774 
-89 -50 1 -267.881 -151.514 4.54548 74.0137 32.6981 26.9626 32.6981 17.7583 11.5353 26.9626 11.5353 11.0632 
-85 -52 2 -256.018 -157.927 7.03958 2.56612 -0.662293 1.04582 -0.662293 22.4445 -4.7471 1.04582 -4.7471 2.37173 
-94 -50 2 -283.73 -151.52 7.39068 1.82016 -0.75774 0.359341 -0.75774 1.55353 -0.517296 0.359341 -0.517296 3.11256 
-95 -50 1 -286.362 -151.264 4.53158 1.88643 -0.0351068 0.368086 -0.0351068 2.26346 -0.933611 0.368086 -0.933611 1.96356 
-91 -53 2 -274.85 -159.867 7.69754 2.27527 0.777038 0.52415 0.777038 5.17654 0.120744 0.52415 0.120744 2.0511 
-89 -50 2 -268.261 -151.68 6.94847 115.784 344.55 -81.5555 344.55 1056.65 -245.578 -81.5555 -245.578 60.1821 
-95 -50 2 -286.159 -151.827 7.71598 1.37355 -1.48143 -0.64746 -1.48143 5.38754 1.67629 -0.64746 1.67629 2.01892 
-86 -53 1 -260.161 -159.129 4.4387 397.603 269.22 -64.006 269.22 482.8 -59.4352 -64.006 -59.4352 12.9824 
-87 -50 2 -262.437 -152.235 7.63337 3.23997 -1.25099 -0.608959 -1.25099 3.0164 -0.39656 -0.608959 -0.39656 2.13986 
-88 -53 2 -265.589 -160.148 7.99309 111.912 16.3475 -15.8318 16.3475 274.282 -24.3164 -15.8318 -24.3164 6.15204 
-83 -53 2 -251.203 -160.504 7.15701 6.96147 1.06483 -2.20211 1.06483 1.70535 0.176619 -2.20211 0.176619 2.1211 
-87 -52 2 -263.726 -156.429 7.91142 113.9 -329.649 -13.6582 -329.649 1243.8 33.4218 -13.6582 33.4218 3.1472 
-89 -53 2 -267.122 -159.539 7.28091 302.724 -292.41 -30.2187 -292.41 780.302 68.4867 -30.2187 68.4867 8.15374 
-93 -53 3 -279.481 -161.19 10.6284 231.818 -351.214 -13.5809 -351.214 581.868 28.1576 -13.5809 28.1576 3.14474 
-91 -51 2 -274.917 -154.98 7.51193 17.5966 -3.57303 2.57823 -3.57303 6.88702 -10.7483 2.57823 -10.7483 21.5645 
-101 -50 2 -304.796 -151.661 6.92708 31.7953 13.1526 4.59975 13.1526 9.4094 6.9804 4.59975 6.9804 19.7375 
-96 -50 2 -288.501 -152.751 7.02739 81.6068 252.372 -65.9593 252.372 910.238 -207.826 -65.9593 -207.826 66.1789 
-83 -51 2 -251.196 -155.653 7.98782 59.0544 -110.171 1.24896 -110.171 229.88 -10.3732 1.24896 -10.3732 7.10531 
-98 -50 2 -296.356 -151.909 7.32057 116.407 -2.70802 -135.985 -2.70802 5.64309 5.08953 -135.985 5.08953 163.695 
-91 -52 2 -274.567 -157.744 7.51784 9.04406 -0.597695 -2.58376 -0.597695 1.28342 0.162218 -2.58376 0.162218 1.89266 
-90 -53 1 -272.298 -159.864 4.29705 5.16525 5.22431 1.9178 5.22431 7.35987 2.37496 1.9178 2.37496 2.68441 
-94 -51 3 -284.441 -154.174 9.59746 45.3814 260.782 84.1842 260.782 3189.17 1152 84.1842 1152 427.896 
-83 -53 -1 -250.681 -160.309 -3.43833 3.1307 0.422905 0.588756 0.422905 1.86954 0.607881 0.588756 0.607881 20.2327 
-91 -53 3 -274.944 -160.206 10.0753 10.312 -5.33999 -10.071 -5.33999 5.02207 4.94839 -10.071 4.94839 11.9093 
-88 -53 3 -265.705 -160.005 9.89678 6.99433 58.3929 -2.25252 58.3929 768.934 -9.35965 -2.25252 -9.35965 2.22019 
-92 -52 3 -277.8 -158.215 10.7641 1.58129 -0.626597 0.105527 -0.626597 3.21633 -1.58582 0.105527 -1.58582 2.05992 
-85 -52 3 -256.201 -156.815 10.5347 29.4985 0.207399 -30.99 0.207399 20.8204 -13.1246 -30.99 -13.1246 41.6006 
-84 -54 0 -252.617 -162.428 -0.745098 120.432 -131.11 -47.7537 -131.11 184.496 56.285 -47.7537 56.285 19.7121 
-83 -52 3 -251.065 -157.488 10.6958 5.13385 -1.20205 2.66806 -1.20205 1.26793 -0.998139 2.66806 -0.998139 2.34663 
-93 -50 1 -280.574 -150.97 4.65996 3.90615 -2.47397 0.294806 -2.47397 6.01095 0.286141 0.294806 0.286141 1.1903 
-87 -50 3 -262.368 -150.592 9.80923 20.1253 -48.7412 34.5347 -48.7412 205.438 -132.386 34.5347 -132.386 92.9421 
-92 -50 3 -278.583 -151.424 10.626 43.7278 -10.4742 -18.2431 -10.4742 3.91879 5.73137 -18.2431 5.73137 11.0394 
-88 -51 3 -264.45 -153.981 10.8838 238.852 303.698 160.221 303.698 1263.37 278.097 160.221 278.097 115.667 
-95 -50 0 -285.704 -151.3 1.92992 2.66394 0.368666 -0.606446 0.368666 2.16387 -0.0601193 -0.606446 -0.0601193 0.768426 
-86 -52 -1 -260.153 -157.961 -3.64348 26.1409 -55.5393 -32.8941 -55.5393 203.722 166.861 -32.8941 166.861 161.567 
-92 -52 4 -278.34 -157.876 12.6028 112.647 -55.6091 61.7886 -55.6091 30.8193 -36.2157 61.7886 -36.2157 53.0524 
-91 -52 4 -274.421 -156.881 12.3712 268.581 335.573 -119.211 335.573 421.305 -148.271 -119.211 -148.271 63.0961 
-84 -53 -1 -253.532 -160.236 -3.4347 2.04898 -0.431213 -1.30741 -0.431213 2.03794 2.6866 -1.30741 2.6866 20.7311 
-83 -52 4 -250.88 -156.644 12.5236 45.5566 45.3257 8.4074 45.3257 52.6724 22.5989 8.4074 22.5989 38.1775 
-84 -52 3 -252.742 -156.892 10.6847 13.0854 6.77468 -12.5234 6.77468 373.133 -188.317 -12.5234 -188.317 102.853 
