-115 24 1 -345.62 72.4855 4.19949 80.1963 -139.492 -13.4218 -139.492 321.629 20.3192 -13.4218 20.3192 3.92754 
-102 23 0 -306.122 69.3467 -1.74783 179.318 -2.32809 -4.8871 -2.32809 12.3945 0.17951 -4.8871 0.17951 3.75318 
-101 23 0 -305.642 69.0661 -1.34107 21.9617 -87.0465 0.437551 -87.0465 862.179 -6.17797 0.437551 -6.17797 0.918298 
-102 21 0 -306.354 63.7306 -1.34706 163.264 9.94197 -1.40922 9.94197 5.33029 1.84442 -1.40922 1.84442 1.84052 
-102 20 0 -306.309 61.6769 -1.52728 149.616 1.86946 -3.68617 1.86946 1.31858 0.0109148 -3.68617 0.0109148 0.614168 
-104 17 0 -313.245 53.2228 -0.930731 11.1056 5.01477 1.55736 5.01477 46.5323 6.00167 1.55736 6.00167 1.11525 
-102 17 0 -306.574 52.1972 -1.68416 100.903 -2.95975 0.453267 -2.95975 1.18329 0.0121965 0.453267 0.0121965 0.434772 
-113 17 -1 -340.537 52.6518 -5.3441 2.51104 -1.27964 7.59686 -1.27964 3.63737 -40.4085 7.59686 -40.4085 605.587 
-114 18 -1 -342.996 56.3112 -4.40575 23.4454 1.5487 16.5807 1.5487 6.82848 2.42806 16.5807 2.42806 16.9014 
-104 17 -1 -312.811 53.0046 -4.07457 37.5645 10.1423 -13.0275 10.1423 19.576 -14.8856 -13.0275 -14.8856 18.7038 
-114 17 -1 -343.68 52.2286 -4.81231 4.17506 -0.52841 1.80245 -0.52841 1.25208 -1.24397 1.80245 -1.24397 5.95847 
-111 19 -1 -333.506 58.4703 -4.65465 69.2241 -35.8442 26.5351 -35.8442 20.2703 -15.1458 26.5351 -15.1458 12.6149 
-108 20 -1 -325.275 61.7588 -5.03533 7.92425 -2.74375 63.4778 -2.74375 3.50196 -38.3895 63.4778 -38.3895 673.382 
-115 16 -1 -346.731 50.365 -5.00457 10.4205 -37.7029 -1.15151 -37.7029 198.731 -18.7061 -1.15151 -18.7061 11.4717 
-113 18 -1 -340.931 55.0494 -5.19237 9.01104 -5.64514 70.1156 -5.64514 10.2632 -121.16 70.1156 -121.16 2689.85 
-102 19 0 -306.398 58.5551 -1.98572 285.493 -1.11108 -13.0948 -1.11108 0.976806 -0.518019 -13.0948 -0.518019 3.89186 
-102 18 -1 -306.537 55.4843 -3.5186 320.499 -23.4079 -76.2257 -23.4079 2.78345 5.8691 -76.2257 5.8691 52.115 
-115 24 0 -346.096 72.6027 -1.56631 95.9338 146.576 -6.25234 146.576 583.456 2.23756 -6.25234 2.23756 1.42737 
-115 24 -1 -346.176 72.5657 -3.91961 19.0376 -12.9509 1.96823 -12.9509 101.949 -17.9239 1.96823 -17.9239 5.29055 
-101 16 -1 -304.821 50.3892 -4.12421 211.715 -27.0299 -100.25 -27.0299 10.7074 19.1449 -100.25 19.1449 136.44 
-114 16 -1 -343.659 50.3602 -4.89208 5.81085 10.2864 15.578 10.2864 174.988 101.946 15.578 101.946 80.9351 
-101 17 -1 -304.805 52.3375 -4.00438 335.386 3.52432 -123.158 3.52432 1.59353 -3.43872 -123.158 -3.43872 85.5094 
-102 19 -1 -306.446 58.5246 -3.26165 145.878 -1.79736 7.78721 -1.79736 0.948741 -0.933266 7.78721 -0.933266 36.9193 
-102 18 0 -306.503 55.3069 -1.62379 72.9273 -7.54575 -0.0358265 -7.54575 2.29603 -0.153 -0.0358265 -0.153 0.702132 
-115 17 -1 -345.991 51.9322 -5.19396 3.93392 -2.3323 -9.09046 -2.3323 4.17982 15.0956 -9.09046 15.0956 78.7916 
-101 18 -1 -304.732 54.7826 -3.94019 259.541 -47.9968 24.6192 -47.9968 12.7975 -4.46785 24.6192 -4.46785 62.9563 
-102 17 -1 -306.602 52.1058 -3.40579 170.999 -17.7272 -7.02207 -17.7272 4.52418 0.78332 -7.02207 0.78332 27.2513 
