-147 17 4 -442.505 53.0674 14.1537 35.8932 10.2833 -13.6392 10.2833 23.9558 26.6545 -13.6392 26.6545 60.3478 
-147 19 3 -442.839 57.5109 10.4191 98.9014 -48.5678 -14.1408 -48.5678 38.6764 5.20479 -14.1408 5.20479 3.9508 
-139 18 3 -418.895 55.6561 10.3533 544.987 -55.1892 -108.228 -55.1892 945.317 158.791 -108.228 158.791 45.7903 
-149 22 3 -448.713 67.9414 10.13 258.077 317.825 43.6214 317.825 576.216 61.5171 43.6214 61.5171 8.49408 
-143 20 3 -430.188 60.7869 10.6351 248.498 -352.441 -78.3121 -352.441 504.434 112.222 -78.3121 112.222 25.8236 
-142 18 3 -428.024 54.8694 10.1962 35.4938 74.3704 -15.5524 74.3704 575.403 -15.2412 -15.5524 -15.2412 8.28388 
-143 17 3 -429.537 52.7561 10.0565 53.6742 42.2773 16.3508 42.2773 231.619 82.9772 16.3508 82.9772 30.8468 
-124 17 3 -372.276 52.8283 10.1421 33.3025 -10.1131 6.28124 -10.1131 5.33029 -1.60904 6.28124 -1.60904 2.4297 
-136 19 0 -410.299 58.4747 -1.0374 355.267 -1.04037 -53.577 -1.04037 363.225 -6.88898 -53.577 -6.88898 8.58826 
-149 19 -1 -448.677 58.3546 -3.95214 1.42216 -0.175268 -2.75379 -0.175268 22.7104 -144.403 -2.75379 -144.403 1001 
-125 17 0 -376.82 52.0548 0.756717 188.65 42.7024 -42.364 42.7024 16.4504 -7.99833 -42.364 -7.99833 10.8646 
-119 18 0 -359.274 55.208 0.419055 13.7407 -6.77033 -1.58423 -6.77033 19.6734 2.93468 -1.58423 2.93468 0.954431 
-138 16 0 -416.374 50.7699 0.0783185 183.013 36.0781 -9.0321 36.0781 224.849 20.3771 -9.0321 20.3771 2.95069 
-140 22 0 -421.205 67.952 -2.94801 6.66931 -10.0068 68.0213 -10.0068 24.8081 -178.839 68.0213 -178.839 2069.35 
-125 22 0 -376.073 67.404 -0.484525 109.686 1.03681 5.03533 1.03681 96.9607 1.99069 5.03533 1.99069 0.588871 
-134 22 0 -403.534 67.8108 -2.63584 8.64587 -15.5839 81.3316 -15.5839 39.3224 -194.148 81.3316 -194.148 989.714 
-134 17 0 -403.751 53.6469 -1.19935 141.769 160.227 -0.993143 160.227 188.004 -1.67308 -0.993143 -1.67308 0.528093 
-136 22 0 -410.32 67.5652 -0.466725 22.133 30.8399 0.232437 30.8399 50.1508 -0.174105 0.232437 -0.174105 0.39203 
-149 21 0 -448.288 65.1612 -2.31781 2.98259 2.52459 1.97143 2.52459 9.25857 1.74132 1.97143 1.74132 2.7867 
-147 21 0 -442.414 64.7849 -2.58011 3.71479 5.58892 -29.7515 5.58892 11.6467 -59.2803 -29.7515 -59.2803 396.931 
-121 17 0 -364.114 51.9361 -1.03108 4.28203 -18.5909 6.27367 -18.5909 94.8667 -31.922 6.27367 -31.922 11.9794 
-148 19 0 -445.698 59.6706 -1.89175 96.743 -175.705 -6.64143 -175.705 338.264 11.2787 -6.64143 11.2787 1.14244 
-137 19 3 -413.482 58.7429 10.4497 110.668 -95.5268 -13.5158 -95.5268 657.972 98.0878 -13.5158 98.0878 15.4882 
-140 18 0 -420.412 55.9181 -0.943407 1.36301 -3.72345 0.329483 -3.72345 358.547 0.543538 0.329483 0.543538 0.475714 
-141 18 0 -423.541 55.8173 -1.14736 330.156 -32.1125 -5.24613 -32.1125 60.0412 -7.07943 -5.24613 -7.07943 1.49007 
-134 18 -1 -403.788 55.8038 -4.55354 4.8359 6.20854 -55.0069 6.20854 32.752 -213.644 -55.0069 -213.644 1542.22 
-124 17 0 -372.702 53.1511 -0.121629 24.9069 -7.15229 -2.12778 -7.15229 89.5538 -2.50694 -2.12778 -2.50694 0.603411 
-143 21 0 -429.925 64.4821 -2.09254 2.99642 0.933762 0.737603 0.933762 4.3146 -3.39131 0.737603 -3.39131 7.81052 
-146 18 0 -440.021 55.6881 0.155748 17.3289 -7.17766 0.821564 -7.17766 3.61463 -0.283661 0.821564 -0.283661 0.439965 
-146 22 1 -440.214 68.5627 4.78676 131.448 -53.8394 -1.10176 -53.8394 2087.22 54.8134 -1.10176 54.8134 3.53183 
-143 16 0 -430.989 50.5052 -0.82512 145.952 -96.0163 -17.4737 -96.0163 101.599 10.622 -17.4737 10.622 2.34021 
-141 16 -1 -424.678 50.4987 -4.34184 1.8639 0.677185 3.73228 0.677185 28.8135 -24.1016 3.73228 -24.1016 51.3446 
-123 23 1 -371.264 70.3719 4.50447 57.4969 140.956 24.6556 140.956 539.531 72.2117 24.6556 72.2117 12.0096 
-123 16 0 -371.178 50.2128 -2.13074 530.209 -356.429 -190.582 -356.429 1907.14 507.022 -190.582 507.022 156.943 
-149 16 0 -447.691 50.2354 -1.02158 17.1216 64.5072 2.8821 64.5072 411.572 14.0853 2.8821 14.0853 0.973565 
-149 22 0 -448.42 67.9244 -1.19231 2.74433 -0.922185 0.150253 -0.922185 3.50452 -0.626762 0.150253 -0.626762 0.511821 
-137 18 0 -413.084 54.5761 -0.937463 3.0985 -4.28995 -0.0604763 -4.28995 14.448 1.50331 -0.0604763 1.50331 0.80315 
-135 21 -1 -406.149 65.0342 -3.13267 3.17918 -6.15467 -22.4788 -6.15467 24.4842 -7.17711 -22.4788 -7.17711 597.969 
-148 24 0 -445.884 73.4681 -1.34735 16.5116 14.3698 -80.1392 14.3698 17.9709 -90.2733 -80.1392 -90.2733 485.296 
-142 22 0 -427.387 66.9871 -2.31852 33.5417 -13.8403 188.852 -13.8403 9.94253 -101.471 188.852 -101.471 1261.44 
-145 25 0 -436.31 75.8945 0.212643 6.54192 9.0008 -15.7584 9.0008 25.3267 -94.4566 -15.7584 -94.4566 483.058 
-136 17 0 -409.697 52.9537 -0.659144 237.738 -56.3136 -22.9404 -56.3136 370.116 21.6008 -22.9404 21.6008 3.34277 
-141 17 0 -423.969 51.4907 -0.856347 408.818 0.424945 -26.9791 0.424945 410.499 6.43119 -26.9791 6.43119 2.29456 
-139 21 -1 -418.206 65.587 -3.33574 2.65632 1.72079 -8.42701 1.72079 56.6873 -16.4783 -8.42701 -16.4783 61.9386 
-142 18 2 -428.653 54.5451 7.17151 86.8325 -65.3254 15.6717 -65.3254 231.531 -71.7638 15.6717 -71.7638 23.4696 
-138 19 -1 -414.917 58.4624 -3.72375 4.30305 1.7941 -4.89675 1.7941 2.79755 -6.04701 -4.89675 -6.04701 20.3433 
-131 21 -1 -394.244 64.2107 -3.32137 1.62816 -4.38004 21.4961 -4.38004 26.6978 -137.345 21.4961 -137.345 756.539 
-130 23 1 -391.886 69.765 4.97591 1903.22 -1254.03 141.633 -1254.03 1096.65 -70.1142 141.633 -70.1142 15.4281 
-123 17 1 -371.74 53.201 5.2349 35.2401 9.42782 6.16452 9.42782 1410.36 302.331 6.16452 302.331 67.6824 
-141 20 -1 -424.942 61.4965 -3.43785 19.22 -16.9074 123.868 -16.9074 16.5211 -113.422 123.868 -113.422 852.7 
-117 19 -1 -351.806 57.8735 -5.24097 51.3629 -40.5591 -53.0228 -40.5591 34.2283 20.9047 -53.0228 20.9047 1046.82 
-146 19 -1 -439.457 58.3594 -3.35814 4.43697 8.37775 -42.0417 8.37775 22.6347 -106.428 -42.0417 -106.428 571.758 
-139 22 0 -419.072 67.9457 -2.76063 12.1049 6.96957 6.1703 6.96957 5.16505 1.71837 6.1703 1.71837 22.3739 
-136 16 -1 -409.891 50.542 -4.94501 16.6036 -25.0339 211.59 -25.0339 52.8389 -404.036 211.59 -404.036 3696.49 
-129 17 -1 -389.159 52.856 -4.28465 2.29347 0.0173916 1.53533 0.0173916 2.90868 -1.35339 1.53533 -1.35339 4.61584 
-117 25 0 -351.644 76.8102 -0.972012 41.2231 -106.534 -28.3378 -106.534 317.231 83.0052 -28.3378 83.0052 22.1566 
-147 23 0 -442.952 70.3441 -1.53606 12.6212 16.9763 -76.0102 16.9763 27.4654 -117.866 -76.0102 -117.866 528.645 
-148 20 -1 -445.513 61.315 -3.3806 6.04696 9.01098 -57.7283 9.01098 18.7554 -111.799 -57.7283 -111.799 720.567 
-130 23 0 -391.76 69.708 -0.482089 3.39388 -3.38784 0.554665 -3.38784 25.7377 -0.810925 0.554665 -0.810925 0.343989 
-125 22 1 -376.047 67.3588 4.30869 252.967 23.5217 1.81183 23.5217 89.3161 2.73366 1.81183 2.73366 1.0372 
-149 20 -1 -448.743 61.2853 -3.53809 2.20032 2.42307 -12.6873 2.42307 7.72713 -33.3836 -12.6873 -33.3836 172.368 
-143 24 0 -430.517 73.6925 -0.25084 1.78765 0.699767 -0.516562 0.699767 2.48245 -0.281373 -0.516562 -0.281373 1.25672 
-122 18 -1 -367.442 55.5096 -3.61365 2.87522 -0.607671 13.425 -0.607671 2.20993 -4.85273 13.425 -4.85273 82.6398 
-143 18 -1 -430.485 55.0452 -3.46006 1.6186 0.658742 -2.41112 0.658742 1.21801 -1.66568 -2.41112 -1.66568 40.5325 
-144 18 -1 -433.452 55.7489 -3.46373 1.30749 -2.293 13.352 -2.293 21.5122 -135.41 13.352 -135.41 919.097 
-141 16 0 -423.807 50.3073 -0.684205 3.91137 -27.6117 -2.54844 -27.6117 303.953 24.9253 -2.54844 24.9253 2.42732 
-145 18 -1 -436.188 55.5786 -3.52042 1.87306 0.345981 -11.3056 0.345981 3.28536 -21.8408 -11.3056 -21.8408 311.34 
-141 21 0 -424.38 63.8549 -2.30893 7.1936 2.56386 -4.69474 2.56386 2.17172 0.772348 -4.69474 0.772348 11.9591 
-145 16 0 -437.41 50.9755 1.34638 60.156 7.68781 -1.45663 7.68781 883.598 -2.22622 -1.45663 -2.22622 0.92418 
-149 21 -1 -448.588 63.8926 -3.16699 3.78789 1.3012 -56.4896 1.3012 3.35273 -29.8132 -56.4896 -29.8132 1270.99 
-127 18 0 -382.944 56.3624 -0.27336 30.5712 1.65446 -2.77636 1.65446 39.4537 0.538461 -2.77636 0.538461 0.628721 
-123 16 -1 -371.095 50.7048 -3.60368 23.1746 -147.949 -24.6625 -147.949 995.485 173.158 -24.6625 173.158 41.6598 
-142 23 0 -427.131 69.8702 -2.07827 16.9342 -8.21943 99.8875 -8.21943 6.53207 -48.0392 99.8875 -48.0392 668.967 
-133 22 0 -399.872 66.6436 -2.83709 33.3412 -78.7313 178.071 -78.7313 205.243 -462.168 178.071 -462.168 1231.39 
-138 17 -1 -415.525 52.6169 -4.60791 1.96483 -0.465442 2.70787 -0.465442 1.23153 -1.06463 2.70787 -1.06463 18.586 
-117 21 0 -352.963 65.4441 -0.734387 20.5415 0.627592 3.01557 0.627592 11.6545 -0.386025 3.01557 -0.386025 0.848848 
-142 20 -1 -426.86 61.0607 -3.17448 27.3291 -17.1167 -150.201 -17.1167 14.1199 104.558 -150.201 104.558 1065.97 
-148 23 0 -445.364 70.5579 -1.8535 7.0398 6.21192 -42.83 6.21192 9.71798 -46.1 -42.83 -46.1 293.849 
-144 17 0 -433.439 53.1729 -0.80767 246.227 131.498 1.42182 131.498 71.1363 0.742555 1.42182 0.742555 0.325512 
-140 26 0 -421.254 80.0306 0.20483 32.2189 13.305 -4.47353 13.305 6.98715 -2.69402 -4.47353 -2.69402 1.45501 
-137 17 0 -413.426 52.5711 -0.471906 39.5964 -24.3736 3.08244 -24.3736 17.1583 -2.33176 3.08244 -2.33176 0.709945 
-127 18 -1 -383.319 56.2711 -3.92652 26.8234 5.98704 -1.34835 5.98704 10.6176 -1.17466 -1.34835 -1.17466 4.14151 
-145 17 0 -437.383 51.3116 -0.640387 15.3029 -13.4446 -1.79808 -13.4446 15.0391 1.74593 -1.79808 1.74593 0.593459 
-128 20 -1 -384.43 61.5504 -4.10852 743.907 -849.765 644.338 -849.765 985.133 -760.181 644.338 -760.181 614.581 
-124 17 -1 -373.252 52.9992 -3.73398 29.4732 -13.1151 -17.2298 -13.1151 12.7131 7.10814 -17.2298 7.10814 14.4154 
-118 17 -1 -355.51 52.7439 -5.28556 7.36697 -5.68711 90.3492 -5.68711 8.47154 -85.9176 90.3492 -85.9176 1499 
-133 18 -1 -400.837 56.1815 -4.45549 17.269 20.8567 -66.4987 20.8567 34.4456 -147.621 -66.4987 -147.621 833.8 
-147 17 0 -443.292 52.4002 -0.0252048 27.565 -61.8846 -3.30176 -61.8846 157.947 9.19807 -3.30176 9.19807 0.813563 
-134 20 -1 -403.726 60.5779 -3.9082 2.29875 5.07858 -33.5372 5.07858 18.6612 -114.187 -33.5372 -114.187 742.721 
-119 17 -1 -358.36 52.0057 -5.0945 6.46331 -3.29156 57.8267 -3.29156 3.54287 -37.6349 57.8267 -37.6349 595.614 
-144 19 -1 -433.508 57.7853 -3.13918 1.76172 0.666747 -15.5769 0.666747 30.8819 -139.255 -15.5769 -139.255 818.891 
-145 16 1 -437.242 50.8675 4.57732 92.2564 -50.8653 -10.3765 -50.8653 515.641 23.6508 -10.3765 23.6508 3.34973 
-129 18 1 -387.311 56.1891 4.53157 90.7376 -129.177 -13.3676 -129.177 403.953 42.7736 -13.3676 42.7736 5.70174 
-148 17 0 -446.291 51.6019 -1.29743 434.56 -109.159 -57.6377 -109.159 30.2767 15.4793 -57.6377 15.4793 8.53482 
-139 18 1 -419.68 56.0358 4.27463 77.9342 64.1852 -11.242 64.1852 151.669 -6.94371 -11.242 -6.94371 3.08931 
-135 20 -1 -406.673 60.6434 -3.84652 5.41021 -9.60503 36.4441 -9.60503 29.2048 -117.933 36.4441 -117.933 558.646 
-139 18 0 -419.802 55.93 0.2101 154.277 -106.342 -3.12153 -106.342 244.352 -0.318126 -3.12153 -0.318126 0.443183 
-117 21 -1 -352.487 64.6743 -4.71562 1.94614 -0.297976 1.45098 -0.297976 5.22982 -4.42222 1.45098 -4.42222 8.15654 
-129 17 2 -389.239 51.4753 7.82633 40.8718 -41.0097 -4.30799 -41.0097 75.955 15.1277 -4.30799 15.1277 5.21068 
-138 19 0 -414.269 59.2043 -0.127765 69.8502 -16.0032 -1.2856 -16.0032 7.89855 0.268725 -1.2856 0.268725 0.3785 
-143 20 2 -430.323 61.6937 7.20594 57.5081 -41.4565 -15.2659 -41.4565 254.959 66.967 -15.2659 66.967 18.9988 
-133 20 0 -401.914 61.1379 -0.617126 286.57 -0.0679294 3.70826 -0.0679294 286.522 5.24249 3.70826 5.24249 0.430702 
-140 23 0 -421.216 70.3173 -2.15798 3.59385 1.95438 1.84866 1.95438 3.64365 -1.73746 1.84866 -1.73746 6.70099 
-132 19 1 -398.318 58.915 4.29039 137.323 144.895 0.321358 144.895 666.505 43.8685 0.321358 43.8685 4.79787 
-121 19 -1 -364.271 57.4499 -4.03778 3.90737 -2.20845 10.3042 -2.20845 16.7041 -20.9726 10.3042 -20.9726 61.4959 
-149 18 -1 -448.24 55.5117 -4.22833 1.21789 0.0725598 -0.425793 0.0725598 1.95453 -3.09516 -0.425793 -3.09516 14.4961 
-126 20 0 -380.143 61.2864 0.289033 14.338 -7.26998 -1.6764 -7.26998 39.819 -2.06456 -1.6764 -2.06456 0.775942 
-120 17 -1 -361.216 52.0365 -4.76906 21.2416 -5.33653 92.6219 -5.33653 2.37138 -22.9851 92.6219 -22.9851 447.643 
-126 19 -1 -379.484 57.9106 -3.86899 263.399 111.174 -29.3896 111.174 255.946 -18.1008 -29.3896 -18.1008 9.35815 
-142 19 -1 -427.804 57.9756 -3.48101 20.3543 -21.9054 142.801 -21.9054 26.358 -160.379 142.801 -160.379 1168.24 
-122 16 -1 -367.093 50.7109 -3.92774 3.1676 -0.759715 4.86416 -0.759715 17.6204 -36.1211 4.86416 -36.1211 258.429 
-118 18 -1 -355.201 55.2663 -5.16683 2.4933 -0.643414 21.1588 -0.643414 1.33271 -16.682 21.1588 -16.682 431.697 
-148 21 -1 -445.64 63.6189 -3.07069 6.5167 3.15706 -83.896 3.15706 11.4139 1.74161 -83.896 1.74161 2807.5 
-139 19 -1 -418.608 58.5507 -4.02077 1.20874 0.44688 -11.3133 0.44688 2.47242 -32.6403 -11.3133 -32.6403 805.155 
-146 20 0 -439.34 61.8347 -2.80299 1.38059 1.19044 -9.73001 1.19044 4.39569 -30.4879 -9.73001 -30.4879 339.938 
-144 21 0 -433.31 64.1112 -2.13235 2.14579 4.50192 -32.7912 4.50192 26.7525 -175.4 -32.7912 -175.4 1279.84 
-131 17 -1 -394.625 52.2757 -4.95348 2.56496 -0.132719 -13.376 -0.132719 5.39612 -17.7557 -13.376 -17.7557 202.391 
-137 18 -1 -412.627 55.1153 -4.24956 1.66349 -0.193415 0.194834 -0.193415 2.41665 0.132992 0.194834 0.132992 5.27112 
-118 16 -1 -356.341 50.4191 -5.30628 13.9047 -5.33063 96.3123 -5.33063 17.7839 -78.7471 96.3123 -78.7471 937.541 
-130 17 -1 -390.823 52.7417 -4.57649 1.84239 0.108361 -2.28142 0.108361 5.98739 -3.64308 -2.28142 -3.64308 10.135 
-143 16 -1 -430.376 50.4794 -3.93031 6.87759 -9.0479 9.00723 -9.0479 25.0054 -11.5354 9.00723 -11.5354 24.8551 
-145 20 0 -436.37 61.4044 -2.60498 1.88956 0.911876 -8.01103 0.911876 2.56827 -10.6792 -8.01103 -10.6792 114.796 
-144 19 0 -432.925 59.1923 -2.88341 13.2077 -2.23957 66.6778 -2.23957 37.4025 -197.017 66.6778 -197.017 1331.6 
-135 18 0 -406.589 54.6202 -0.774174 245.335 190.258 -7.38061 190.258 154.063 -5.16328 -7.38061 -5.16328 0.673109 
-122 17 -1 -367.688 52.6982 -3.55906 22.9473 -33.7245 -3.98771 -33.7245 56.3329 18.4179 -3.98771 18.4179 33.4075 
-134 16 -1 -403.491 50.5228 -5.07457 1.48671 2.65464 5.14216 2.65464 23.0973 36.2426 5.14216 36.2426 325.449 
-127 18 1 -382.438 56.2017 4.17532 148.506 310.659 -11.686 310.659 1382.56 -2.20543 -11.686 -2.20543 3.16357 
-146 17 0 -439.611 53.2434 -0.474592 64.0517 105.369 0.445931 105.369 175.908 0.841543 0.445931 0.841543 0.282669 
-147 19 0 -443.13 58.1662 -0.288061 2.92931 6.01856 0.0610893 6.01856 64.1396 1.02634 0.0610893 1.02634 0.304312 
-130 20 -1 -391.668 61.3186 -3.83611 18.0534 -2.1317 -47.157 -2.1317 1.41291 2.90373 -47.157 2.90373 153.008 
-144 17 -1 -433.266 53.0364 -3.69031 1.94965 0.197386 1.34324 0.197386 1.51064 -6.27776 1.34324 -6.27776 73.4049 
-130 17 2 -390.873 53.5431 7.32449 326.883 245.253 6.14456 245.253 628.771 -14.7918 6.14456 -14.7918 1.73131 
-147 19 1 -443.016 58.0414 4.48143 3.23855 8.39661 0.73825 8.39661 114.321 7.04073 0.73825 7.04073 1.8581 
-147 18 3 -442.982 56.2891 11.2905 180.289 -263.18 -282.649 -263.18 1313.36 1385.85 -282.649 1385.85 1469.6 
-134 20 1 -402.179 60.8852 4.09955 340.31 268.869 41.7643 268.869 964.058 44.6086 41.7643 44.6086 6.61128 
-148 21 0 -445.729 64.9017 -2.81737 3.36563 8.22881 -51.215 8.22881 34.7835 -205.298 -51.215 -205.298 1282.47 
-148 19 -1 -445.807 58.5198 -3.80343 2.61593 2.33221 -11.218 2.33221 8.12262 -29.1312 -11.218 -29.1312 140.736 
-147 20 0 -441.297 62.3304 -2.87738 363.634 -207.74 112.313 -207.74 156.405 -144.922 112.313 -144.922 297.275 
-136 17 -1 -409.512 52.4061 -4.5219 1.7817 -0.235178 0.756601 -0.235178 3.65882 -2.95663 0.756601 -2.95663 6.0713 
-137 17 -1 -412.709 53.0411 -4.7297 2.83284 -0.783121 11.6338 -0.783121 3.05665 -4.77964 11.6338 -4.77964 160.035 
-139 17 -1 -418.455 52.2294 -4.61158 2.53086 0.0223229 -10.9945 0.0223229 1.54337 -9.65719 -10.9945 -9.65719 177.815 
-132 22 0 -397.39 67.0625 -2.77659 1.49529 3.22673 -17.5829 3.22673 27.4918 -112.079 -17.5829 -112.079 535.446 
-147 19 2 -443.093 57.806 7.10146 34.4012 36.4732 -4.61637 36.4732 111.638 -3.85583 -4.61637 -3.85583 2.01532 
-132 19 -1 -397.774 58.5789 -3.97996 1.70813 -0.154814 2.87471 -0.154814 7.29435 -11.1365 2.87471 -11.1365 26.3224 
-139 16 -1 -418.06 50.6746 -4.79088 3.32543 7.26854 -16.0185 7.26854 31.5904 -67.6196 -16.0185 -67.6196 223.164 
-148 18 -1 -445.493 55.6512 -4.09702 1.64662 -0.464314 -1.53953 -0.464314 1.80874 -1.49878 -1.53953 -1.49878 14.9314 
-135 17 -1 -406.528 51.8128 -4.76499 1.23586 0.481424 1.28668 0.481424 5.12057 -7.68185 1.28668 -7.68185 30.1943 
-135 19 -1 -406.533 58.8108 -4.13514 1.76075 -0.771452 6.65715 -0.771452 7.14526 -37.5364 6.65715 -37.5364 228.151 
-123 23 0 -371.856 70.26 0.148398 69.1195 22.1664 -0.735385 22.1664 18.3294 0.793648 -0.735385 0.793648 0.871875 
-117 17 -1 -352.297 51.9789 -5.44366 2.59068 -1.8596 38.1323 -1.8596 5.4391 -75.3052 38.1323 -75.3052 1461.72 
-122 17 0 -367.969 51.9354 -0.269089 2.11505 1.10761 0.242331 1.10761 3.92478 -0.238775 0.242331 -0.238775 0.297823 
-149 16 -1 -448.097 50.3826 -4.25803 2.30575 2.03003 -1.25362 2.03003 28.1858 -0.967371 -1.25362 -0.967371 3.23452 
-141 19 -1 -424.663 58.8014 -3.74124 10.944 -5.73564 88.7107 -5.73564 6.59808 -62.7797 88.7107 -62.7797 934.889 
-139 18 2 -419.329 55.9499 7.09277 142.417 51.9626 -3.47734 51.9626 229.606 7.46021 -3.47734 7.46021 1.5744 
-119 18 -1 -359.392 55.5334 -4.39361 5.5174 -2.96903 2.28329 -2.96903 11.1581 -0.174881 2.28329 -0.174881 4.2273 
-140 17 -1 -421.611 52.1038 -4.64006 3.34713 -5.34922 41.6484 -5.34922 14.4659 -99.539 41.6484 -99.539 739.059 
-144 16 0 -433.47 50.351 -1.45684 17.739 -33.5508 -0.0243448 -33.5508 70.8956 1.18131 -0.0243448 1.18131 1.42252 
-146 16 -1 -439.548 50.6362 -4.21522 18.381 18.6357 -149.187 18.6357 35.1068 -168.166 -149.187 -168.166 1309.91 
-123 17 0 -369.488 52.7925 -0.442344 118.64 23.4935 -15.1447 23.4935 6.08112 -3.04683 -15.1447 -3.04683 2.42168 
-137 19 2 -413.648 59.1267 7.48307 93.5091 106.691 -0.667358 106.691 233.282 4.68626 -0.667358 4.68626 2.65307 
-139 18 -1 -418.511 55.3649 -4.24774 2.14957 0.845859 2.36224 0.845859 1.99477 -1.49807 2.36224 -1.49807 17.9616 
-147 22 0 -441.932 67.8189 -1.519 2.86726 -1.4286 -0.523506 -1.4286 2.5805 -0.30525 -0.523506 -0.30525 1.21233 
-149 17 -1 -448.533 52.5851 -4.5353 1.75392 0.728514 -0.0766669 0.728514 1.92552 -1.70029 -0.0766669 -1.70029 10.5131 
-147 19 -1 -442.7 57.9991 -3.48919 1.13287 0.228413 0.0940662 0.228413 5.21948 -7.50069 0.0940662 -7.50069 34.8949 
-131 18 -1 -394.815 55.2925 -4.54748 2.21731 0.133248 -2.53523 0.133248 1.64939 -1.45121 -2.53523 -1.45121 21.9448 
-132 18 -1 -396.876 55.7944 -4.38907 3.77302 2.81867 -6.03669 2.81867 5.23885 -8.3084 -6.03669 -8.3084 19.3437 
-122 18 0 -368.497 56.2573 -0.222852 4.32028 -2.84258 -0.603837 -2.84258 301.583 -23.3222 -0.603837 -23.3222 2.27892 
-143 20 0 -431.003 61.9957 -0.371185 7.52539 1.57418 -0.979354 1.57418 4.5711 -0.472473 -0.979354 -0.472473 0.423056 
-144 16 -1 -433.715 50.3746 -3.77244 1.79347 0.626332 1.07195 0.626332 9.83468 1.72884 1.07195 1.72884 12.9172 
-133 21 0 -401.941 65.1521 -0.352583 256.388 0.109658 -4.13176 0.109658 256.274 6.79304 -4.13176 6.79304 0.503442 
-129 18 -1 -388.077 56.0351 -4.25201 4.37971 2.71966 -3.85969 2.71966 6.46418 -7.4905 -3.85969 -7.4905 14.1028 
-136 18 -1 -409.765 55.0109 -4.2593 2.72925 -1.18575 -1.01802 -1.18575 2.1231 2.75426 -1.01802 2.75426 11.883 
-130 18 -1 -392.066 56.063 -4.61948 5.62475 -10.1973 68.1981 -10.1973 47.5491 -338.633 68.1981 -338.633 2704.45 
-141 24 1 -423.883 72.0934 3.62177 60.3922 208.771 33.6559 208.771 1073.87 153.977 33.6559 153.977 27.9847 
-148 17 -1 -445.545 52.1582 -4.54799 1.64299 0.404154 -0.61413 0.404154 2.08445 -3.70133 -0.61413 -3.70133 26.3742 
-130 19 -1 -391.496 58.4701 -4.37303 1.69627 -3.93006 25.8239 -3.93006 17.9977 -112.364 25.8239 -112.364 780.726 
-140 16 -1 -421.696 50.4239 -4.85829 2.60634 -3.00126 35.2006 -3.00126 22.8287 -80.8604 35.2006 -80.8604 687.642 
-131 20 0 -394.575 60.2754 -0.584298 99.9723 -4.64051 -5.44117 -4.64051 302.428 2.99778 -5.44117 2.99778 0.650232 
-134 23 1 -404.143 69.1241 4.04707 149.04 -309.502 -13.7412 -309.502 988.381 34.886 -13.7412 34.886 2.47864 
-147 20 -1 -443.153 60.973 -3.26398 9.16354 6.10416 -61.895 6.10416 4.96869 -41.0831 -61.895 -41.0831 550.664 
-131 20 -1 -394.89 61.146 -3.86093 2.70542 -3.86554 33.9209 -3.86554 10.1283 -73.4612 33.9209 -73.4612 660.237 
-137 19 -1 -412.928 59.159 -3.66206 3.57903 -3.21368 12.0769 -3.21368 5.62228 -13.9502 12.0769 -13.9502 51.9205 
-142 16 -1 -426.873 50.4539 -3.7681 1.84632 2.37988 -1.40681 2.37988 39.5313 2.4969 -1.40681 2.4969 9.32788 
-144 20 0 -433.787 61.3758 -2.01052 2.28918 -1.40764 0.193658 -1.40764 1.99739 0.211049 0.193658 0.211049 0.790817 
-146 17 -1 -439.917 52.1664 -3.9636 1.96084 0.406058 1.62691 0.406058 1.25516 -2.19924 1.62691 -2.19924 21.9757 
-142 18 -1 -427.651 55.3156 -3.72602 4.40568 -3.9907 18.5776 -3.9907 13.9167 -53.8515 18.5776 -53.8515 233.657 
-140 19 -1 -421.171 58.7417 -3.99271 4.12261 9.05591 -24.5528 9.05591 28.3483 -108.368 -24.5528 -108.368 705.04 
-123 22 0 -369.922 67.6047 0.209972 19.2551 24.0704 -44.5824 24.0704 32.9635 -58.6287 -44.5824 -58.6287 158.516 
-135 16 -1 -406.523 50.5513 -5.01596 2.78452 -1.53302 27.3686 -1.53302 65.5901 -190.362 27.3686 -190.362 841.623 
-121 17 -1 -364.224 52.6124 -4.29018 7.55027 -2.23731 40.1765 -2.23731 1.59374 -9.81576 40.1765 -9.81576 264.687 
-145 24 0 -436.763 73.3419 -0.290144 4.14038 -4.06208 27.4799 -4.06208 18.2721 -89.9025 27.4799 -89.9025 482.971 
-118 19 -1 -355.93 58.1615 -5.02262 5.52107 -3.54167 71.3976 -3.54167 5.69386 -77.2104 71.3976 -77.2104 1451.55 
-133 19 -1 -400.318 58.7275 -3.91242 3.27189 1.42227 -8.7345 1.42227 2.57261 -7.12703 -8.7345 -7.12703 33.2556 
-123 17 3 -370.157 51.9548 9.45058 26.1131 -9.84901 82.9333 -9.84901 14.8639 -52.4508 82.9333 -52.4508 307.237 
-134 19 -1 -403.36 58.6337 -4.16664 1.88188 2.79457 -20.7691 2.79457 14.1053 -104.011 -20.7691 -104.011 818.667 
-129 19 -1 -389.428 58.312 -4.39514 10.7666 4.20053 -20.0273 4.20053 14.6811 -120.986 -20.0273 -120.986 1118.1 
-129 18 0 -387.668 56.3747 -0.0397313 48.6931 -13.1769 -2.79364 -13.1769 316.06 6.72748 -2.79364 6.72748 0.59223 
-144 22 0 -433.9 68.0444 -1.48099 5.66476 -3.49994 33.1877 -3.49994 21.0335 -125.038 33.1877 -125.038 805.969 
-143 17 -1 -429.638 53.2448 -3.63705 3.05326 1.76103 -6.50184 1.76103 3.1418 -9.20376 -6.50184 -9.20376 42.7718 
-145 16 -1 -436.203 50.8503 -3.84774 5.10403 -13.2235 -5.41253 -13.2235 123.325 -31.2065 -5.41253 -31.2065 56.5154 
-143 18 0 -429.465 54.1609 -0.760467 26.5225 -10.644 -1.35319 -10.644 119.204 5.84369 -1.35319 5.84369 0.761782 
-134 21 -1 -403.665 65.3551 -3.0535 1.02945 2.11989 -14.1722 2.11989 20.5 -41.9018 -14.1722 -41.9018 624.207 
-126 19 0 -379.152 57.5103 0.990669 59.4529 -22.8539 -6.88594 -22.8539 226.068 23.0999 -6.88594 23.0999 2.95794 
-147 18 -1 -442.629 55.3995 -3.90399 2.06356 -0.763107 1.35146 -0.763107 1.5751 -0.227508 1.35146 -0.227508 15.7845 
-148 18 0 -445.175 55.3344 -1.08624 8.90343 -2.20253 -1.28907 -2.20253 9.92906 1.98689 -1.28907 1.98689 0.895508 
-131 19 -1 -394.345 58.5737 -4.24389 2.20084 -3.32226 29.1363 -3.32226 18.4677 -128.763 29.1363 -128.763 988.771 
-147 17 -1 -442.839 52.6163 -4.24501 1.37701 -0.205305 -1.07101 -0.205305 2.14318 -1.46837 -1.07101 -1.46837 13.6618 
-121 18 -1 -365.35 56.1033 -3.9472 37.6597 -13.9846 174.51 -13.9846 12.6544 -96.2345 174.51 -96.2345 1020.74 
-141 17 -1 -423.837 51.6088 -3.98891 42.1481 -3.32565 13.7859 -3.32565 1.26738 -0.82709 13.7859 -0.82709 8.27585 
-143 19 -1 -430.636 58.1248 -3.17949 11.5837 -18.719 110.785 -18.719 37.1847 -218.08 110.785 -218.08 1406.23 
-137 19 0 -413.846 59.4381 0.0211348 201 -116.808 -3.32071 -116.808 123.42 3.96285 -3.32071 3.96285 0.415054 
-127 20 0 -383.715 61.7702 -0.398448 128.973 -31.7607 -15.5529 -31.7607 285.431 9.61208 -15.5529 9.61208 2.29217 
-148 16 -1 -444.998 50.7005 -4.63685 5.75732 29.5477 73.7902 29.5477 550.056 1387.37 73.7902 1387.37 3560.77 
-141 23 2 -423.615 71.3587 7.99633 239.271 45.23 6.45347 45.23 1237.12 276.53 6.45347 276.53 63.235 
-146 21 0 -439.102 63.8515 -1.29079 2.22346 -0.36988 -0.0317214 -0.36988 1.26851 0.286284 -0.0317214 0.286284 0.399774 
-134 23 0 -403.92 69.4678 -0.428197 20.9329 -16.8579 -0.366793 -16.8579 15.7654 0.72401 -0.366793 0.72401 0.451645 
-145 21 0 -436.253 64.532 -1.61904 1.7282 0.470523 -0.445587 0.470523 1.61244 0.13865 -0.445587 0.13865 0.774043 
-136 21 -1 -409.699 64.881 -3.1687 1.59784 -0.866914 13.5322 -0.866914 14.1823 -93.7026 13.5322 -93.7026 801.82 
-141 22 0 -424.109 68.6467 -2.50309 24.8666 13.7292 199.682 13.7292 126.516 -119.586 199.682 -119.586 2270.16 
-130 17 1 -390.774 53.2322 4.33492 3.76839 1.41081 -0.842737 1.41081 7.80905 0.0608953 -0.842737 0.0608953 1.36282 
-117 21 1 -352.323 65.1844 4.14893 12.4084 1.24077 -1.58115 1.24077 497.121 48.49 -1.58115 48.49 5.94081 
-149 18 0 -447.679 55.7473 0.952831 8.10716 -11.7972 -1.17591 -11.7972 280.765 27.1958 -1.17591 27.1958 2.92099 
-142 19 0 -427.313 57.9287 -1.61813 645.435 -927.54 -30.5968 -927.54 4659.22 289.117 -30.5968 289.117 26.174 
-141 23 3 -423.656 70.7658 10.4047 607.213 144.858 -24.0398 144.858 272.169 78.8719 -24.0398 78.8719 31.8336 
-136 23 0 -409.32 70.7161 -1.95416 3.48392 3.4276 -5.39738 3.4276 14.9513 -31.2476 -5.39738 -31.2476 79.6786 
-141 24 0 -424.048 72.3949 -0.34961 18.3643 15.4586 0.433774 15.4586 22.2761 1.35043 0.433774 1.35043 0.534365 
-145 19 -1 -436.583 57.6206 -3.27723 3.06565 4.5514 -26.9056 4.5514 16.9271 -55.7366 -26.9056 -55.7366 367.468 
-136 18 0 -409.848 54.785 -0.871083 381.535 83.0952 12.781 83.0952 892.442 -176.087 12.781 -176.087 38.2534 
-142 16 0 -426.435 50.1741 -1.54654 44.7733 -8.18087 -3.68676 -8.18087 100.654 8.73692 -3.68676 8.73692 1.93126 
-134 20 0 -402.106 61.1408 0.391402 312.832 -0.215547 4.11959 -0.215547 312.033 16.3071 4.11959 16.3071 1.22057 
-145 22 0 -436.954 67.74 -1.57636 4.16699 6.9696 -34.9704 6.9696 19.4728 -92.4846 -34.9704 -92.4846 460.164 
-132 23 0 -397.062 71.1073 -1.84038 14.7618 -23.1134 84.8936 -23.1134 42.2587 -157.563 84.8936 -157.563 639.449 
-149 24 0 -448.742 73.9467 -1.69722 11.2584 15.836 -68.1646 15.836 29.6719 -129.509 -68.1646 -129.509 582.782 
-147 16 0 -441.27 50.7613 0.112602 287.719 -64.8004 17.1018 -64.8004 183.587 -6.5856 17.1018 -6.5856 1.38165 
-135 24 0 -406.808 73.4514 -1.43641 1.90041 -1.91542 11.0034 -1.91542 7.40782 -33.5424 11.0034 -33.5424 187.553 
-118 18 1 -355.96 55.1231 4.30876 0.927165 0.13504 -0.0301535 0.13504 0.87255 0.507654 -0.0301535 0.507654 1.56672 
-142 20 0 -427.541 61.904 -2.69828 55.5114 50.7308 -28.8021 50.7308 48.4222 -20.7149 -28.8021 -20.7149 48.441 
-129 22 0 -388.087 66.1369 0.591737 127.778 14.3644 -12.0229 14.3644 235.784 -1.94021 -12.0229 -1.94021 1.37255 
-145 23 0 -436.546 70.6088 -0.950914 1.30459 4.0828 -18.9439 4.0828 33.3481 -143.559 -18.9439 -143.559 639.701 
-127 17 -1 -383.432 53.1695 -4.84062 5.61304 -5.18131 43.9934 -5.18131 11.5206 -110.601 43.9934 -110.601 1283.1 
-144 23 0 -433.729 70.5507 -0.969785 3.27614 -9.10559 40.6124 -9.10559 38.849 -175.876 40.6124 -175.876 825.747 
-137 23 0 -412.763 70.7058 -2.12555 266.129 105.571 -1208.22 105.571 61.4557 -541.627 -1208.22 -541.627 5942.32 
-119 17 1 -358.825 53.2698 4.62333 22.8295 42.1069 -43.9592 42.1069 85.2407 -88.7915 -43.9592 -88.7915 93.3805 
-133 17 -1 -400.408 52.6999 -4.91539 2.62668 -2.82302 15.9285 -2.82302 23.3413 -153.473 15.9285 -153.473 1070.45 
-123 17 2 -370.521 52.6202 7.38941 40.5976 -13.4802 -40.5034 -13.4802 28.1681 29.5688 -40.5034 29.5688 53.1607 
-142 17 0 -428.191 53.4448 1.35106 2.00572 6.51441 -0.592409 6.51441 61.7371 3.70864 -0.592409 3.70864 1.9023 
-146 23 0 -439.431 70.594 -1.08331 2.93443 3.72067 -21.3274 3.72067 16.4445 -65.4451 -21.3274 -65.4451 312.686 
-128 21 -1 -385.906 63.6954 -3.94301 4.57639 -5.76694 37.2075 -5.76694 19.2698 -97.5857 37.2075 -97.5857 543.624 
-132 24 0 -396.809 73.4379 -1.21798 33.4952 -22.5329 119.127 -22.5329 15.9334 -80.3269 119.127 -80.3269 452.624 
-123 18 2 -370.372 54.8559 7.35052 14.9304 -5.02491 -18.5829 -5.02491 6.37458 6.20708 -18.5829 6.20708 26.0862 
-146 22 0 -439.848 67.6826 -1.26357 1.59317 -0.0583172 0.323827 -0.0583172 1.66676 -1.02366 0.323827 -1.02366 1.43929 
-142 17 -1 -427.921 52.8155 -4.04572 2.98616 -2.28009 19.8079 -2.28009 4.38083 -29.8309 19.8079 -29.8309 312.843 
-129 17 0 -389.372 52.6134 -0.558416 14.5508 -6.04738 -0.75839 -6.04738 8.89026 1.58492 -0.75839 1.58492 0.63172 
-122 16 0 -366.328 50.7465 -0.78112 48.5109 74.2262 11.636 74.2262 154.731 20 11.636 20 13.3509 
-147 24 0 -442.379 73.1202 -0.834051 21.8203 21.4062 -137.089 21.4062 33.0821 -157.01 -137.089 -157.01 928.574 
-132 19 0 -398.607 59.2504 -0.00638073 80.218 -48.8374 -10.6002 -48.8374 216.843 20.5727 -10.6002 20.5727 2.78387 
-118 17 0 -355.699 51.9701 0.615644 2.00776 1.43051 0.849749 1.43051 10.565 -0.734412 0.849749 -0.734412 2.3448 
-119 17 0 -357.77 52.3081 -0.153298 3.6598 -0.294522 -1.84703 -0.294522 2.68022 1.45753 -1.84703 1.45753 2.20094 
-141 18 -1 -424.284 55.8732 -4.01777 9.38744 -2.26079 86.9424 -2.26079 3.74131 -37.4849 86.9424 -37.4849 995.334 
-143 17 0 -429.352 53.8766 0.437178 22.637 27.6296 -0.227711 27.6296 95.7844 -0.937924 -0.227711 -0.937924 0.369702 
-130 17 0 -390.363 53.1503 0.177976 25.1721 -26.4044 1.50238 -26.4044 92.7182 -4.47819 1.50238 -4.47819 0.527412 
-144 24 0 -433.205 72.7594 -0.542121 18.6865 -38.0188 142.099 -38.0188 85.8946 -321.36 142.099 -321.36 1246.44 
-146 24 0 -440.099 72.8744 -0.550576 21.3657 20.3103 -93.3127 20.3103 32.5671 -121.38 -93.3127 -121.38 531.287 
-149 16 1 -447.194 50.0635 3.42948 15913.2 -13147 -6252.26 -13147 11838.1 5161.45 -6252.26 5161.45 2490.89 
-138 18 -1 -415.22 55.2517 -4.35031 1.33015 -0.139429 0.487763 -0.139429 2.1379 -7.01625 0.487763 -7.01625 43.4576 
-132 18 0 -396.985 56.2658 -0.790539 73.6566 -152.898 0.274399 -152.898 320.389 -0.86024 0.274399 -0.86024 0.719337 
-143 17 1 -429.374 53.7993 4.43619 37.466 -34.0699 1.87245 -34.0699 198.71 -3.16613 1.87245 -3.16613 1.42388 
-119 18 1 -358.857 54.9705 3.86299 2.49024 -0.742749 -0.0139036 -0.742749 1.75436 0.475936 -0.0139036 0.475936 2.35878 
-138 19 1 -414.102 59.3013 4.28502 814.684 -345.874 -69.3383 -345.874 500.7 37.9489 -69.3383 37.9489 7.15615 
-145 17 -1 -436.959 52.0291 -3.62456 2.1752 -0.873001 1.40013 -0.873001 1.19764 -0.293088 1.40013 -0.293088 16.2685 
-131 20 1 -394.299 60.2304 4.06396 268.981 430.872 -44.2296 430.872 2280.24 -105.829 -44.2296 -105.829 10.4932 
-126 20 1 -379.554 61.6147 4.02627 29.8997 -118.657 12.8339 -118.657 650.07 -94.3661 12.8339 -94.3661 16.9789 
-143 20 1 -430.603 62.0121 4.42562 56.213 72.2051 0.728648 72.2051 289.704 6.82922 0.728648 6.82922 1.30413 
-140 18 -1 -420.924 55.6043 -4.09836 2.95897 1.48602 -4.22479 1.48602 3.58921 -4.75051 -4.22479 -4.75051 16.4414 
-149 22 1 -448.461 68.1157 4.69546 64.7389 6.40546 3.93429 6.40546 589.315 -5.38713 3.93429 -5.38713 1.65158 
-138 18 0 -415.064 56.1953 -1.56319 419.08 -2.2696 23.0787 -2.2696 416.355 40.7775 23.0787 40.7775 5.71502 
-142 21 0 -428.078 65.1944 -2.4493 26.1583 -19.9531 143.517 -19.9531 18.2539 -128.335 143.517 -128.335 967.742 
-141 23 1 -423.688 71.8896 4.09844 74.0733 -163.141 -41.8341 -163.141 632.51 135.832 -41.8341 135.832 32.6216 
-134 17 -1 -403.9 52.6222 -4.62429 1.9634 0.315487 -1.83342 0.315487 1.71466 -1.78388 -1.83342 -1.78388 6.94193 
-136 19 -1 -410.094 58.538 -3.85431 11.9531 17.6888 21.2407 17.6888 37.3151 27.1137 21.2407 27.1137 54.7054 
-122 17 1 -368.103 52.0778 4.34518 436.973 113.254 -227.915 113.254 31.5685 -57.9649 -227.915 -57.9649 120.503 
-137 19 1 -413.836 59.286 4.25766 159.944 -83.8901 -3.73676 -83.8901 136.145 17.6063 -3.73676 17.6063 4.00984 
-146 18 -1 -439.89 55.4455 -3.68661 1.90607 -1.05211 0.0391826 -1.05211 1.97154 -1.44073 0.0391826 -1.44073 24.1763 
-127 20 1 -383.389 61.6447 3.70998 119.218 0.306612 -18.7372 0.306612 5074.84 398.525 -18.7372 398.525 46.7682 
-120 19 -1 -362.176 58.1667 -4.34985 10.9007 -6.44916 94.7159 -6.44916 5.62627 -66.0331 94.7159 -66.0331 947.133 
-129 17 1 -389.297 51.8742 4.72802 32.7357 16.7883 3.3395 16.7883 27.2476 5.54744 3.3395 5.54744 3.36573 
-132 19 2 -397.76 58.7813 7.26868 112.75 24.2799 -20.8024 24.2799 748.259 10.5707 -20.8024 10.5707 4.91942 
-149 20 0 -448.038 62.4309 -1.04909 73.8606 -137.202 0.518686 -137.202 299.644 -2.79643 0.518686 -2.79643 0.445564 
-142 18 1 -428.069 54.9776 5.14906 34.9326 -18.3246 30.977 -18.3246 10.1843 -16.3425 30.977 -16.3425 28.925 
-137 25 0 -411.806 76.5646 -1.2139 3.4005 4.14938 -32.859 4.14938 12.6829 -91.6095 -32.859 -91.6095 702.995 
-143 17 2 -429.48 53.6347 7.07779 21.5565 39.4491 6.49518 39.4491 402.628 96.7685 6.49518 96.7685 25.5773 
-134 21 0 -402.204 65.091 -0.711303 85.9289 42.0278 -0.0555923 42.0278 271.654 3.42235 -0.0555923 3.42235 0.328255 
-124 17 1 -372.393 53.298 4.45306 32.7673 29.7253 -1.17487 29.7253 83.6062 -3.43174 -1.17487 -3.43174 1.35684 
-149 22 2 -448.602 68.0552 7.66639 589.566 154.083 11.1975 154.083 741.043 66.3087 11.1975 66.3087 6.79389 
-146 22 2 -440.041 68.617 6.66411 642.612 -876.339 -60.2128 -876.339 1507.2 84.3952 -60.2128 84.3952 7.73066 
-145 16 2 -437.148 50.7398 7.58592 23.1233 50.1484 4.60129 50.1484 182.084 13.6858 4.60129 13.6858 2.50668 
-124 17 2 -372.623 53.0482 7.65633 2.74129 0.785333 -1.07102 0.785333 17.9769 3.41506 -1.07102 3.41506 3.06147 
-140 18 2 -420.482 56.8019 6.84223 220.569 -217.353 128.577 -217.353 617.805 -169.4 128.577 -169.4 83.035 
-145 16 3 -437.192 50.5125 10.3597 8.82739 -31.2003 -6.18291 -31.2003 165.156 33.3497 -6.18291 33.3497 8.28298 
-132 17 -1 -397.963 52.7156 -4.92588 3.01954 -4.99614 39.7733 -4.99614 42.8355 -286.045 39.7733 -286.045 2091.37 
-129 16 3 -388.886 50.8962 9.9792 25.1712 66.7353 13.2972 66.7353 272.267 56.4237 13.2972 56.4237 14.8609 
