-159 19 5 -479.472 57.6848 15.881 2.66462 -3.53077 1.99969 -3.53077 245.578 -38.4793 1.99969 -38.4793 10.0096 
-150 16 4 -451.067 50.6442 13.9581 33.3677 -62.5417 -43.9203 -62.5417 295.978 180.913 -43.9203 180.913 116.216 
-169 16 4 -508.716 50.5847 13.1069 427.57 372.927 185.231 372.927 937.801 375.892 185.231 375.892 158.562 
-160 19 4 -480.784 57.7074 13.4582 7.9282 -24.0872 1.50676 -24.0872 116.93 -1.38634 1.50676 -1.38634 2.17519 
-152 17 4 -458.039 53.0042 13.1615 131.147 -63.5799 -28.6915 -63.5799 85.1717 49.9531 -28.6915 49.9531 31.7678 
-150 17 4 -452.139 51.2987 12.9423 864.436 369.705 -844.605 369.705 280.601 -308.851 -844.605 -308.851 855.884 
-151 17 3 -455.252 52.9463 10.9862 266.405 312.874 175.006 312.874 440.542 292.49 175.006 292.49 221.117 
-178 22 3 -536.626 67.4884 9.67313 104.038 -194.521 -2.20784 -194.521 571.933 -8.09595 -2.20784 -8.09595 5.98164 
-160 19 3 -480.711 57.7702 10.4649 23.1207 3.63371 -0.966658 3.63371 102.936 6.30449 -0.966658 6.30449 1.66166 
-152 19 3 -456.523 57.3194 10.6198 58.9168 2.83212 -3.40684 2.83212 139.912 -3.84819 -3.40684 -3.84819 1.31966 
-153 24 0 -460.15 73.5374 0.730326 128.235 6.73286 5.90903 6.73286 475.53 6.5661 5.90903 6.5661 0.831468 
-165 21 0 -495.798 64.7775 -1.03212 7.66246 -3.27768 30.6116 -3.27768 6.15244 -42.1389 30.6116 -42.1389 352.574 
-167 21 0 -501.702 63.852 -0.663489 10.1595 -0.35242 0.120124 -0.35242 3.99547 -7.97393 0.120124 -7.97393 20.1522 
-157 25 0 -473.548 75.8238 0.478952 48.8867 -53.9281 -6.46939 -53.9281 136.862 8.67538 -6.46939 8.67538 1.3021 
-153 16 -1 -460.503 50.6129 -4.81923 2.28797 -3.59844 -1.71206 -3.59844 23.953 -16.7825 -1.71206 -16.7825 56.6754 
-151 17 0 -455.607 52.4928 -0.433764 142.598 42.2392 -2.16821 42.2392 307.9 -8.52157 -2.16821 -8.52157 0.561699 
-167 20 0 -502.994 62.5129 -1.01102 10.8975 -16.7569 -3.06183 -16.7569 34.837 -2.21389 -3.06183 -2.21389 76.4105 
-150 24 0 -450.886 73.5251 0.0201825 17.3479 -4.04817 3.51701 -4.04817 4.12475 0.0877355 3.51701 0.0877355 1.3794 
-156 20 -1 -469.314 61.2716 -3.53215 8.42236 -7.41903 15.1167 -7.41903 8.00593 -13.0088 15.1167 -13.0088 97.9815 
-162 22 0 -487.555 68.2986 -1.51295 158.358 1.47815 274.107 1.47815 1084.26 -3334.74 274.107 -3334.74 11460.4 
-161 22 0 -484.674 67.1959 -1.47747 2.336 -4.90758 2.19149 -4.90758 18.6008 -2.94095 2.19149 -2.94095 5.33427 
-169 22 1 -508.78 66.7473 4.12327 16.6177 60.163 -30.2788 60.163 308.214 -155.26 -30.2788 -155.26 100.113 
-179 17 0 -538.096 52.0913 -0.818534 3.10526 -1.46447 -0.943699 -1.46447 2.19065 0.898052 -0.943699 0.898052 0.887021 
-163 18 0 -490.866 55.0578 -1.61707 1.61413 -0.190735 0.512856 -0.190735 1.77918 0.51864 0.512856 0.51864 0.807934 
-165 20 0 -496.366 61.9034 -1.16366 1.74746 1.25948 -0.940074 1.25948 4.23392 -6.4843 -0.940074 -6.4843 15.8758 
-178 19 0 -536.424 58.0244 -0.752599 13.5986 -18.8692 82.4206 -18.8692 90.6742 -423.346 82.4206 -423.346 2034.27 
-156 24 0 -468.718 72.9161 -1.9438 1.52308 0.774333 -0.441962 0.774333 8.51563 3.75988 -0.441962 3.75988 5.26943 
-170 24 2 -512.629 73.5007 7.73029 117.784 -198.644 1.93529 -198.644 641.957 -41.6174 1.93529 -41.6174 5.78807 
-167 19 0 -503.037 57.9938 -0.541325 13.0271 -10.0916 -1.08744 -10.0916 9.45428 1.37206 -1.08744 1.37206 0.687457 
-175 19 0 -526.66 58.7985 -0.838558 5.17093 -12.928 62.1372 -12.928 40.9863 -191.487 62.1372 -191.487 947.316 
-180 17 0 -542.302 52.404 -1.11905 22.3118 -5.88162 105.496 -5.88162 11.1822 -101.395 105.496 -101.395 1146.94 
-155 20 -1 -466.597 61.3784 -3.59084 2.19881 1.79745 -4.7651 1.79745 3.30703 -11.0129 -4.7651 -11.0129 88.4219 
-173 19 0 -520.543 58.6892 -1.09149 1.40214 -0.372699 1.53041 -0.372699 2.91757 -4.99224 1.53041 -4.99224 17.8562 
-179 16 0 -538.523 50.3815 0.597009 1.64923 1.33475 -0.00742057 1.33475 11.4713 -0.277352 -0.00742057 -0.277352 0.514068 
-158 24 0 -475.692 74.0492 -1.8717 6.78306 -10.7965 66.4845 -10.7965 22.4284 -141.635 66.4845 -141.635 1124.6 
-170 16 0 -511.257 50.4228 -2.19283 1.62903 5.20581 -1.31609 5.20581 47.9497 -8.67757 -1.31609 -8.67757 2.48277 
-174 17 1 -523.139 52.7621 5.19149 137.761 -153.253 134.152 -153.253 171.484 -149.618 134.152 -149.618 132.339 
-179 18 0 -538.9 55.9502 -0.935067 3.28204 -7.20309 36.1064 -7.20309 32.4657 -184.551 36.1064 -184.551 1196.78 
-176 19 0 -530.026 58.1427 -0.86763 4.16847 3.99198 -28.2975 3.99198 50.0417 -225.765 -28.2975 -225.765 1079.03 
-160 25 0 -481.982 75.7449 -0.871128 6.38824 -1.64278 1.53881 -1.64278 12.4244 0.276291 1.53881 0.276291 2.58476 
-166 19 0 -498.92 59.7113 -1.04889 2.12712 -0.502361 -0.867734 -0.502361 38.2551 -0.225664 -0.867734 -0.225664 1.59279 
-156 17 -1 -469.432 52.7645 -4.38789 1.55066 -0.512312 3.03611 -0.512312 3.23989 -9.15198 3.03611 -9.15198 45.7475 
-178 16 0 -535.618 50.579 0.468502 3.22544 4.85998 0.354527 4.85998 38.9992 -2.20786 0.354527 -2.20786 0.522799 
-169 21 0 -509.576 64.1987 -0.649083 41.6293 -1.05659 41.6721 -1.05659 1.06911 1.28675 41.6721 1.28675 73.8315 
-157 24 0 -472.664 72.7473 -2.28911 1.43107 -3.30864 4.83407 -3.30864 21.1126 17.8996 4.83407 17.8996 816.099 
-154 21 0 -462.195 64.5743 -0.212145 262.349 -89.1171 8.73405 -89.1171 341.845 55.1091 8.73405 55.1091 11.5379 
-160 24 0 -481.246 73.9087 0.354044 5.65242 -0.709231 -3.63626 -0.709231 2.19037 0.451964 -3.63626 0.451964 2.64341 
-169 18 0 -508.25 54.8425 -1.9343 3.1976 -13.9571 0.602074 -13.9571 116.697 -142.118 0.602074 -142.118 600.945 
-161 17 -1 -484.374 52.2181 -3.32626 3.67896 -0.381745 15.4078 -0.381745 1.52796 -8.08017 15.4078 -8.08017 145.913 
-156 18 0 -469.911 55.8573 -0.369105 194.262 56.0487 -91.4849 56.0487 19.5635 -26.3541 -91.4849 -26.3541 43.3955 
-175 17 0 -526.202 51.8036 -0.191515 4.19439 0.411242 -0.223966 0.411242 2.01294 0.362976 -0.223966 0.362976 0.433562 
-159 26 0 -478.715 79.2345 -0.571039 21.0271 -8.00144 4.30478 -8.00144 6.64742 5.93243 4.30478 5.93243 21.0341 
-165 18 0 -496.611 55.1257 -0.901175 1.64676 1.00365 -0.234508 1.00365 5.80802 -2.30935 -0.234508 -2.30935 1.26749 
-173 16 0 -520.483 50.6077 -2.5418 4.48394 -10.5188 2.86126 -10.5188 37.7285 -15.0953 2.86126 -15.0953 23.3054 
-170 18 0 -511.55 55.3701 -1.06732 1.99292 0.381438 -0.00698445 0.381438 1.54921 -0.102994 -0.00698445 -0.102994 0.497822 
-150 17 0 -452.18 51.3191 0.30184 31.6505 -0.469897 0.165401 -0.469897 4.68337 0.245356 0.165401 0.245356 0.264707 
-175 16 1 -525.858 50.7148 4.80151 33.3249 -2.66451 3.21416 -2.66451 21.7934 -4.22162 3.21416 -4.22162 2.38636 
-157 18 -1 -472.15 56.0401 -3.7443 1.49866 -0.992725 -2.21388 -0.992725 1.74406 2.05471 -2.21388 2.05471 30.4778 
-164 22 0 -492.813 66.7301 0.633777 193.478 230.696 -13.3957 230.696 277.751 -15.4633 -13.3957 -15.4633 1.64061 
-178 17 0 -536.027 52.4219 -0.107636 1.85463 -0.160989 0.184943 -0.160989 1.74072 0.51739 0.184943 0.51739 0.43911 
-173 18 0 -520.895 55.7098 -1.24442 1.62463 -0.24985 0.267908 -0.24985 2.02645 -0.310063 0.267908 -0.310063 0.600612 
-170 19 0 -511.149 59.0647 -1.24733 1.78737 -0.528935 0.355766 -0.528935 3.7752 -5.81078 0.355766 -5.81078 15.2191 
-174 18 0 -523.222 55.0768 -1.17122 1.95057 0.408395 0.325243 0.408395 2.06237 0.325992 0.325243 0.325992 0.679919 
-181 17 0 -544.234 51.9656 -0.89281 29.0461 -27.458 194.936 -27.458 28.8032 -193.427 194.936 -193.427 1405.97 
-162 16 0 -487.611 50.5058 -1.06731 0.749557 1.27642 0.115948 1.27642 17.6988 -0.23163 0.115948 -0.23163 0.327474 
-160 19 0 -481.183 58.1718 -0.450524 3.98436 -0.841577 -0.234298 -0.841577 7.47409 0.314239 -0.234298 0.314239 0.2863 
-153 19 0 -460.621 58.5401 0.21302 14.5327 4.635 -3.8892 4.635 2.30345 -0.983932 -3.8892 -0.983932 1.42068 
-168 17 0 -505.675 52.6452 -2.23552 1.19044 0.0891917 1.60754 0.0891917 5.33297 -43.2641 1.60754 -43.2641 531.635 
-152 20 -1 -457.424 61.4043 -3.56243 1.27612 0.0568007 -9.73337 0.0568007 6.15828 -49.0796 -9.73337 -49.0796 548.333 
-180 18 0 -541.505 55.7168 -0.846103 3.46908 -5.9455 44.7503 -5.9455 16.0287 -110.015 44.7503 -110.015 806.188 
-164 18 0 -492.725 54.8106 -1.89336 2.30536 -0.719834 -1.47555 -0.719834 1.68737 1.58713 -1.47555 1.58713 8.40545 
-172 19 1 -516.9 58.1258 4.38487 430.961 155.903 22.6614 155.903 523.963 -13.0953 22.6614 -13.0953 2.80588 
-174 19 0 -523.234 58.8107 -1.05223 2.6857 -8.51013 32.1674 -8.51013 47.2334 -177.337 32.1674 -177.337 689.622 
-155 24 0 -466.547 72.5396 -2.57049 1.61134 -2.82264 23.4157 -2.82264 18.042 -94.9188 23.4157 -94.9188 650.261 
-177 17 0 -531.989 52.3673 -1.71605 21.9516 -12.6994 -17 -12.6994 9.34401 -16.5143 -17 -16.5143 637.987 
-160 18 -1 -481.075 54.3292 -3.18026 1.77715 -0.976342 3.09708 -0.976342 4.21977 -7.23619 3.09708 -7.23619 65.1978 
-162 19 0 -487.448 58.5137 -2.45565 7.60002 -6.3157 63.2915 -6.3157 6.57481 -61.1433 63.2915 -61.1433 661.431 
-168 19 0 -506.24 57.9633 -0.159523 2.09884 -0.969357 0.101231 -0.969357 2.49685 0.854844 0.101231 0.854844 0.765978 
-167 17 0 -502.625 51.8486 -1.59846 2.01041 -0.432448 -0.376236 -0.432448 1.43209 0.458341 -0.376236 0.458341 0.862634 
-160 21 0 -482.031 64.0545 -2.21085 23.1868 -18.6825 60.5407 -18.6825 17.5807 -60.581 60.5407 -60.581 236.342 
-171 17 0 -514.788 52.7374 -2.46285 3.02152 -3.91336 16.5541 -3.91336 17.876 -114.4 16.5541 -114.4 845.614 
-153 17 -1 -460.523 52.385 -4.49525 1.41154 -0.267198 -0.232095 -0.267198 1.83185 -0.894364 -0.232095 -0.894364 6.17296 
-159 24 0 -479.497 73.7723 -0.00153244 32.9389 32.0823 3.25213 32.0823 34.676 2.15511 3.25213 2.15511 1.40587 
-178 16 1 -535.245 50.4113 5.48685 2.40682 -1.15736 -4.86682 -1.15736 17.0341 5.64048 -4.86682 5.64048 56.1987 
-163 19 0 -490.377 58.0724 -0.766327 2.48123 0.27597 0.313453 0.27597 1.2794 0.392534 0.313453 0.392534 0.456833 
-179 20 0 -537.871 60.8723 0.513221 143.818 152.272 12.0785 152.272 164.086 12.1357 12.0785 12.1357 1.53357 
-165 16 0 -497.401 50.6031 -2.41388 22.1035 -21.0769 80.6736 -21.0769 35.6031 -96.2174 80.6736 -96.2174 412.263 
-182 16 1 -547.855 50.6911 4.69598 164.387 -149.517 -12.5289 -149.517 204.25 17.8293 -12.5289 17.8293 2.87404 
-157 17 1 -472.141 51.9985 4.50591 270.133 39.042 -29.2338 39.042 42.1694 2.0859 -29.2338 2.0859 5.33924 
-155 23 0 -466.25 71.3812 -1.24466 3.86867 -0.210691 -0.112011 -0.210691 7.20423 0.0707427 -0.112011 0.0707427 0.319248 
-154 19 -1 -463.54 58.7104 -3.95655 1.33148 0.801445 -9.23848 0.801445 11.297 -92.2029 -9.23848 -92.2029 824.28 
-157 23 0 -472.46 69.7967 -2.60053 1.70389 0.176207 10.5819 0.176207 12.0518 -76.0127 10.5819 -76.0127 638.513 
-153 22 0 -460.809 67.3444 -1.85142 9.97467 -12.2591 1.76303 -12.2591 20.2688 -0.862474 1.76303 -0.862474 1.34097 
-155 21 -1 -466.068 63.8817 -3.28501 4.41007 -4.91685 2.13486 -4.91685 10.3655 -16.2085 2.13486 -16.2085 201.558 
-151 20 -1 -454.46 61.422 -3.49933 1.45624 -0.0490687 2.43207 -0.0490687 1.66686 -6.18343 2.43207 -6.18343 59.7313 
-172 18 0 -517.66 55.3687 -0.697157 1.23667 -0.102745 0.0792058 -0.102745 1.6727 0.452124 0.0792058 0.452124 0.520973 
-152 18 1 -456.493 56.4068 4.37763 40.7361 6.9352 2.96808 6.9352 6.86726 1.7892 2.96808 1.7892 2.03248 
-162 20 0 -487.658 60.8881 -1.54399 2.2274 -0.133262 0.525825 -0.133262 1.95229 0.326298 0.525825 0.326298 1.00705 
-157 19 -1 -472.537 58.0124 -3.64875 1.88273 -0.718414 5.25329 -0.718414 4.91831 -22.8334 5.25329 -22.8334 162.882 
-172 20 0 -517.906 61.4404 -0.0920891 3.03459 -2.55601 -0.539345 -2.55601 5.85452 0.735889 -0.539345 0.735889 1.00822 
-175 18 0 -526.382 55.1313 -1.27334 2.94699 0.31964 3.50785 0.31964 1.23352 0.137307 3.50785 0.137307 7.42241 
-158 19 1 -475.121 57.3938 4.14842 229.537 -43.3844 -8.03245 -43.3844 854.067 29.003 -8.03245 29.003 2.29797 
-158 18 0 -476.336 55.8056 -1.90791 322.093 -344.789 -56.3996 -344.789 2902.5 295.122 -56.3996 295.122 34.6489 
-156 19 -1 -469.867 58.5229 -3.8207 2.85091 -0.809099 13.4718 -0.809099 2.39923 -11.761 13.4718 -11.761 122.418 
-157 25 1 -473.067 75.6982 4.26039 63.7903 -56.4192 -5.47702 -56.4192 125.645 7.52923 -5.47702 7.52923 1.96246 
-166 21 0 -499.555 64.0749 -0.827697 23.477 -64.7057 47.084 -64.7057 188.423 -137.441 47.084 -137.441 167.681 
-169 16 0 -508.796 50.5177 -2.52506 8.64768 -20.4167 -35.8604 -20.4167 67.8907 -5.87694 -35.8604 -5.87694 1018.03 
-155 19 -1 -466.465 58.8827 -3.94302 3.19167 -7.86322 39.2122 -7.86322 35.9893 -190.385 39.2122 -190.385 1087.53 
-175 20 1 -525.841 61.2103 4.42031 130.394 -229.995 -19.2089 -229.995 418.608 35.4655 -19.2089 35.4655 4.13866 
-171 16 0 -513.618 50.4096 -2.6237 17.9052 -102.678 125.597 -102.678 711.96 -916.847 125.597 -916.847 1229.51 
-150 19 -1 -451.415 58.55 -3.93702 2.5841 -1.56229 18.0295 -1.56229 4.81997 -33.0379 18.0295 -33.0379 340.2 
-158 17 -1 -475.363 52.8108 -4.06015 2.34489 -2.19933 12.1673 -2.19933 6.36054 -29.5843 12.1673 -29.5843 163.767 
-150 21 -1 -451.219 64.2512 -3.188 2.23857 0.366007 -9.06704 0.366007 5.41832 -53.7587 -9.06704 -53.7587 649.346 
-169 23 0 -508.659 70.1025 0.128837 2.54719 -2.06978 18.2335 -2.06978 71.9155 -217.678 18.2335 -217.678 751.963 
-152 18 -1 -457.383 55.7023 -4.05496 1.42506 0.296041 -2.56743 0.296041 1.43717 -2.81842 -2.56743 -2.81842 18.6268 
-154 21 -1 -463.52 64.3142 -3.23977 2.34839 2.41438 -20.3331 2.41438 4.41409 -38.8211 -20.3331 -38.8211 616.57 
-152 19 -1 -457.412 57.8498 -3.71277 3.39099 1.65032 -4.4504 1.65032 1.97299 -1.37696 -4.4504 -1.37696 17.2542 
-152 22 0 -458.298 66.209 -0.882455 10.7273 -4.20883 0.678856 -4.20883 127.349 1.30987 0.678856 1.30987 0.396635 
-153 19 -1 -460.498 58.2156 -3.9191 1.89431 0.836719 -0.011059 0.836719 2.17038 -4.95301 -0.011059 -4.95301 38.7639 
-171 19 0 -514.295 58.4423 -1.41009 1.72133 -0.734665 2.54912 -0.734665 3.12993 -7.65568 2.54912 -7.65568 33.7146 
-159 17 -1 -478.494 52.3967 -3.81044 7.91058 -6.26841 48.6095 -6.26841 7.96894 -50.2356 48.6095 -50.2356 386.014 
-163 16 0 -489.721 50.4343 -0.845629 5.62823 -9.053 -1.389 -9.053 29.1596 2.85809 -1.389 2.85809 0.574906 
-157 20 0 -471.216 62.3985 -2.25603 264.182 -126.14 1.78522 -126.14 62.2983 -2.0228 1.78522 -2.0228 2.87414 
-152 18 2 -456.698 55.7806 7.40731 36.9365 20.2313 7.76021 20.2313 12.886 4.34685 7.76021 4.34685 3.1673 
-150 17 -1 -451.802 52.5902 -4.41886 2.17808 -0.131273 0.675992 -0.131273 1.09373 -0.0520696 0.675992 -0.0520696 4.56015 
-154 17 -1 -463.688 52.3944 -4.6805 1.43897 0.343442 -0.586807 0.343442 3.78888 -13.9093 -0.586807 -13.9093 75.8029 
-159 18 -1 -478.775 54.5027 -3.38419 3.57041 -1.2399 13.1342 -1.2399 1.5617 -5.59231 13.1342 -5.59231 89.2537 
-151 24 0 -454.303 73.7558 -1.93437 2.50578 -2.96073 11.7744 -2.96073 7.74294 -32.814 11.7744 -32.814 194.16 
-156 16 -1 -469.535 50.6036 -4.74738 1.65453 -3.10324 4.68144 -3.10324 21.7378 -23.3024 4.68144 -23.3024 83.7426 
-150 18 -1 -451.543 55.1156 -4.15853 1.98014 0.841865 -1.60689 0.841865 2.33004 0.569941 -1.60689 0.569941 9.82054 
-150 25 0 -452.233 76.213 -1.50421 2.53817 -0.421829 0.725763 -0.421829 5.81267 -17.7606 0.725763 -17.7606 70.5522 
-174 17 0 -523.396 52.5858 -1.80423 1.20062 -0.0393272 -0.591195 -0.0393272 0.717594 -0.230895 -0.591195 -0.230895 1.70003 
-153 21 0 -460.339 63.6961 -1.01419 7.79889 8.47545 0.882374 8.47545 13.7818 2.2832 0.882374 2.2832 1.48671 
-164 17 0 -493.733 52.5072 -2.35756 2.53863 -1.84419 10.2356 -1.84419 6.18249 -23.0466 10.2356 -23.0466 114.645 
-178 18 0 -535.505 54.8416 -1.26684 2.86498 2.219 1.70103 2.219 24.9441 -111.551 1.70103 -111.551 580.155 
-155 18 -1 -466.426 54.9778 -3.95944 2.26187 0.161864 -2.51664 0.161864 1.28372 -1.2199 -2.51664 -1.2199 9.66664 
-150 23 0 -451.059 69.9143 -1.05543 97.7495 -88.0418 -0.942568 -88.0418 83.6667 1.78113 -0.942568 1.78113 0.40231 
-167 16 0 -502.412 50.4275 -2.38023 7.86903 -1.91578 -66.334 -1.91578 35.436 -40.4924 -66.334 -40.4924 764.96 
-155 21 0 -465.903 64.7305 -0.0734095 21.5898 -29.9288 8.90796 -29.9288 81.418 -33.1661 8.90796 -33.1661 14.6747 
-168 18 0 -506.055 55.3539 -1.56221 2.33406 0.698695 0.137722 0.698695 2.32719 -1.41308 0.137722 -1.41308 1.9141 
-151 16 -1 -454.318 50.5442 -4.78308 2.40737 6.25344 -18.9292 6.25344 32.801 -101.635 -18.9292 -101.635 604.2 
-161 18 -1 -484.219 54.8039 -3.07793 1.30936 0.699064 -2.93655 0.699064 2.81935 -12.7159 -2.93655 -12.7159 177.171 
-161 16 -1 -484.571 50.5773 -3.46182 1.91431 0.535725 8.66849 0.535725 22.99 -3.58332 8.66849 -3.58332 84.9996 
-173 17 0 -520.782 52.6444 -0.861986 1.52175 -0.162019 0.275826 -0.162019 3.48091 -1.02343 0.275826 -1.02343 0.578013 
-164 20 0 -493.814 61.3527 -1.53893 3.92941 -5.02572 45.7515 -5.02572 10.9761 -81.5539 45.7515 -81.5539 692.967 
-158 16 -1 -475.085 50.4596 -4.3931 10.6705 -5.51535 88.8731 -5.51535 14.882 -48.7979 88.8731 -48.7979 802.336 
-175 16 0 -525.949 50.5277 -0.458843 6.86716 -2.32035 0.0536836 -2.32035 11.0491 -0.280189 0.0536836 -0.280189 0.224042 
-152 21 -1 -457.395 64.1524 -3.18125 1.26111 1.14077 -8.99732 1.14077 14.9847 -88.1283 -8.99732 -88.1283 591.223 
-158 25 0 -474.572 75.4975 -0.109892 4.7214 -1.36971 -0.694083 -1.36971 5.62794 1.15767 -0.694083 1.15767 0.687911 
-162 16 -1 -487.384 50.5057 -3.18949 2.48458 1.15214 15.4779 1.15214 19.7406 -21.2477 15.4779 -21.2477 213.437 
-161 18 0 -484.284 55.3301 -2.78318 1.36201 0.649794 -0.0498165 0.649794 1.36037 1.91105 -0.0498165 1.91105 38.0995 
-158 19 -1 -475.417 58.268 -3.47363 2.61189 0.00420436 10.4838 0.00420436 1.68218 -5.46114 10.4838 -5.46114 108.818 
-170 20 0 -511.946 61.1988 -0.421491 1.47175 -0.0322781 -0.178128 -0.0322781 2.61206 -0.451583 -0.178128 -0.451583 1.46284 
-150 18 0 -450.749 54.3204 0.0969098 2.25044 10.2999 0.422965 10.2999 166.321 3.74948 0.422965 3.74948 0.276788 
-153 21 -1 -460.411 63.8676 -3.194 3.76654 -9.2444 16.7132 -9.2444 34.421 -59.4485 16.7132 -59.4485 215.011 
-153 18 0 -459.853 56.8483 -0.986939 315.362 -7.15098 13.7817 -7.15098 260.787 -3.38258 13.7817 -3.38258 0.955999 
-158 18 -1 -475.993 54.2047 -3.67639 2.93365 0.8956 0.0764597 0.8956 6.69053 -13.1588 0.0764597 -13.1588 52.4283 
-165 17 0 -496.112 52.3318 -1.12191 5.70031 -1.75528 0.673439 -1.75528 1.7365 -0.642839 0.673439 -0.642839 0.574539 
-166 17 0 -499.51 51.9339 -0.787535 2.97464 -1.90298 -0.032174 -1.90298 3.94991 0.567117 -0.032174 0.567117 0.587249 
-182 18 0 -547.569 55.3826 -0.298025 5.18004 -7.45237 49.9666 -7.45237 13.7678 -77.2186 49.9666 -77.2186 791.552 
-151 17 -1 -454.476 52.6764 -4.4249 1.51934 -0.226707 1.73433 -0.226707 1.80189 -0.680888 1.73433 -0.680888 8.63595 
-166 18 0 -499.114 55.2477 -1.47068 1.8798 -0.986162 0.252959 -0.986162 2.92587 -1.54868 0.252959 -1.54868 2.20103 
-157 25 2 -472.865 75.5391 7.4592 58.6723 -94.6313 -4.26158 -94.6313 356.604 25.6913 -4.26158 25.6913 5.02391 
-154 18 -1 -463.438 55.8103 -4.27209 1.40648 -0.46899 2.76382 -0.46899 3.53142 -17.6834 2.76382 -17.6834 178.405 
-162 18 0 -487.685 55.4697 -2.68956 3.19647 -0.116093 7.67795 -0.116093 1.24842 -1.32277 7.67795 -1.32277 49.0685 
-176 17 0 -529.631 51.9387 -1.87972 1.4723 0.609406 -9.93455 0.609406 8.46719 -88.4454 -9.93455 -88.4454 1082.18 
-153 18 -1 -460.434 55.8671 -4.1552 1.91822 0.167533 -2.21633 0.167533 2.21002 -4.49263 -2.21633 -4.49263 20.79 
-171 18 0 -514.183 55.2797 -1.67071 1.33962 0.40001 -0.457151 0.40001 2.05543 -0.371066 -0.457151 -0.371066 2.11167 
-156 18 -1 -469.329 55.8086 -4.11151 2.22315 -0.486947 7.06346 -0.486947 1.30368 -6.55982 7.06346 -6.55982 137.396 
-157 21 -1 -472.469 64.5876 -3.10013 1.68572 -0.41121 -3.10208 -0.41121 11.242 -104.827 -3.10208 -104.827 1225.8 
-167 25 2 -501.202 76.3355 8.15177 249.853 788.507 125.035 788.507 5184.58 832.941 125.035 832.941 139.425 
-163 17 0 -490.541 52.4714 -2.5117 1.40543 -0.0703819 0.405564 -0.0703819 1.62893 -0.589654 0.405564 -0.589654 1.26268 
-151 18 -1 -454.576 55.2072 -4.11852 1.44137 0.082511 0.0410725 0.082511 2.0508 -1.09217 0.0410725 -1.09217 10.223 
-150 20 -1 -451.686 61.36 -3.56951 1.81625 -3.59633 22.3347 -3.59633 21.1025 -134.685 22.3347 -134.685 911.911 
-151 18 0 -454.135 55.0931 -0.482193 1.19157 1.19895 0.00685463 1.19895 5.64481 0.362171 0.00685463 0.362171 0.374603 
-158 20 -1 -475.061 61.7614 -3.20091 2.37683 -1.30468 11.1326 -1.30468 7.46167 -39.9257 11.1326 -39.9257 287.055 
-151 19 0 -454.592 58.3407 -1.53766 1.24984 -1.02958 -0.0369287 -1.02958 1.65433 -0.154879 -0.0369287 -0.154879 0.644818 
-163 21 0 -490.176 63.3226 -1.50119 5.77932 -8.6099 -7.4131 -8.6099 25.8995 22.601 -7.4131 22.601 40.9705 
-156 21 -1 -470.033 63.6526 -3.22848 27.3393 -38.3155 139.41 -38.3155 62.9323 -210.262 139.41 -210.262 855.002 
-162 17 -1 -487.217 52.1921 -3.07478 8.37706 -6.82834 67.2137 -6.82834 7.25035 -61.4014 67.2137 -61.4014 804.93 
-178 22 2 -536.587 67.5048 7.06215 91.1509 -133.84 1.9286 -133.84 583.27 8.39206 1.9286 8.39206 1.34797 
-153 20 0 -460.938 60.6186 -0.623757 15.8177 -7.92476 1.2959 -7.92476 6.09793 -1.04927 1.2959 -1.04927 0.391941 
-154 22 0 -464.124 67.1954 -2.95868 8.54116 3.55804 35.8482 3.55804 2.65272 26.9862 35.8482 26.9862 844.879 
-159 23 0 -477.89 70.1004 -2.17235 9.5534 -4.29974 41.5117 -4.29974 9.2983 -15.8822 41.5117 -15.8822 301.617 
-152 25 0 -457.391 76.3375 -1.01839 5.29069 -3.01856 -0.38075 -3.01856 6.74866 -1.66924 -0.38075 -1.66924 1.3845 
-150 22 0 -451.671 67.1978 -2.76672 1.64045 -0.884148 1.80625 -0.884148 3.23289 -8.4694 1.80625 -8.4694 39.0133 
-150 18 1 -451.827 54.2829 3.67661 3.56068 34.6065 2.34995 34.6065 463.277 57.7036 2.34995 57.7036 15.3921 
-159 22 0 -478.835 67.5694 -2.10057 4.10088 0.439336 2.56048 0.439336 4.5434 -8.81995 2.56048 -8.81995 36.8266 
-153 17 1 -460.743 52.8455 3.99578 1020.61 856.282 -130.251 856.282 725.696 -108.932 -130.251 -108.932 18.4769 
-176 24 2 -530.718 73.3842 7.79392 228.975 -169.458 21.4984 -169.458 759.065 -94.189 21.4984 -94.189 12.5213 
-172 19 0 -517.316 58.3397 -0.728493 1.8204 0.283911 -0.348081 0.283911 1.10963 -0.0856551 -0.348081 -0.0856551 0.674046 
-159 20 -1 -477.645 61.3712 -3.05855 25.9113 -16.7261 138.088 -16.7261 12.3474 -91.4693 138.088 -91.4693 1048.44 
-171 20 0 -514.57 61.2968 -0.882872 10.9357 -17.3273 92.8246 -17.3273 33.2831 -169.18 92.8246 -169.18 896.044 
-157 17 -1 -472.494 52.5804 -4.2547 1.81912 -0.987744 2.11173 -0.987744 2.37393 -3.40437 2.11173 -3.40437 14.2539 
-160 17 -1 -481.382 52.5746 -3.525 1.9281 -1.15395 15.1188 -1.15395 4.76798 -23.2267 15.1188 -23.2267 258.095 
-159 18 1 -478.869 55.5319 4.70369 924.013 -707.488 -59.2361 -707.488 703.25 110.664 -59.2361 110.664 32.0883 
-169 17 0 -508.28 52.468 -0.375576 4.03292 -1.28665 -0.303196 -1.28665 8.07522 -0.426775 -0.303196 -0.426775 0.38334 
-164 16 0 -493.998 50.423 -2.08664 1.30965 1.4345 0.172446 1.4345 13.6348 -0.1876 0.172446 -0.1876 0.386619 
-157 20 -1 -472.604 61.4101 -3.21211 2.10263 -1.13054 -8.22035 -1.13054 1.48395 4.43093 -8.22035 4.43093 77.0196 
-169 17 3 -508.305 51.4732 10.4465 20.5924 -41.337 -4.97707 -41.337 167.46 32.5546 -4.97707 32.5546 8.56005 
-157 22 0 -472.811 67.8295 -2.54116 3.1853 -1.22445 -1.93841 -1.22445 1.79918 -0.0873601 -1.93841 -0.0873601 6.10185 
-172 16 0 -517.582 50.5044 -2.53745 2.57826 2.4742 1.88168 2.4742 13.2175 9.85354 1.88168 9.85354 49.1675 
-161 17 0 -484.754 51.5704 -0.884439 8.91232 6.02945 -1.0959 6.02945 11.4403 -1.00811 -1.0959 -1.00811 0.534834 
-162 17 0 -487.967 53.3744 -2.89259 14.8913 -17.7289 136.852 -17.7289 27.0468 -169.619 136.852 -169.619 1462.93 
-177 16 1 -532.974 50.5266 4.58622 4.85194 -0.500723 5.58471 -0.500723 14.9478 -5.28539 5.58471 -5.28539 20.3337 
-154 24 0 -463.491 73.3098 -2.4769 11.3006 2.20557 -13.1382 2.20557 2.02889 0.0706815 -13.1382 0.0706815 29.8424 
-157 17 0 -472.621 52.4513 -0.0884228 239.989 -22.8987 -21.6161 -22.8987 308.259 22.7926 -21.6161 22.7926 3.67246 
-152 17 -1 -457.607 52.5039 -4.60372 1.34805 -0.212903 -1.3396 -0.212903 3.1175 -14.0985 -1.3396 -14.0985 108.641 
-153 17 0 -460.483 52.6972 -0.467238 266.99 -48.7161 7.14339 -48.7161 313.601 -1.60592 7.14339 -1.60592 0.536044 
-160 18 0 -481.344 54.4596 -1.1003 4.96209 -3.1548 -1.52984 -3.1548 11.3871 1.44889 -1.52984 1.44889 0.718218 
-155 18 0 -465.638 55.4765 -1.71244 57.2669 13.8893 -6.87559 13.8893 7.77902 -0.0739146 -6.87559 -0.0739146 2.16426 
-155 17 -1 -466.393 52.3574 -4.49472 1.86589 0.267184 -1.44923 0.267184 1.90784 -2.58424 -1.44923 -2.58424 16.9249 
-159 20 0 -478.739 61.6054 -2.29063 2.65012 -1.3534 -0.396724 -1.3534 2.36835 0.827829 -0.396724 0.827829 1.03543 
-159 18 0 -478.921 56.134 -0.179062 24.5036 -17.5447 -3.3182 -17.5447 39.0554 3.61859 -3.3182 3.61859 0.814874 
-158 19 0 -475.287 57.4456 -0.203195 203.874 -8.27725 -11.4921 -8.27725 304.95 4.22531 -11.4921 4.22531 1.00089 
-174 16 0 -523.49 50.7387 -2.39716 3.56342 -5.51254 8.62427 -5.51254 25.4845 -16.1455 8.62427 -16.1455 52.3246 
-158 21 0 -475.928 64.2297 -2.74615 1.84197 0.607238 -0.468993 0.607238 2.4756 -5.29633 -0.468993 -5.29633 47.4104 
-160 24 1 -480.276 73.7381 4.63862 169.455 52.8826 23.5443 52.8826 1187.45 38.5552 23.5443 38.5552 5.478 
-159 19 -1 -477.822 58.4945 -3.29275 17.7183 -13.3251 126.373 -13.3251 11.962 -104.254 126.373 -104.254 995.359 
-156 20 0 -470.848 62.4711 0.120195 119.15 12.255 -1.27496 12.255 3.50811 -0.573386 -1.27496 -0.573386 0.346125 
-161 19 0 -484.889 58.535 -2.65841 3.45796 -2.035 14.2385 -2.035 4.57492 -21.8051 14.2385 -21.8051 148.991 
-152 21 0 -457.787 65.0153 -2.22415 3.67886 1.68817 -0.884839 1.68817 7.23721 1.23794 -0.884839 1.23794 1.56149 
-181 16 0 -543.723 50.5272 -1.15073 64.9542 -23.1159 404.966 -23.1159 38.268 -186.791 404.966 -186.791 2688.62 
-176 21 0 -529.209 63.5238 0.271341 16.39 42.3095 -183.117 42.3095 161.437 -569.159 -183.117 -569.159 2433.19 
-151 22 0 -454.227 66.8271 -0.861728 4.89755 2.54265 -0.424395 2.54265 2.76674 0.0188864 -0.424395 0.0188864 0.29685 
-150 16 0 -450.862 50.9017 -1.06847 4.51864 -29.5549 -1.95767 -29.5549 485.21 26.6701 -1.95767 26.6701 2.00524 
-152 19 1 -456.73 57.2822 4.45167 24.2664 25.4083 0.692117 25.4083 86.6542 -1.25403 0.692117 -1.25403 1.48613 
-182 16 0 -547.789 50.8725 1.07976 10.1597 11.9996 0.912747 11.9996 144.177 0.950301 0.912747 0.950301 0.560056 
-182 17 0 -547.487 51.4515 0.754279 10.868 -6.83495 0.882198 -6.83495 7.01881 0.283247 0.882198 0.283247 0.973058 
-155 16 -1 -466.145 50.4249 -4.91509 1.73204 1.01497 3.88716 1.01497 34.2367 -66.643 3.88716 -66.643 332.039 
-181 18 0 -543.329 55.6176 -0.65356 18.1606 -8.31347 101.135 -8.31347 5.47898 -61.7517 101.135 -61.7517 895.658 
-170 17 0 -511.279 52.5529 -2.15697 1.65807 0.234959 0.222814 0.234959 1.40881 0.59131 0.222814 0.59131 2.51191 
-179 19 0 -538.189 58.3678 -0.616922 5.45729 -8.98371 59.325 -8.98371 20.4438 -133.191 59.325 -133.191 921.876 
-152 19 0 -456.543 57.5037 0.0118185 19.1163 7.62486 0.424544 7.62486 4.55259 0.261443 0.424544 0.261443 0.2948 
-173 20 0 -520.584 61.0177 -0.522465 1.28033 -0.23675 2.78352 -0.23675 2.66831 -5.31275 2.78352 -5.31275 32.2135 
-171 21 0 -514.062 64.4307 -0.440853 7.20866 -6.60176 22.9939 -6.60176 28.2019 -85.0471 22.9939 -85.0471 296.007 
-161 23 0 -484.486 70.288 -1.36557 2.67898 -4.8243 39.2584 -4.8243 18.7217 -132.262 39.2584 -132.262 1304.37 
-166 22 0 -498.239 67.1785 0.024228 129.756 277.296 48.381 277.296 664.653 119.418 48.381 119.418 22.5545 
-165 23 0 -495.55 69.4226 1.17768 26.1512 8.75448 -0.5913 8.75448 4.82626 -0.0819448 -0.5913 -0.0819448 0.587819 
-154 16 -1 -463.592 50.5107 -4.91812 9.70968 -19.6436 48.3085 -19.6436 54.1014 -46.4657 48.3085 -46.4657 632.405 
-167 18 0 -502.06 54.9414 -1.85275 3.4724 27.4617 0.56806 27.4617 773.47 -437.957 0.56806 -437.957 432.493 
-160 16 -1 -481.343 50.5473 -3.61307 1.45644 2.13325 -0.265696 2.13325 12.2278 0.210493 -0.265696 0.210493 31.1081 
-158 27 0 -474.455 81.6185 0.377692 34.283 33.2455 -1.68667 33.2455 83.6399 0.59224 -1.68667 0.59224 0.846471 
-167 23 0 -502.566 70.8147 0.0172173 1.45261 -1.49494 9.60033 -1.49494 8.49742 -45.6829 9.60033 -45.6829 278.154 
-176 20 0 -529.475 61.3786 -0.224501 2.89527 5.49555 -19.3298 5.49555 25.5084 -124.026 -19.3298 -124.026 690.131 
-174 20 0 -523.839 61.4362 -0.314572 2.85842 0.145885 -8.30221 0.145885 3.61891 1.83861 -8.30221 1.83861 46.9424 
-156 23 0 -469.589 69.9305 -2.38328 1.87048 -0.164539 1.05278 -0.164539 1.17729 0.436254 1.05278 0.436254 3.96728 
-175 20 0 -526.213 61.5238 1.1691 2.57541 0.847695 -0.697745 0.847695 7.7098 0.861352 -0.697745 0.861352 1.03669 
-163 19 1 -490.205 57.3875 3.97349 85.631 90.057 -11.1787 90.057 97.0341 -10.7522 -11.1787 -10.7522 4.20319 
-173 21 0 -520.081 63.8857 0.101199 5.58147 -12.1522 55.7403 -12.1522 54.681 -232.699 55.7403 -232.699 1016.25 
-151 19 -1 -454.588 57.9772 -3.786 1.38574 -0.844556 1.50382 -0.844556 1.84008 -0.505316 1.50382 -0.505316 20.8215 
-177 21 0 -532.842 63.8464 0.0137348 21.6842 24.0888 -212.32 24.0888 52.2301 -303.847 -212.32 -303.847 2421.86 
-165 22 0 -496.401 68.4573 -0.0735366 1.69318 -1.94184 -0.492033 -1.94184 4.22183 1.06312 -0.492033 1.06312 2.69905 
-172 21 0 -517.538 64.8857 -0.013468 13.1193 -19.1933 84.1891 -19.1933 30.2978 -127.686 84.1891 -127.686 580.303 
-169 22 0 -509.183 67.3869 0.044182 702.831 231.71 183.321 231.71 77.58 63.164 183.321 63.164 74.7696 
-172 17 0 -517.51 52.2997 -2.45148 1.40598 -0.915414 2.71111 -0.915414 2.88979 -6.73389 2.71111 -6.73389 32.027 
-159 19 0 -478.984 58.8085 -2.35495 41.3589 50.4415 34.5062 50.4415 68.4246 49.3517 34.5062 49.3517 37.8748 
-175 20 2 -525.977 61.1807 7.37708 5.30467 8.13598 2.01675 8.13598 25.3739 6.92964 2.01675 6.92964 2.88243 
-175 21 0 -526.153 63.5444 0.337511 27.8335 -12.3024 124.953 -12.3024 10.5416 -75.0673 124.953 -75.0673 730.339 
-157 16 -1 -472.62 50.3821 -4.61971 7.0789 -6.31154 68.8909 -6.31154 22.0588 -72.6987 68.8909 -72.6987 774.381 
-164 19 0 -492.562 58.7466 -0.445588 3.61522 -0.121371 -0.597486 -0.121371 2.75251 -0.309452 -0.597486 -0.309452 0.441726 
-178 17 1 -535.62 52.5051 4.52127 4.08718 2.77496 1.40953 2.77496 5.73712 -1.50747 1.40953 -1.50747 8.83301 
-166 20 0 -499.498 61.5743 -1.27844 2.18319 -0.806072 8.21777 -0.806072 2.83984 -23.0135 8.21777 -23.0135 291.879 
-174 21 0 -523.124 63.8605 0.21908 7.37833 11.117 -30.3152 11.117 217.38 -884.109 -30.3152 -884.109 3753.82 
-152 21 1 -458.063 65.1202 4.21723 238.928 185.374 -1.22222 185.374 144.797 -0.139459 -1.22222 -0.139459 2.82233 
-172 22 0 -517.466 67.0495 0.32638 13.1843 -14.6779 78.4161 -14.6779 17.7183 -93.2083 78.4161 -93.2083 534.232 
-152 16 -1 -458.081 50.5624 -4.87126 2.90162 -0.438058 -13.1353 -0.438058 17.0102 -49.7913 -13.1353 -49.7913 578.158 
-164 19 1 -492.119 59.0442 4.32851 822.222 -2.62917 -55.0622 -2.62917 824.053 -39.1316 -55.0622 -39.1316 6.39392 
-166 16 0 -498.553 50.4333 -1.34112 7.06049 1.81908 1.16648 1.81908 29.1428 -3.62794 1.16648 -3.62794 1.04118 
-169 19 0 -509.326 58.9348 -0.97518 4.15268 -0.675425 0.255899 -0.675425 1.40613 -0.364316 0.255899 -0.364316 0.920619 
-156 22 0 -469.882 68.2796 -0.68049 1.91896 -2.0416 0.475022 -2.0416 6.77949 -1.18835 0.475022 -1.18835 0.356759 
-177 18 0 -531.551 55.7942 -1.28549 17.6478 -17.6832 111.807 -17.6832 36.0161 -221.854 111.807 -221.854 1426.64 
-170 21 0 -511.779 64.6487 -0.48274 1.455 0.837908 -3.66593 0.837908 1.69003 -5.77639 -3.66593 -5.77639 36.6399 
-151 17 4 -453.466 51.5726 12.1372 66.9535 -504.07 -595.948 -504.07 7575.78 7892.74 -595.948 7892.74 8536.32 
-160 20 0 -481.354 61.6325 -1.52808 1.55793 0.442296 0.0328197 0.442296 1.79485 0.388117 0.0328197 0.388117 0.609769 
-159 21 0 -478.355 64.534 -1.38203 3.39525 -0.564419 1.31905 -0.564419 2.45148 -0.376805 1.31905 -0.376805 0.903657 
-159 16 -1 -478.847 50.569 -3.96175 11.3318 1.03173 88.8409 1.03173 14.7621 0.895137 88.8409 0.895137 751.863 
-156 20 1 -470.72 62.8372 5.10658 325.876 131.152 -9.17763 131.152 1246.39 -8.21192 -9.17763 -8.21192 4.46257 
-150 16 -1 -451.384 50.4241 -4.81505 1.15597 -0.424543 0.0514738 -0.424543 16.8948 -16.8889 0.0514738 -16.8889 34.6271 
-168 19 1 -506.688 57.2248 4.83876 100.908 -157.048 8.72964 -157.048 1170.98 -59.591 8.72964 -59.591 4.23904 
-168 20 0 -505.34 60.9611 -0.659521 1.5639 -0.907291 -0.141964 -0.907291 3.70097 -0.404102 -0.141964 -0.404102 0.646353 
-165 17 1 -496.269 53.5295 4.8349 469.747 -86.4645 32.4505 -86.4645 18.6382 -8.80557 32.4505 -8.80557 6.45374 
-177 22 2 -531.117 68.2196 7.53681 510.994 9.11411 14.0761 9.11411 14.7357 -2.3647 14.0761 -2.3647 2.89045 
-169 17 1 -508.086 52.229 4.4313 11.3449 -18.7846 -2.50255 -18.7846 152.645 23.0113 -2.50255 23.0113 4.63321 
-175 17 1 -525.937 51.3002 3.84653 17.528 16.2822 -1.40927 16.2822 24.5507 -0.14911 -1.40927 -0.14911 3.97214 
-170 18 1 -511.5 54.7051 4.19067 448.424 163.047 53.0505 163.047 60.1769 19.4169 53.0505 19.4169 7.03541 
-167 19 1 -502.999 57.367 4.16434 80.4724 -263.423 15.4477 -263.423 1046.06 -86.3206 15.4477 -86.3206 11.3297 
-160 19 1 -481.043 58.0719 4.4387 14.249 -8.91925 -1.02714 -8.91925 72.6191 4.40191 -1.02714 4.40191 1.63103 
-162 20 1 -488.222 60.9718 3.90458 18.2092 9.55235 1.16921 9.55235 6.06014 0.262178 1.16921 0.262178 1.77433 
-152 22 1 -458.741 66.0535 4.19697 396.214 456.579 44.5648 456.579 985.007 63.3379 44.5648 63.3379 6.57342 
-152 19 4 -457.09 57.7233 13.73 97.3741 29.8707 34.6729 29.8707 26.4782 0.749017 34.6729 0.749017 19.9328 
-164 22 1 -492.322 66.5562 4.40052 151.841 150.926 0.41792 150.926 519.191 -12.9097 0.41792 -12.9097 1.80278 
-178 22 1 -536.374 67.5824 3.90185 90.6885 -108.272 8.57012 -108.272 188.173 -14.5287 8.57012 -14.5287 4.09114 
-169 17 2 -507.836 51.8871 7.12716 20.6615 4.49547 4.08042 4.49547 74.9286 14.5953 4.08042 14.5953 5.87861 
-165 22 1 -495.495 68.9688 3.99085 433.014 -236.103 -1.75483 -236.103 1098.27 16.901 -1.75483 16.901 1.44345 
-176 24 1 -530.534 73.3825 4.34645 214.631 -333.5 -5.27622 -333.5 820.561 -23.2216 -5.27622 -23.2216 4.96827 
-153 24 1 -460.626 73.4006 4.21249 4.23522 0.302585 -0.493941 0.302585 6.17768 0.903795 -0.493941 0.903795 1.57484 
-158 27 1 -474.271 81.6047 4.08453 71.6333 -95.1885 5.97351 -95.1885 535.57 -39.7276 5.97351 -39.7276 5.46601 
-151 21 -1 -454.184 64.4054 -3.13203 1.24461 0.204082 -5.23463 0.204082 7.18549 -55.7673 -5.23463 -55.7673 545.595 
-153 20 1 -461.084 61.1168 4.32258 276.428 -194.44 6.05441 -194.44 137.467 -4.1262 6.05441 -4.1262 2.11434 
-153 20 -1 -460.583 61.0259 -3.56466 1.3139 0.00212361 -0.631722 0.00212361 1.49292 -0.920311 -0.631722 -0.920311 30.3459 
-165 23 1 -495.437 69.0743 4.74936 169.923 -99.1663 39.6057 -99.1663 1104.05 -42.7284 39.6057 -42.7284 10.803 
-177 17 1 -533.097 51.3168 4.29597 159.989 56.4821 -61.8659 56.4821 49.0588 -33.9805 -61.8659 -33.9805 86.0944 
-152 18 0 -456.426 56.1726 0.365798 91.8045 14.1373 0.454006 14.1373 3.88862 -0.306699 0.454006 -0.306699 0.24098 
-160 24 2 -480.809 73.53 7.47323 231.664 -249.305 8.50658 -249.305 402.135 3.32789 8.50658 3.32789 2.63771 
-158 23 0 -475.524 70.0385 -2.41682 3.23128 -1.37177 19.2224 -1.37177 4.01277 -26.7764 19.2224 -26.7764 247.894 
-175 16 3 -525.6 50.1092 10.3729 238.188 -349.586 -66.6098 -349.586 789.089 145.221 -66.6098 145.221 29.2648 
-165 18 1 -496.46 55.0076 4.29923 72.1324 59.8249 19.7551 59.8249 50.2644 16.149 19.7551 16.149 6.43492 
-163 17 1 -491.318 53.901 3.95101 1400.52 -1362.67 -336.931 -1362.67 1640.98 312.941 -336.931 312.941 84.9755 
-158 22 0 -475.286 67.3494 -1.15882 3.48097 -0.771213 -0.0178344 -0.771213 2.91429 0.25932 -0.0178344 0.25932 0.24093 
-182 16 2 -547.717 50.4866 7.17092 39.1824 -70.1844 -1.68064 -70.1844 162.133 4.60923 -1.68064 4.60923 1.39814 
-175 16 2 -525.737 50.6321 7.43151 159.225 -208.284 -30.4509 -208.284 369.689 53.5479 -30.4509 53.5479 9.14686 
-152 19 2 -456.594 57.251 7.29691 127.503 -130.631 5.86568 -130.631 234.391 -7.67386 5.86568 -7.67386 1.55969 
-160 19 2 -480.842 57.9495 7.48036 28.293 -20.4889 0.336861 -20.4889 174.067 15.2562 0.336861 15.2562 2.86033 
-153 22 2 -459.22 66.0612 7.51294 243.785 -84.8472 21.8752 -84.8472 1457.02 77.4535 21.8752 77.4535 8.52228 
-171 22 0 -514.491 67.7827 1.43826 12.2082 -2.38046 -3.14363 -2.38046 30.3384 18.9566 -3.14363 18.9566 12.7554 
-165 23 2 -495.37 69.0552 7.04507 58.6902 -61.1067 -8.01452 -61.1067 1110.17 35.995 -8.01452 35.995 3.7469 
-178 17 2 -534.568 51.6322 6.84232 57.3938 -79.4182 -100.166 -79.4182 147.204 174.263 -100.166 174.263 213.422 
-157 17 2 -472.004 51.9373 7.58227 242.116 -363.413 -8.64797 -363.413 572.816 15.7971 -8.64797 15.7971 1.42833 
-176 18 0 -529.283 55.7067 -1.32879 2.99483 8.01863 -40.9809 8.01863 45.3598 -219.708 -40.9809 -219.708 1096.06 
-162 23 0 -487.034 70.1325 -1.24888 2.14091 0.198822 2.62096 0.198822 7.37393 -37.7142 2.62096 -37.7142 245.309 
-151 21 0 -455.253 64.2657 -2.18784 959.809 -424.838 -52.9587 -424.838 1438.12 53.6405 -52.9587 53.6405 5.34562 
-177 16 2 -533.24 50.5805 7.37762 6.95023 -4.37498 -0.461077 -4.37498 14.8836 0.0731683 -0.461077 0.0731683 2.54595 
-177 17 2 -533.234 51.6306 7.29078 11.4854 1.83238 8.78156 1.83238 3.81595 1.99851 8.78156 1.99851 15.3593 
-165 22 2 -495.958 68.3907 7.60183 113.729 -140.991 17.2509 -140.991 175.91 -22.1746 17.2509 -22.1746 4.33128 
-152 18 3 -457.465 55.1075 10.3532 128.672 123.718 81.8437 123.718 121.802 78.8485 81.8437 78.8485 53.86 
-178 16 2 -534.919 50.6395 7.4519 25.313 13.3631 7.20917 13.3631 23.4188 1.97779 7.20917 1.97779 6.44555 
-163 20 0 -490.564 61.4979 -1.74371 1.63072 -0.0874047 -0.612669 -0.0874047 1.52318 -2.53652 -0.612669 -2.53652 13.1227 
-154 20 -1 -463.685 61.06 -3.65091 1.56865 -1.313 6.28673 -1.313 20.7476 -85.7047 6.28673 -85.7047 393.771 
-182 16 3 -547.834 50.1563 9.75149 430.496 -331.384 -22.5862 -331.384 476.938 31.2637 -22.5862 31.2637 4.90594 
-151 18 3 -455.688 54.5449 9.69564 954.019 -556.138 -414.825 -556.138 335.806 235.91 -414.825 235.91 193.099 
