-185 11 3 -556.185 33.9248 10.7723 5.67264 6.01729 1.79914 6.01729 7.89321 1.42282 1.79914 1.42282 1.85931 
-186 9 2 -559.456 28.208 8.06204 1.33654 1.93617 -2.43002 1.93617 5.93858 -7.24445 -2.43002 -7.24445 19.2468 
-192 1 2 -576.24 4.75014 7.7646 20.7564 5.17621 -1.54133 5.17621 10.1471 -1.26283 -1.54133 -1.26283 5.14556 
-190 12 2 -571.429 38.2263 7.66777 251.307 -300.176 -193.217 -300.176 477.162 349.062 -193.217 349.062 268.675 
-184 11 2 -554.515 35.7378 7.43994 865.267 2.0653 -156.163 2.0653 893.334 11.4296 -156.163 11.4296 29.2629 
-186 11 2 -559.27 34.617 7.98038 5.00679 -0.85266 -2.11399 -0.85266 1.68958 0.693717 -2.11399 0.693717 2.99293 
-184 10 2 -553.344 32.0008 7.78365 2.10598 -2.64858 -2.14846 -2.64858 8.0181 4.60913 -2.14846 4.60913 3.8748 
-186 14 4 -559.254 43.0699 13.6775 609.703 -348.821 -244.099 -348.821 416.477 184.396 -244.099 184.396 108.059 
-188 14 2 -566.62 43.6339 7.3211 477.067 -231.951 -23.6476 -231.951 768.212 63.0342 -23.6476 63.0342 6.13162 
-186 12 2 -559.55 36.8499 7.52327 7.76778 6.30683 2.10679 6.30683 9.66053 2.54756 2.10679 2.54756 2.4694 
-186 14 2 -559.464 43.6188 7.46804 548.594 -455.876 -61.154 -455.876 639.304 75.7302 -61.154 75.7302 10.2715 
-191 2 2 -574.937 7.14436 7.40982 2.64892 -0.279758 0.853275 -0.279758 2.38829 0.771387 0.853275 0.771387 2.38459 
-191 2 1 -575.413 7.8831 5.38422 14.642 -2.75812 1.05561 -2.75812 2.47333 1.387 1.05561 1.387 4.98839 
-185 10 1 -555.977 31.5938 4.87302 1.93207 -0.655272 0.370747 -0.655272 1.51522 -0.575349 0.370747 -0.575349 4.31158 
-186 10 0 -559.723 32.3788 -1.62574 3.38352 -9.58573 34.1746 -9.58573 36.9555 -135.187 34.1746 -135.187 805.75 
-190 13 0 -570.931 41.1897 2.1478 84.7506 -70.405 3.47661 -70.405 120.924 3.11279 3.47661 3.11279 3.96469 
-183 15 2 -550.566 46.5213 7.1529 5.36503 -3.59226 -1.59252 -3.59226 4.64746 0.915633 -1.59252 0.915633 3.72191 
-189 14 0 -568.33 44.2734 1.76251 4.6132 2.38009 9.33722 2.38009 7.76868 5.99933 9.33722 5.99933 22.4004 
-186 10 2 -560.323 32.2959 8.35503 7.41174 -1.2355 5.26776 -1.2355 3.36498 -2.2884 5.26776 -2.2884 12.7643 
-192 2 1 -576.829 7.85585 5.41871 43.0309 -3.18256 -223.042 -3.18256 1.93004 22.2509 -223.042 22.2509 1265.39 
-183 13 0 -550.685 40.7658 0.350397 16.2477 3.44665 -6.29891 3.44665 4.40771 -1.44404 -6.29891 -1.44404 2.83377 
-185 13 0 -556.002 39.8206 -0.486009 27.6137 -1.01699 19.0291 -1.01699 5.86838 -0.0792112 19.0291 -0.0792112 13.5879 
-186 11 3 -558.724 34.7947 10.3014 0.791888 -0.471848 -0.202753 -0.471848 3.68822 -1.1894 -0.202753 -1.1894 1.78596 
-186 12 0 -559.15 37.5615 1.2764 39.803 -40.1999 -1.4613 -40.1999 43.4931 1.32398 -1.4613 1.32398 0.746781 
-184 13 0 -552.94 40.7377 -1.18601 4.38768 -0.400427 1.92463 -0.400427 1.37039 0.394036 1.92463 0.394036 2.38624 
-185 11 0 -556.497 34.8737 -0.399592 3.05637 -0.21418 -0.260146 -0.21418 1.83253 -0.493656 -0.260146 -0.493656 0.559349 
-186 11 1 -559.712 34.5227 4.35492 4.76976 -0.933334 -3.14983 -0.933334 1.56151 0.52824 -3.14983 0.52824 4.60126 
-187 8 0 -562.193 26.6253 -1.98722 4.03696 2.02361 -38.1481 2.02361 20.1315 -74.5827 -38.1481 -74.5827 3523.2 
-183 5 0 -550.754 16.7526 -1.03519 3.39213 1.19296 0.521044 1.19296 5.77699 2.12574 0.521044 2.12574 2.02512 
-184 11 0 -553.734 35.0054 -1.01988 1.65108 0.457491 0.339671 0.457491 4.20297 1.25654 0.339671 1.25654 0.821062 
-183 9 0 -551.647 28.6816 -1.7972 47.6652 39.3962 -3.59224 39.3962 43.6829 2.06056 -3.59224 2.06056 5.98565 
-185 10 0 -556.77 31.7427 -1.30028 0.98454 0.081199 -0.302203 0.081199 1.20635 -0.209043 -0.302203 -0.209043 0.704053 
-184 15 0 -553.715 46.5634 -0.698161 24.8577 -2.61977 90.2482 -2.61977 5.93835 -37.3073 90.2482 -37.3073 482.718 
-183 15 1 -550.353 46.7319 4.56911 12.3548 -0.689507 1.11074 -0.689507 3.53127 1.3015 1.11074 1.3015 1.7338 
-186 13 0 -560.146 40.8586 0.644601 3.6613 0.405352 0.882727 0.405352 1.89161 -0.271653 0.882727 -0.271653 0.774754 
-184 16 2 -554.88 49.7095 7.59385 1203.39 -769.428 -195.362 -769.428 549.976 136.368 -195.362 136.368 36.6918 
-186 11 0 -559.427 34.1088 -1.10366 1.3878 -0.732392 0.433968 -0.732392 2.72759 -1.01303 0.433968 -1.01303 1.45451 
-184 5 0 -553.485 16.8394 0.297277 9.56992 -6.92862 0.194857 -6.92862 17.0665 -0.0328807 0.194857 -0.0328807 0.781232 
-191 2 3 -575.43 7.02212 9.53621 9.59531 4.88562 3.37511 4.88562 8.96064 3.76508 3.37511 3.76508 16.6013 
-185 8 0 -556.758 26.5295 -1.57886 32.3825 -48.5983 -70.0658 -48.5983 96.4785 119.976 -70.0658 119.976 164.054 
-184 9 0 -553.127 28.6534 -2.0344 3.51238 -1.61384 49.3154 -1.61384 2.50066 -39.1804 49.3154 -39.1804 1158.64 
-183 7 0 -550.792 23.169 -2.23693 5.67341 0.488137 84.3758 0.488137 2.25894 8.00094 84.3758 8.00094 1973.35 
-185 11 1 -555.98 34.7376 4.21069 8.3263 -1.70944 0.244702 -1.70944 2.48352 0.773818 0.244702 0.773818 2.64301 
-184 6 0 -552.577 19.1443 -2.07685 74.8072 79.9624 479.841 79.9624 96.0428 574.384 479.841 574.384 3872.31 
-186 10 1 -559.639 32.0508 4.22514 1.78662 0.103042 0.751228 0.103042 2.29226 0.0251088 0.751228 0.0251088 2.51253 
-184 8 0 -553.051 26.0811 -2.26051 5.55457 4.64785 32.4711 4.64785 7.16447 23.7604 32.4711 23.7604 1577.09 
-185 14 0 -556.729 43.3565 -0.770047 12.9507 -8.96246 36.8718 -8.96246 8.03185 -39.4032 36.8718 -39.4032 826.198 
-184 7 0 -552.453 22.4281 -2.16555 5.30302 1.02479 25.5758 1.02479 1.13083 1.93507 25.5758 1.93507 871.148 
-187 10 0 -562.631 31.2796 -1.61895 4.22251 -2.97715 48.2936 -2.97715 3.36377 -40.3468 48.2936 -40.3468 733.684 
-183 8 0 -551.102 25.4245 -2.24355 4.13219 0.730865 -21.8432 0.730865 1.46199 -21.7363 -21.8432 -21.7363 938.089 
-188 15 0 -566.119 47.2395 1.68321 106.974 -113.478 498.248 -113.478 126.999 -553.794 498.248 -553.794 2626.53 
-183 11 0 -550.928 34.4664 -1.77973 4.37786 -0.738536 29.1522 -0.738536 5.25021 -57.353 29.1522 -57.353 863.75 
-186 4 0 -560.435 13.9974 -0.233393 11.3023 10.0443 0.310532 10.0443 13.4148 -0.905785 0.310532 -0.905785 3.27224 
-189 16 0 -569.365 49.0478 2.68095 217.293 -139.934 753.801 -139.934 97.7575 -495.355 753.801 -495.355 2657.09 
-188 9 0 -565.837 27.8345 -1.71781 3.4285 -0.410286 24.3828 -0.410286 5.08096 -76.0882 24.3828 -76.0882 2094.97 
-184 10 0 -553.125 31.2259 -1.93122 2.3221 -1.00122 20.7844 -1.00122 2.87308 -33.2564 20.7844 -33.2564 661.118 
-192 2 2 -576.845 7.9656 7.47471 5.92542 -3.7688 -3.03359 -3.7688 6.17651 3.67988 -3.03359 3.67988 4.23641 
-183 10 0 -551.148 32.1652 -1.93978 5.39399 -4.48196 27.0914 -4.48196 9.33514 -79.5302 27.0914 -79.5302 1007.01 
-183 12 0 -551.217 37.4338 -1.59218 11.3139 -2.80432 85.1949 -2.80432 2.14639 -33.7411 85.1949 -33.7411 1014.91 
-188 16 0 -564.98 49.9148 1.9453 71.9862 -8.85109 303.385 -8.85109 497.173 -140.45 303.385 -140.45 1326.91 
-184 12 0 -553.06 37.3768 -1.10552 2.46629 -0.891092 1.31318 -0.891092 2.19206 -1.1495 1.31318 -1.1495 1.73169 
-186 8 0 -559.531 26.8154 -2.01846 2.94857 -28.4806 30.249 -28.4806 1070.52 -31.0062 30.249 -31.0062 778.133 
-185 15 0 -555.926 46.1347 1.43317 5.06927 -0.595133 -4.53127 -0.595133 2.19461 0.926467 -4.53127 0.926467 4.68149 
-188 10 0 -564.75 31.3188 -1.51699 1.94353 1.33761 -12.5514 1.33761 9.04775 -80.3917 -12.5514 -80.3917 783.893 
-188 12 0 -565.785 37.8545 -0.108324 18.1347 -27.9207 157.429 -27.9207 56.3492 -269.219 157.429 -269.219 1559.19 
-183 15 0 -550.225 47.2484 1.13028 69.8525 -50.5516 -3.52316 -50.5516 69.227 2.24835 -3.52316 2.24835 1.01441 
-183 14 0 -551.115 42.8888 -0.804869 97.6542 111.385 27.4408 111.385 137.165 29.771 27.4408 29.771 9.03706 
-186 14 0 -559.178 44.1025 1.01115 8.70205 -5.5668 1.71446 -5.5668 8.04158 -0.699137 1.71446 -0.699137 0.984671 
-185 11 2 -556.079 33.9697 7.36887 166.977 109.729 52.3592 109.729 76.2941 34.8814 52.3592 34.8814 17.9833 
-184 16 0 -553.923 48.5337 -0.415004 21.3604 -27.6383 138.075 -27.6383 48.9168 -152.809 138.075 -152.809 1068.36 
-196 2 3 -590.626 6.91708 9.51752 65.5323 -59.3184 70.8398 -59.3184 69.8534 -88.2816 70.8398 -88.2816 128.058 
-186 0 0 -559.742 2.15694 0.316778 1573.42 104.516 -49.7988 104.516 8.81871 -3.10954 -49.7988 -3.10954 5.20584 
-186 1 0 -559.867 4.52939 0.701206 864.142 53.9333 -27.6094 53.9333 4.90914 -2.18141 -27.6094 -2.18141 7.81921 
-189 12 1 -568.865 38.2035 4.00543 4.45163 2.7804 -4.09627 2.7804 4.11613 -4.41133 -4.09627 -4.41133 17.4484 
-187 11 0 -561.858 34.6478 -1.09242 3.17333 -3.60162 26.7852 -3.60162 17.3668 -99.6346 26.7852 -99.6346 609.807 
-186 16 1 -559.075 49.0903 4.8463 265.284 -144.693 14.0818 -144.693 118.011 -6.10895 14.0818 -6.10895 2.15355 
-186 14 1 -559.509 43.9003 4.5534 357.634 -146.3 -2.81476 -146.3 106.685 0.167579 -2.81476 0.167579 1.00257 
-186 14 3 -559.429 43.5085 10.3028 503.572 -354.213 47.7635 -354.213 471.945 -28.593 47.7635 -28.593 5.4994 
-185 10 2 -555.709 31.5803 7.89917 34.2951 -13.2481 -40.82 -13.2481 9.18323 19.0612 -40.82 19.0612 53.6456 
-186 16 0 -559.037 49.3901 1.89704 107.766 -15.8624 8.66316 -15.8624 49.4086 12.5316 8.66316 12.5316 6.28703 
-186 15 0 -560.1 46.6497 0.619024 71.8685 -27.69 -150.241 -27.69 12.9679 59.9427 -150.241 59.9427 328.059 
-186 2 0 -560.03 6.76149 0.8717 5881.05 351.081 -69.8577 351.081 30.9041 -11.0132 -69.8577 -11.0132 19.0539 
-189 13 0 -569.322 41.3327 1.95657 5.43333 0.52006 -1.69539 0.52006 7.03784 -1.20106 -1.69539 -1.20106 2.48598 
-188 14 0 -566.315 44.0611 1.6129 16.3711 -20.9071 6.73231 -20.9071 32.3875 -7.36927 6.73231 -7.36927 5.19116 
-190 14 0 -571.991 43.1946 2.26511 421.446 -43.4105 168.527 -43.4105 5.34166 -16.9184 168.527 -16.9184 71.8337 
-187 11 1 -561.897 33.9999 3.98318 4.42431 2.29312 2.2266 2.29312 3.80788 3.98256 2.2266 3.98256 17.4813 
-186 12 1 -559.314 37.1681 4.28143 11.0807 -4.7359 -1.0105 -4.7359 7.24529 1.5856 -1.0105 1.5856 1.49966 
-191 1 2 -575.488 5.69776 7.92641 25.0826 -21.935 1.63953 -21.935 36.1911 -1.90373 1.63953 -1.90373 1.58469 
-186 16 2 -559.38 48.8466 7.12644 453.966 -511.263 -31.98 -511.263 650.611 41.9026 -31.98 41.9026 6.25771 
-185 12 0 -555.824 36.4987 -0.140901 2.21208 1.17691 -0.5205 1.17691 3.21058 0.243859 -0.5205 0.243859 0.734945 
-183 13 1 -550.594 39.6892 4.05387 38.5853 13.8084 27.2051 13.8084 10.8367 13.6557 27.2051 13.6557 25.1257 
-188 14 1 -566.693 43.8046 3.95122 2173.23 299.351 -176.688 299.351 1042.23 -21.0512 -176.688 -21.0512 17.8541 
-184 11 1 -554.76 35.796 5.05164 396.667 -131.247 -56.8594 -131.247 169.275 22.4148 -56.8594 22.4148 10.4118 
-187 10 1 -561.835 31.4632 4.80461 3.89741 2.15561 8.89216 2.15561 7.9013 17.853 8.89216 17.853 48.9999 
