-185 19 0 -556.479 58.4083 1.66755 57.3883 -41.8093 171.337 -41.8093 33.1258 -136.02 171.337 -136.02 575.592 
-192 18 2 -576.988 54.7963 7.4169 245.856 206.757 23.8617 206.757 175.131 21.2787 23.8617 21.2787 5.34068 
-183 18 1 -550.661 56.6007 4.41419 213.629 -126.887 -20.095 -126.887 119.313 16.0711 -20.095 16.0711 3.35716 
-186 16 0 -559.717 50.7114 2.08391 15.8567 18.2134 2.9247 18.2134 45.0208 -1.62135 2.9247 -1.62135 3.04619 
-184 17 0 -553.689 51.8453 0.90324 4.20886 1.34006 3.17689 1.34006 2.35271 1.93329 3.17689 1.93329 3.58347 
-185 20 0 -556.269 61.6107 2.23591 18.3789 -13.9614 79.7195 -13.9614 13.6911 -67.6778 79.7195 -67.6778 389.828 
-183 18 0 -551.084 56.0536 1.41226 131.3 -42.9068 4.87644 -42.9068 15.8144 -2.66266 4.87644 -2.66266 1.46222 
-188 19 1 -565.622 58.0651 3.43762 19.2423 -22.9792 67.3849 -22.9792 31.9492 -88.9227 67.3849 -88.9227 255.509 
-187 18 0 -563.083 55.8376 2.47706 53.5592 -45.5598 256.116 -45.5598 42.7361 -229.325 256.116 -229.325 1278.97 
-186 16 1 -559.951 50.8294 4.32079 440.274 -424.239 49.3805 -424.239 904.536 -77.5726 49.3805 -77.5726 8.5237 
-184 16 1 -554.606 50.4743 4.60271 668.04 -375.52 -10.3004 -375.52 486.082 97.3575 -10.3004 97.3575 31.754 
-186 20 0 -559.516 60.6029 2.7169 80.9162 -52.7457 285.414 -52.7457 36.9665 -186.287 285.414 -186.287 1048.85 
-183 18 2 -550.565 56.1807 7.35571 109.619 -50.2272 -15.5857 -50.2272 61.4222 11.6126 -15.5857 11.6126 4.03463 
-183 18 3 -550.435 55.7096 10.3291 388.975 -507.986 -110.358 -507.986 733.561 144.157 -110.358 144.157 32.5311 
