251 619 7.0368 3.93373 -26.4967 -1.29721 0.0629767 -0.0732846 -0.789759 0.605759 
251 625 6.99685 -1.96184 -24.4086 -1.27457 0.0538538 -0.0527157 -0.789378 0.609265 
251 631 5.61757 -6.98711 -23.2076 -1.16025 0.0271903 -0.0267171 -0.861222 0.506798 
257 603 5.50109 15.0641 -25.6905 -0.193549 0.0286119 -0.0571524 -0.725448 0.685303 
257 609 6.77688 12.7832 -24.3061 -0.293245 0.0154831 -0.0728113 -0.921601 0.380933 
257 615 6.58949 7.22294 -21.4288 -0.390849 0.019959 -0.0504774 -0.767897 0.638269 
257 621 6.70212 1.43817 -19.5375 -0.564674 0.0258041 -0.0464081 -0.815651 0.576103 
257 627 4.83709 -4.50338 -17.505 -0.337372 0.0383375 -0.0419773 -0.751017 0.657831 
257 633 5.21045 -8.58094 -15.6323 -0.542424 0.0601271 -0.0701939 -0.863519 0.495775 
263 593 5.6716 22.6918 -18.1929 0.0991117 0.0304062 -0.0543392 -0.707029 0.704437 
263 605 6.29482 16.872 -17.7856 0.307578 0.017806 -0.0680921 -0.756818 0.649825 
263 611 6.76918 13.4433 -15.3074 0.301199 -0.00741062 -0.0214148 -0.86097 0.50815 
263 617 7.22615 7.51111 -13.7997 0.155633 0.0188364 -0.0553806 -0.781181 0.621558 
263 623 6.21577 1.71564 -12.1781 0.0802877 0.00920816 -0.0302902 -0.807423 0.589124 
263 635 5.73869 -7.58599 -9.46142 -0.127273 0.0692513 -0.0820754 -0.757924 0.643443 
269 579 7.85722 11.6268 -27.4121 1.67306 0.0527557 0.0725396 -0.948798 -0.302882 
269 591 5.95947 11.6915 -22.9558 1.07494 0.0251342 -0.0795939 -0.92695 0.365782 
269 603 5.63062 6.26191 -18.5729 1.155 0.0283087 -0.086131 -0.874798 0.475929 
269 609 7.28896 4.95104 -16.2259 0.869564 0.0153313 -0.0894291 -0.986991 0.132723 
269 615 6.87285 1.54711 -10.9958 0.493953 0.0204243 -0.0731658 -0.904016 0.420696 
269 621 6.78186 -2.52133 -6.53355 0.0521078 0.0290683 -0.0709707 -0.934198 0.348414 
269 627 4.91867 -6.71615 -1.81798 -0.0337698 0.0402223 -0.0730999 -0.892029 0.444209 
269 633 5.18256 -9.3277 1.80071 -0.452413 0.0574296 -0.103866 -0.958728 0.258368 
275 571 7.51319 -9.77295 -27.5594 -0.186628 0.0216613 -0.0158367 -0.939937 -0.340293 
275 577 7.26989 -4.93108 -24.2677 -0.244656 0.0209127 0.0286747 -0.816623 -0.576079 
275 583 6.19128 -1.54747 -22.8761 -0.285544 0.031197 0.02231 -0.931372 -0.362042 
275 589 6.23349 -0.573195 -20.649 -0.401348 0.0165236 -0.044126 -0.996493 -0.0691535 
275 595 6.06494 -1.83462 -16.6718 -0.257595 0.0111826 -0.0248376 -0.98441 0.173768 
275 601 6.72258 -2.39227 -14.2725 -0.138915 0.000885101 0.014776 -0.973008 0.230294 
275 607 7.32068 -3.27227 -12.0138 -0.0572295 -0.0150601 -0.143654 -0.989144 -0.0270512 
275 619 7.47993 -3.82143 -0.363274 0.0413683 0.0175747 -0.0834465 -0.991054 0.102664 
275 625 7.0949 -4.63701 5.90732 0.262187 0.0229192 -0.0608146 -0.992261 0.105805 
275 631 5.55177 -5.83067 10.9046 0.480377 0.013135 -0.0247862 -0.999423 -0.0191716 
281 566 7.09116 -15.9498 -24.0535 0.852111 0.00784847 -0.0310187 -0.914013 -0.404422 
281 572 8.03091 -11.3873 -19.5566 0.686023 -0.00721816 -0.0107722 -0.92431 -0.381422 
281 578 6.88271 -5.89522 -17.0776 0.363265 -0.00933063 -0.00463767 -0.804778 -0.593485 
281 584 7.52316 -3.28993 -16.0201 0.0522886 -0.00235702 0.0250668 -0.947636 -0.318359 
281 590 6.81431 -2.35361 -13.7058 -0.204255 -0.019461 -0.0888522 -0.995559 -0.0242534 
281 596 6.80278 -3.3262 -9.99593 -0.0240356 -0.026353 -0.0348164 -0.997822 0.0494442 
281 602 7.61482 -3.75419 -7.43126 0.254097 -0.00446892 -0.0522244 -0.970232 0.236436 
281 608 6.96543 -4.23425 -4.86114 0.342577 -0.05184 -0.101894 -0.981527 -0.15341 
281 614 5.03385 -3.22278 1.38923 0.536405 -0.011474 -0.0663443 -0.987639 0.141549 
281 620 7.26644 -4.06909 7.29938 0.52002 -0.00449404 -0.0596677 -0.996623 0.0562276 
281 626 6.92231 -4.53207 13.672 0.788342 -0.000743142 -0.0400339 -0.989471 0.139086 
287 561 7.45535 -15.5045 -24.2303 0.879827 0.043222 -0.0173092 -0.950191 -0.30817 
287 567 7.00881 -11.3795 -19.0671 0.738124 0.0509629 -0.0261984 -0.948131 -0.312674 
287 573 8.044 -7.63808 -13.9747 0.667341 0.0362459 -0.00853827 -0.939783 -0.339736 
287 579 7.70292 -2.42412 -10.9451 0.779355 0.070521 0.0763744 -0.853358 -0.510856 
287 591 5.55007 -0.39363 -7.00796 0.321303 0.0210474 -0.0726877 -0.986541 0.144952 
287 603 5.79189 -3.33843 -0.621409 0.391134 0.0219138 -0.0772175 -0.960837 0.265233 
287 609 7.33192 -3.47471 2.0349 0.23282 0.00442668 -0.075551 -0.99253 -0.0956864 
287 615 6.8965 -4.23942 8.26516 0.0226133 0.0175739 -0.0645518 -0.976639 0.204205 
287 621 6.8327 -5.94596 14.0738 -0.210699 0.0224164 -0.0610088 -0.98979 0.126848 
287 627 4.93693 -7.59629 20.1908 -0.193124 0.0321965 -0.0668088 -0.970584 0.229056 
287 633 4.83892 -8.32619 24.5994 -0.529141 0.0448215 -0.0932288 -0.994121 0.0319702 
293 555 7.46276 -16.9274 -24.0749 0.479311 0.0285046 -0.0281575 -0.940162 -0.338363 
293 561 8.19921 -13.6836 -19.1962 0.51713 0.0387596 -0.00851405 -0.963566 -0.26451 
293 567 7.52255 -10.012 -13.5801 0.346739 0.0456944 -0.0143201 -0.962157 -0.268256 
293 573 8.37 -6.77975 -8.1657 0.401534 0.0299852 0.000609467 -0.955003 -0.295075 
293 579 8.15891 -1.91887 -4.67658 0.364416 0.0549506 0.0876654 -0.875856 -0.47135 
293 585 4.53125 -0.0258372 -2.81919 0.247194 0.0230257 0.00881162 -0.995042 -0.0963559 
293 591 5.99196 -0.281215 -0.529473 -0.0180593 0.018705 -0.0554814 -0.979739 0.191529 
293 603 5.76667 -3.81238 5.50609 0.405796 0.0228068 -0.0625876 -0.948743 0.308949 
293 609 7.34266 -4.16974 8.16984 0.249844 0.00147043 -0.0629149 -0.996855 -0.0481618 
293 615 6.9211 -5.5108 14.282 0.224605 0.0163918 -0.0480549 -0.967034 0.249533 
293 621 6.8039 -7.70708 19.9018 0.0743795 0.0249302 -0.0480415 -0.983462 0.17284 
293 627 4.73013 -9.97753 25.8025 0.298732 0.0354569 -0.0528258 -0.959446 0.274619 
299 551 8.02209 1.41894 -29.2975 3.86307 0.0258323 -0.070855 -0.995459 -0.0580886 
299 557 6.80794 1.18953 -23.4108 3.15853 0.0186175 -0.00401382 -0.994244 0.10543 
299 563 8.35209 -0.0418002 -17.2368 2.43322 0.0301452 -0.0600662 -0.993001 0.097124 
299 569 7.00228 -1.0556 -10.8897 1.66298 0.0322755 -0.0664462 -0.993379 0.08798 
299 575 6.89772 -1.72582 -4.80583 0.882175 0.026573 -0.0524048 -0.99515 -0.078895 
299 581 7.15915 -0.298466 0.230496 0.334931 0.037347 0.0273404 -0.996217 -0.0735473 
299 587 5.75732 -0.834103 2.09817 -0.149239 -0.0222585 -0.0390778 -0.960793 0.273594 
299 593 6.01855 -3.96633 3.78937 -0.500725 0.00497403 -0.0898942 -0.779432 0.619984 
299 599 6.92779 -6.25525 4.64062 -0.45506 0.05343 -0.183865 -0.814094 0.548261 
299 605 6.43748 -9.55534 5.49288 -0.505564 -0.00937992 -0.102026 -0.822823 0.558986 
299 611 6.90124 -12.3675 8.6936 -0.726797 -0.022081 -0.0564379 -0.911599 0.40659 
299 617 7.36583 -17.7967 11.4725 -1.11004 -0.00340527 -0.0906698 -0.843837 0.528873 
299 623 6.13792 -23.1086 14.3343 -1.43966 -0.0105171 -0.0651779 -0.867022 0.493877 
305 548 7.82793 6.32424 -28.1188 3.61714 0.0344598 -0.0546546 -0.987935 -0.140748 
305 554 6.94978 6.40365 -21.8873 2.98333 0.021275 -0.0386211 -0.991968 0.118557 
305 560 8.58122 4.62712 -16.3159 2.21285 0.0269884 -0.0734262 -0.986803 0.141773 
305 566 7.73394 2.65376 -10.085 1.40222 0.0398001 -0.063225 -0.983581 0.164276 
305 572 8.14284 0.35564 -4.0509 0.652451 0.0151594 -0.0545423 -0.980676 0.187268 
305 578 6.9821 0.300913 1.92379 -0.149412 0.0204319 -0.0463996 -0.997177 -0.0553783 
305 584 7.64171 0.371187 4.7063 -0.649605 -0.00421886 -0.0219556 -0.967168 0.253153 
305 590 6.80247 -1.31787 6.43881 -1.10193 0.0314998 -0.127453 -0.841527 0.52402 
305 596 6.81347 -5.1302 7.0487 -1.14196 -0.00627344 -0.0868591 -0.805089 0.586726 
305 602 7.64672 -7.67421 7.71236 -1.00422 0.0132042 -0.0863655 -0.678975 0.728944 
305 608 6.96125 -10.224 8.28112 -1.0802 0.0175855 -0.156989 -0.899532 0.407293 
305 614 4.99928 -15.52 11.6949 -1.37466 0.0197336 -0.106788 -0.744442 0.658797 
305 620 7.18987 -21.2869 13.261 -1.79911 0.0248077 -0.0970134 -0.798855 0.59313 
311 541 7.01191 -8.53199 -28.2466 2.07549 0.018224 -0.0403439 -0.946663 -0.319171 
311 547 8.42963 -4.86724 -23.0369 1.82839 0.008043 -0.0424163 -0.942924 -0.330197 
311 553 8.01269 -1.88421 -17.5909 1.44629 0.00890245 -0.0350089 -0.996346 -0.0773989 
311 559 8.69559 -1.09715 -11.7326 0.862333 -0.00800946 -0.0844976 -0.995743 -0.0359316 
311 565 7.8683 -0.421971 -5.26553 0.422403 0.0161438 -0.049521 -0.997159 -0.0544213 
311 571 7.84857 0.162922 1.24088 0.12015 0.00605576 -0.0487046 -0.998664 -0.0161836 
311 577 7.60387 1.95409 6.81061 -0.483158 0.00174446 -0.00759768 -0.959902 -0.280228 
311 583 6.45002 3.74033 9.95956 -0.859144 0.00363414 -0.00833769 -0.999183 -0.039367 
311 589 6.39501 3.14214 12.2944 -1.13319 -0.000563663 -0.0677604 -0.963342 0.259577 
311 595 6.07535 -0.291828 14.6988 -1.04947 -0.0183755 -0.0417832 -0.873546 0.484596 
311 601 6.84189 -2.1959 16.256 -0.9381 -0.0411884 -0.00671282 -0.84514 0.532914 
311 607 7.29567 -4.27692 17.5262 -0.875962 0.00173109 -0.168163 -0.939187 0.299408 
311 619 7.30355 -11.874 26.3343 -1.25807 0.00450315 -0.101718 -0.900957 0.421794 
317 536 8.1776 -7.75017 -28.0138 3.03786 0.0101664 -0.0475737 -0.964967 -0.257822 
317 542 7.00971 -4.57772 -22.6248 2.27995 0.0212611 -0.0645751 -0.968804 -0.238323 
317 548 7.86786 -1.5786 -16.7733 1.79932 0.0127789 -0.0534008 -0.958987 -0.278081 
317 554 7.03173 0.224987 -10.7999 1.23521 0.00402773 -0.0331354 -0.999198 -0.0221272 
317 560 8.54308 0.0533129 -4.94773 0.575595 0.00450329 -0.067087 -0.997735 0.00195191 
317 566 7.69343 -0.098469 1.6044 -0.112179 0.0201967 -0.0585862 -0.99778 0.0243808 
317 572 8.02835 -0.656144 8.01947 -0.710996 -0.00366796 -0.0455825 -0.997789 0.0482329 
317 578 6.94666 0.944697 13.8274 -1.45552 0.000999514 -0.0418913 -0.979895 -0.195065 
317 584 7.56321 1.78267 16.475 -1.93461 -0.017126 -0.0113959 -0.9932 0.114586 
317 590 6.72509 0.616854 18.6325 -2.32684 0.00630496 -0.117767 -0.908177 0.401629 
317 596 6.68832 -2.86184 20.2796 -2.24016 -0.0241231 -0.0712164 -0.88021 0.468591 
317 602 7.53882 -5.12498 21.6056 -2.0152 -0.00285804 -0.072863 -0.775798 0.626754 
317 608 6.85984 -7.4104 22.8844 -2.06929 -0.013486 -0.145326 -0.949333 0.278326 
317 614 4.82459 -11.5423 27.6313 -2.1081 0.000339272 -0.0967413 -0.830582 0.548429 
323 530 8.45389 -13.955 -26.1246 2.18147 0.0138324 -0.0685691 -0.947259 -0.312741 
323 536 8.61884 -9.82714 -20.9687 1.96647 0.00768985 -0.0438239 -0.953286 -0.298773 
323 542 7.4764 -6.26474 -15.8108 1.36839 0.013657 -0.057078 -0.95827 -0.279774 
323 548 8.15937 -2.75521 -10.2821 0.975051 0.00788059 -0.0445838 -0.946721 -0.318855 
323 554 7.13875 -0.50437 -4.52013 0.486034 0.00265569 -0.0221012 -0.997669 -0.0644999 
323 560 8.58822 -0.104369 1.40434 0.000167887 0.00285328 -0.0585391 -0.997465 -0.0403563 
323 566 7.63629 0.272371 7.97337 -0.574183 0.0169141 -0.0495751 -0.998471 -0.0176457 
323 572 7.92091 0.303552 14.426 -1.03817 -0.0039136 -0.0352104 -0.999361 0.00480726 
323 578 6.62039 2.38394 20.0647 -1.66314 -0.00356831 -0.0319642 -0.97088 -0.237399 
323 584 7.16314 3.50905 22.7034 -1.82437 -0.0110204 0.00381973 -0.997341 0.0719387 
323 590 6.15193 2.49612 24.9048 -2.34838 0.00822906 -0.10984 -0.925643 0.362013 
323 596 6.23721 -0.820778 26.8617 -2.17638 -0.0183047 -0.0609178 -0.900187 0.430834 
323 602 7.18149 -2.93104 28.3508 -1.8904 0.00576502 -0.0664495 -0.802597 0.592781 
329 525 8.15952 -6.53392 -28.2619 1.50026 0.0254964 -0.0521634 -0.991926 -0.11275 
329 531 7.93743 -4.77327 -21.8438 1.23238 0.0217036 -0.0535379 -0.984852 -0.163489 
329 537 8.4117 -2.77867 -15.6297 1.15576 0.0180077 -0.0363166 -0.994611 -0.0954282 
329 543 7.45967 -1.28279 -9.50922 0.709894 0.0268208 -0.0477916 -0.993159 -0.103114 
329 549 7.87911 0.198224 -3.08873 0.332235 0.0168795 -0.0637148 -0.992135 -0.106409 
329 555 7.89262 -0.304054 3.11798 0.0110232 0.022269 -0.050621 -0.993745 0.0970141 
329 561 8.46313 -2.0119 8.69805 -0.36336 0.0195698 -0.0284744 -0.984194 0.173692 
329 567 7.28603 -3.99178 15.1338 -0.977173 0.0311776 -0.0299545 -0.984844 0.167964 
329 573 8.24158 -6.14036 21.0076 -1.30999 0.0103682 -0.0228303 -0.989607 0.141598 
329 579 7.70638 -5.76113 26.9715 -1.85307 0.0023381 0.0644623 -0.996541 -0.0523953 
335 519 7.23568 3.02636 -28.8828 2.97006 -0.0101932 -0.0607216 -0.997191 0.0426582 
335 525 8.30472 2.27072 -22.6372 2.43513 0.00240133 -0.0769374 -0.99498 0.0639491 
335 531 8.5142 1.69268 -16.0285 1.75988 0.000695225 -0.0808162 -0.996653 0.0122547 
335 537 8.89035 1.43934 -9.61071 1.2473 -0.00653528 -0.065826 -0.994566 0.0803907 
335 543 7.7931 0.670747 -3.37502 0.553916 0.000625292 -0.0722993 -0.994685 0.0733072 
335 549 7.95881 -0.194305 3.12028 -0.183414 -0.00669686 -0.0910388 -0.993422 0.0691426 
335 555 7.98621 -2.74279 8.71783 -0.74447 -0.00718965 -0.0681062 -0.960499 0.269726 
335 561 8.38771 -6.31707 13.4133 -1.16672 -0.0153333 -0.0432799 -0.938068 0.343394 
335 567 6.98531 -10.3888 18.6809 -1.79607 -0.0022538 -0.0431549 -0.940034 0.338333 
335 573 7.99714 -14.4716 23.5099 -2.2052 -0.0263792 -0.0390816 -0.949101 0.311422 
341 513 7.73426 0.913961 -29.2375 2.30965 0.0109335 -0.0544065 -0.997403 -0.0459171 
341 519 7.57391 1.21562 -22.9282 1.94735 0.00612443 -0.0511111 -0.998562 0.0149476 
341 525 8.33296 0.802657 -16.5299 1.55748 0.0197871 -0.0661676 -0.996999 0.0349807 
341 531 7.98509 0.613898 -9.91505 1.04541 0.0163273 -0.0698107 -0.997298 -0.0160054 
341 537 8.5149 0.707726 -3.39956 0.687858 0.00793102 -0.0532 -0.997172 0.052482 
341 543 7.53615 0.351519 2.88063 0.0155752 0.0191275 -0.0624676 -0.996848 0.0450193 
341 549 7.90461 -0.112489 9.43459 -0.602947 0.0112652 -0.0797035 -0.995885 0.041628 
341 555 7.86915 -2.4014 15.2135 -1.08795 0.0114708 -0.0618404 -0.968014 0.242883 
341 561 8.4175 -5.66397 20.0353 -1.55879 0.00438698 -0.0393833 -0.947642 0.316866 
341 567 7.07906 -9.45813 25.5872 -2.29509 0.0148341 -0.0418001 -0.949445 0.310784 
347 507 7.51583 2.29519 -29.2893 1.46282 0.0229147 -0.02419 -0.998856 0.0343094 
347 513 7.66261 1.98842 -22.8701 1.09578 0.0190259 -0.0379729 -0.998864 -0.0215844 
347 519 7.381 1.9601 -16.4007 0.928783 0.0144689 -0.0356812 -0.998503 0.0388587 
347 525 8.42347 1.24919 -10.0891 0.656728 0.0279743 -0.0506843 -0.996589 0.0588105 
347 531 8.52347 0.736127 -3.47826 0.329415 0.0241071 -0.0546604 -0.998185 0.00757883 
347 537 8.94795 0.524387 2.96628 0.141373 0.0173394 -0.0400217 -0.996129 0.0763161 
347 543 7.67281 -0.171126 9.23963 -0.244922 0.0258527 -0.0466855 -0.996214 0.0686327 
347 549 7.78142 -0.962704 15.7672 -0.664522 0.0176193 -0.0653139 -0.995613 0.0646454 
347 555 7.85153 -3.47298 21.4273 -1.01915 0.0223712 -0.0469725 -0.962712 0.265477 
347 561 8.13416 -6.97794 26.1334 -1.33548 0.0165067 -0.0258089 -0.940049 0.339662 
353 501 6.5492 -1.75982 -29.4312 1.25716 0.0214303 -0.0306787 -0.999226 -0.0121298 
353 507 8.02494 -1.13861 -22.9777 1.11302 0.0225594 -0.0272269 -0.998995 -0.0275576 
353 513 7.94436 -0.659755 -16.524 0.802333 0.0178151 -0.037504 -0.995629 -0.0836612 
353 519 7.64776 0.113285 -10.2271 0.664479 0.0139356 -0.0345502 -0.999043 -0.02292 
353 525 8.41292 0.173395 -3.78359 0.473481 0.0272391 -0.0485863 -0.99844 -0.00388418 
353 531 7.915 0.494094 2.85123 0.212081 0.0219372 -0.050995 -0.996985 -0.0542078 
353 537 8.52728 1.08364 9.34253 0.085774 0.016064 -0.0361725 -0.999111 0.0145457 
353 543 7.19314 1.20541 15.6517 -0.319416 0.0262409 -0.0420097 -0.998752 0.00638054 
353 549 7.20981 1.25239 22.2321 -0.655323 0.0170261 -0.059146 -0.9981 0.00287229 
353 555 7.11883 -0.60316 28.2241 -0.890343 0.0218101 -0.0418375 -0.977529 0.205453 
359 495 7.87627 -0.895265 -29.4447 1.36491 0.0110125 -0.0350977 -0.998212 0.047109 
359 501 6.76499 -0.856526 -22.9827 1.12903 0.018295 -0.033595 -0.999262 -0.00354848 
359 507 7.84219 -0.334623 -16.4576 1.00215 0.0206429 -0.0289532 -0.999184 -0.0191458 
359 513 7.80204 0.0407906 -10.0284 0.61181 0.0156092 -0.0396439 -0.996273 -0.0750024 
359 519 7.47741 0.710052 -3.5835 0.45086 0.0118859 -0.0372288 -0.99913 -0.014579 
359 525 8.44576 0.660428 2.76501 0.147252 0.0238325 -0.0515383 -0.998375 0.00488755 
359 531 8.43955 0.865853 9.40856 -0.180896 0.0193522 -0.0553668 -0.997228 -0.0457846 
359 537 8.93302 1.34857 15.8505 -0.364599 0.0140414 -0.0412827 -0.998785 0.022951 
359 543 7.19995 1.31872 22.1592 -0.658438 0.0208461 -0.042856 -0.998756 0.0146452 
359 549 6.94939 1.27765 28.7382 -0.963502 0.0137639 -0.0587232 -0.998122 0.0107024 
365 489 8.33498 -1.06547 -29.4992 1.23152 0.0132851 -0.0369493 -0.99921 -0.00607578 
365 495 8.17683 -0.758467 -23.1322 0.940516 0.00533886 -0.0332225 -0.998373 0.0460368 
365 501 6.90485 -0.700312 -16.6063 0.7635 0.0139193 -0.0286831 -0.999479 -0.00495455 
365 507 8.12613 -0.17484 -10.1285 0.623598 0.0144724 -0.0248733 -0.999375 -0.0205413 
365 513 7.97657 0.209568 -3.64733 0.338579 0.0096927 -0.0347623 -0.996416 -0.0764994 
365 519 7.64401 0.893447 2.66011 0.233912 0.00591823 -0.0314603 -0.999364 -0.0156912 
365 525 8.42678 0.863081 9.12004 0.0746227 0.0199627 -0.0434128 -0.998852 0.00330409 
365 531 7.85142 1.08883 15.7535 -0.111926 0.0145253 -0.0465445 -0.997706 -0.0469544 
365 537 8.4838 1.58546 22.2441 -0.208989 0.00889357 -0.0322494 -0.999203 0.0217665 
365 543 6.66623 1.60062 28.5554 -0.433652 0.0161843 -0.0368517 -0.999103 0.0131435 
371 483 7.57861 -1.00896 -29.4417 1.7859 0.0216974 -0.0435598 -0.998815 0.000287038 
371 489 8.81885 -0.689226 -23.2567 1.34593 0.0162252 -0.0500554 -0.998591 -0.00680796 
371 495 8.13744 -0.398807 -16.7343 1.01079 0.00731683 -0.0396126 -0.998142 0.045711 
371 501 6.91006 -0.349055 -10.2797 0.726987 0.0145573 -0.0358943 -0.999237 -0.0049724 
371 507 7.90652 0.188898 -3.76081 0.537895 0.0163775 -0.0318158 -0.999147 -0.0205888 
371 513 7.72506 0.580178 2.69202 0.138903 0.0109856 -0.0420067 -0.996142 -0.0762655 
371 519 7.32706 1.27831 9.1416 -0.0298798 0.0087605 -0.0391224 -0.99907 -0.0158974 
371 525 8.26358 1.24287 15.4811 -0.377749 0.0205052 -0.051219 -0.99847 0.00362232 
371 531 7.89142 1.46764 22.0849 -0.694476 0.016671 -0.056204 -0.997168 -0.0471142 
371 537 8.6132 1.98032 28.5486 -0.860912 0.0128275 -0.0421143 -0.998798 0.0215532 
377 477 8.41877 0.366134 -29.8444 0.901344 0.0154389 -0.0363436 -0.999209 -0.00472718 
377 483 7.48392 0.171555 -23.3201 0.780612 0.0188994 -0.0245427 -0.999305 0.0207243 
377 489 8.47739 0.20032 -17.009 0.602903 0.00997254 -0.0281623 -0.999448 0.0145564 
377 495 8.16166 0.237685 -10.5713 0.411694 0.00174416 -0.0250671 -0.997467 0.0665464 
377 501 6.90179 0.029519 -4.06456 0.342923 0.010064 -0.0205054 -0.999617 0.0156115 
377 507 8.15095 0.287522 2.44502 0.303727 0.0104226 -0.0163858 -0.999811 -5.5866e-07 
377 513 7.90427 0.4073 8.9359 0.139503 0.00567685 -0.0264005 -0.998078 -0.0557764 
377 519 7.51534 0.830169 15.2655 0.139282 0.00275357 -0.0229602 -0.99972 0.00502855 
377 525 8.13238 0.522878 21.6877 0.0929276 0.0162829 -0.0347081 -0.99898 0.0238598 
377 531 7.4815 0.493631 28.3044 0.0428181 0.0130302 -0.0388005 -0.998815 -0.0263201 
383 483 7.81297 -0.328864 -16.9679 0.773405 0.0189341 -0.031893 -0.999257 0.0104619 
383 489 8.9949 -0.135541 -10.7576 0.479065 0.0135238 -0.0378177 -0.999187 0.00353758 
383 495 8.14839 0.0150261 -4.20599 0.284643 0.00443887 -0.0278537 -0.998029 0.0560582 
383 501 6.92434 -0.0713428 2.24003 0.143716 0.0110874 -0.0243149 -0.999629 0.00528567 
383 507 7.92971 0.329992 8.7841 0.0928297 0.0123607 -0.020726 -0.999655 -0.0103608 
383 513 7.60066 0.587521 15.2359 -0.140273 0.00628089 -0.030455 -0.997354 -0.065708 
383 519 7.11722 1.15452 21.6751 -0.125404 0.00601064 -0.0265777 -0.999614 -0.00548047 
383 525 7.83183 0.981124 28.0304 -0.309214 0.0172947 -0.0395336 -0.998971 0.0139269 
389 489 8.50526 0.105853 -4.17983 0.379456 0.0143727 -0.0343797 -0.999135 0.018471 
389 495 8.14794 0.0923817 2.28113 0.103106 0.0058231 -0.0307627 -0.997029 0.0703707 
389 501 6.87727 -0.160533 8.77568 -0.0276498 0.0151433 -0.0258125 -0.999361 0.0195314 
389 507 8.15282 0.0427709 15.2905 -0.168217 0.0149938 -0.0227401 -0.999621 0.00395153 
389 513 7.61426 0.108859 21.753 -0.355708 0.00937073 -0.0303074 -0.998165 -0.0515821 
389 519 6.9135 0.491813 28.051 -0.323768 0.00861293 -0.0261886 -0.99958 0.00894289 
395 495 8.14625 0.285261 8.94485 0.119645 0.00131068 -0.0106404 -0.99822 0.058665 
395 501 6.90634 0.166023 15.3797 0.206874 0.00724041 -0.00685673 -0.99992 0.00779057 
395 507 7.91927 0.532491 21.9482 0.356134 0.0078041 -0.00422985 -0.99993 -0.00783815 
395 513 7.35588 0.758919 28.3608 0.365169 0.00128916 -0.0135323 -0.997936 -0.0627563 
401 501 6.77688 -0.814445 21.8568 -0.9685 0.00768162 -0.0360025 -0.998895 0.0292209 
401 507 8.03843 -0.740983 28.3617 -1.26554 0.00693399 -0.0335074 -0.99932 0.0137177 
