-9 -5 4 -38.0115 -22.1638 16.7233 14.1134 41.8475 -25.1727 41.8475 137.838 -86.6042 -25.1727 -86.6042 58.074 
-12 -6 3 -49.007 -25.2139 14.2916 27.2298 1.45454 24.9692 1.45454 2.65481 2.38186 24.9692 2.38186 26.347 
-9 -5 3 -38.1744 -23.1979 15.2315 1.58693 2.68519 -0.00839806 2.68519 9.66646 -1.30004 -0.00839806 -1.30004 1.94581 
-11 -8 3 -45.0546 -33.0309 13.5345 3.5484 0.055218 -2.30452 0.055218 1.33515 0.0412994 -2.30452 0.0412994 2.89463 
-7 -4 3 -31.2903 -18.3828 12.7641 10.6774 -7.86257 5.86861 -7.86257 13.3404 -3.75026 5.86861 -3.75026 5.08079 
-8 -5 3 -34.2214 -22.3925 13.187 1.45137 -1.01621 0.569771 -1.01621 1.786 -0.487003 0.569771 -0.487003 1.94713 
-11 -5 3 -45.3246 -22.43 13.5525 2.11765 2.1735 -1.19728 2.1735 4.09973 -1.88923 -1.19728 -1.88923 2.06605 
-11 -6 3 -46.4053 -25.6813 13.2624 0.79133 -0.0874841 -0.696542 -0.0874841 0.662099 0.256341 -0.696542 0.256341 2.28378 
-10 -6 3 -42.1913 -25.3452 13.1821 4.15378 -5.15196 -1.98389 -5.15196 8.37663 2.66354 -1.98389 2.66354 1.49151 
-9 -6 3 -37.4941 -25.5546 13.3605 1.27112 0.495957 0.706251 0.495957 1.11179 0.0512976 0.706251 0.0512976 1.72911 
-8 -6 3 -34.2469 -25.9211 13.0989 1.10021 -0.882769 0.0178325 -0.882769 1.69397 -0.132051 0.0178325 -0.132051 1.14147 
-8 -7 3 -33.7874 -29.2841 13.5045 13.2686 6.90166 -16.6865 6.90166 4.22358 -8.90592 -16.6865 -8.90592 22.8749 
-10 -7 3 -42.4882 -29.1065 13.8374 3.03702 1.05948 -0.72112 1.05948 3.62991 0.808626 -0.72112 0.808626 1.50284 
-6 -7 3 -27.2352 -29.6642 12.9093 6.25746 -1.70471 1.42719 -1.70471 2.547 1.56607 1.42719 1.56607 6.14325 
-7 -7 3 -29.1965 -29.71 12.6496 1.83696 0.533484 -0.162078 0.533484 1.38439 -0.211439 -0.162078 -0.211439 2.20392 
-9 -7 3 -37.2911 -29.4225 12.779 2.09833 -2.17823 0.910896 -2.17823 3.47968 -1.41748 0.910896 -1.41748 1.33178 
-11 -7 3 -45.3347 -30.5653 13.3577 0.721897 -0.142879 -0.0624204 -0.142879 1.34351 -0.843028 -0.0624204 -0.843028 1.36397 
-7 -8 3 -31.0439 -34.1657 12.4493 1.04274 -0.104743 0.0233467 -0.104743 0.620679 -0.355387 0.0233467 -0.355387 2.44311 
-9 -9 3 -38.3567 -37.5181 13.4469 7.97879 -0.468292 -0.226789 -0.468292 0.571518 0.0586819 -0.226789 0.0586819 1.54249 
-10 -9 3 -41.2013 -38.0134 12.5625 4.07051 -0.354465 2.83245 -0.354465 3.78864 5.02588 2.83245 5.02588 11.7332 
-8 -9 3 -32.7384 -37.614 12.7443 5.27339 0.667 3.17133 0.667 0.827568 -0.123259 3.17133 -0.123259 11.7414 
-12 -7 2 -48.814 -28.7427 11.5259 49.1361 38.6957 103.212 38.6957 85.2057 124.298 103.212 124.298 265.183 
-6 -8 2 -27.7668 -33.4825 11.491 33.476 -2.96164 16.8267 -2.96164 3.36269 -22.3929 16.8267 -22.3929 189.698 
-11 -4 2 -44.1496 -17.8239 11.2208 74.7562 -10.6238 7.33206 -10.6238 5.69707 -3.779 7.33206 -3.779 6.49316 
-10 -4 2 -43.3055 -18.7962 11.0828 47.5108 23.2224 2.71261 23.2224 15.3684 -3.98653 2.71261 -3.98653 18.692 
-11 -7 2 -44.8826 -30.579 11.2377 1.61696 2.14719 2.34415 2.14719 5.06879 5.6183 2.34415 5.6183 10.6083 
-12 -6 2 -49.0018 -26.1122 11.2863 27.0459 -74.0211 105.966 -74.0211 219.033 -310.491 105.966 -310.491 442.603 
6 -2 2 26.5184 -9.4533 9.63404 5.08048 1.40851 -2.28323 1.40851 1.02473 -0.494813 -2.28323 -0.494813 2.1782 
4 0 2 16.825 -0.86814 9.07545 1.3979 0.167518 0.250919 0.167518 0.34109 -0.188973 0.250919 -0.188973 1.84989 
4 -1 2 18.4545 -7.34822 9.04411 1.54817 0.850685 -0.385831 0.850685 7.27036 0.399629 -0.385831 0.399629 1.58754 
5 -2 2 21.7478 -9.49742 9.72369 1.07076 0.211313 -0.34898 0.211313 1.76362 0.253373 -0.34898 0.253373 1.09639 
-2 -2 2 -11.2784 -10.0046 9.00489 14.307 -13.025 -3.06949 -13.025 22.3563 4.10597 -3.06949 4.10597 4.46988 
-9 -4 2 -36.76 -19.5554 10.0219 16.4206 -14.5558 -0.5104 -14.5558 62.3681 -14.3193 -0.5104 -14.3193 5.47347 
-8 -5 2 -34.5334 -22.1099 9.78729 1.17348 0.478097 -0.414153 0.478097 0.954319 -0.0553257 -0.414153 -0.0553257 1.71421 
4 -3 2 18.0452 -13.2666 9.4816 1.41787 0.579124 -0.879986 0.579124 0.877957 -0.404936 -0.879986 -0.404936 1.74366 
-9 -5 2 -36.5035 -21.293 8.91658 11.7035 -0.13077 -2.12927 -0.13077 0.684672 0.0282088 -2.12927 0.0282088 3.01104 
-11 -5 2 -46.074 -22.7551 11.1107 0.970138 0.806788 0.30042 0.806788 2.40078 -0.150596 0.30042 -0.150596 2.48327 
-7 -5 2 -30.8588 -22.6971 11.0979 3.05559 0.983919 0.636354 0.983919 0.985924 0.073775 0.636354 0.073775 1.12961 
4 -6 2 18.1209 -25.9979 10.6111 1.74961 0.304686 1.25779 0.304686 1.08974 0.568097 1.25779 0.568097 1.90711 
1 -6 2 6.03456 -25.6801 9.29733 4.14566 -1.89772 0.410346 -1.89772 2.30052 0.232428 0.410346 0.232428 1.41148 
-11 -6 2 -45.7343 -25.9665 9.88254 10.0958 -3.59159 10.3362 -3.59159 2.04231 -3.91682 10.3362 -3.91682 11.6582 
0 -6 2 -0.138421 -27.6081 8.60634 1.04355 -1.33817 -1.14205 -1.33817 15.3009 2.18891 -1.14205 2.18891 9.10701 
-7 -6 2 -30.0979 -26.8622 9.47326 1.36295 0.686698 0.14302 0.686698 2.81932 -1.5681 0.14302 -1.5681 2.08673 
-10 -6 2 -42.2023 -25.4568 9.3649 1.59811 0.734334 0.201409 0.734334 1.33199 -0.197274 0.201409 -0.197274 0.889123 
-7 -7 2 -30.4626 -29.8539 10.0212 1.21708 -0.0875546 0.280478 -0.0875546 0.7465 0.479115 0.280478 0.479115 1.07298 
0 -7 2 0.464442 -29.1138 8.71556 0.99363 0.324555 -0.82593 0.324555 1.20041 0.400489 -0.82593 0.400489 5.6026 
-8 -7 2 -33.8846 -29.7601 9.48408 1.74907 1.17888 -0.747233 1.17888 1.77932 -0.363692 -0.747233 -0.363692 1.44007 
0 -8 2 -1.40034 -33.7006 9.31697 0.515161 -0.219548 -0.715372 -0.219548 1.44737 0.576347 -0.715372 0.576347 3.26574 
-7 -8 2 -30.5769 -34.4508 9.46258 1.10139 0.158518 -0.0812504 0.158518 0.865697 -0.101215 -0.0812504 -0.101215 0.755557 
-7 -9 2 -30.5093 -36.9507 10.0975 0.982654 -0.619395 -0.275279 -0.619395 1.61038 0.459935 -0.275279 0.459935 0.641502 
-8 -4 2 -34.2546 -18.3215 10.9944 1.14877 -0.221532 0.25347 -0.221532 0.816225 0.0224344 0.25347 0.0224344 1.464 
-11 -9 2 -44.8364 -37.258 8.73184 3.27774 -0.0630725 0.458899 -0.0630725 1.42418 0.370045 0.458899 0.370045 3.59355 
-9 -9 2 -38.2868 -38.0878 9.64407 0.985306 -0.330071 0.389894 -0.330071 0.797722 -0.083621 0.389894 -0.083621 0.936048 
-10 -9 2 -41.9051 -38.1618 9.29617 2.09944 1.80689 -1.89041 1.80689 2.12939 -1.55014 -1.89041 -1.55014 2.73606 
-8 -9 2 -34.1376 -37.5017 9.41035 0.707183 -0.540313 0.0056243 -0.540313 2.14441 -0.398711 0.0056243 -0.398711 0.648235 
-12 -10 2 -49.6842 -40.6874 8.15967 1156.77 373.521 1785.06 373.521 141.821 563.321 1785.06 563.321 2879.9 
-10 -10 2 -40.5956 -40.9145 9.36232 15.4226 -2.56787 1.36332 -2.56787 4.83816 -0.639428 1.36332 -0.639428 0.985168 
-11 -5 1 -44.4821 -23.0279 6.85708 6.1544 -0.182578 1.45475 -0.182578 5.85041 2.76643 1.45475 2.76643 5.08089 
10 -1 1 40.8007 -6.66455 6.56834 12.9857 2.62041 -1.46365 2.62041 1.76365 -0.716693 -1.46365 -0.716693 1.4893 
10 -2 1 41.0739 -9.86071 6.83897 34.1912 13.6883 -12.0018 13.6883 6.72361 -5.5154 -12.0018 -5.5154 5.45558 
3 1 0 13.9063 5.94081 -0.832466 1.24431 -0.294203 -16.4977 -0.294203 0.987762 13.7454 -16.4977 13.7454 722.669 
-3 -1 0 -13.8867 -6.04509 -0.299639 0.883227 0.0337676 0.0437221 0.0337676 0.895567 -0.0146053 0.0437221 -0.0146053 7.72327 
-7 1 0 -30.0192 6.01488 -0.788872 1.32165 -0.0548061 -13.1801 -0.0548061 0.752884 1.50058 -13.1801 1.50058 358.174 
-9 1 0 -38.43 5.95998 -0.412576 1.23398 0.215112 0.644264 0.215112 0.83762 0.121203 0.644264 0.121203 2.69023 
-9 -1 0 -37.4241 -5.9223 -0.656741 0.991125 -0.416123 -0.205394 -0.416123 1.13088 -0.116966 -0.205394 -0.116966 9.78438 
9 1 0 37.7132 6.46949 -0.39558 0.906291 0.369048 -0.360202 0.369048 0.914792 -0.462942 -0.360202 -0.462942 2.51704 
2 11 0 10.17 44.7465 -3.34081 6.03266 5.4865 -4.72631 5.4865 13.0438 63.5993 -4.72631 63.5993 707.754 
-7 -2 0 -29.7781 -10.2881 -0.495586 0.954302 -0.145087 -0.95439 -0.145087 1.03749 1.10483 -0.95439 1.10483 6.9521 
-10 -3 0 -41.6645 -13.6566 -1.00618 1.1998 0.253483 -16.8763 0.253483 1.41053 -17.2013 -16.8763 -17.2013 760.405 
8 3 0 34.3536 14.0672 -0.837853 16.076 -7.51026 -89.8212 -7.51026 4.61819 47.8183 -89.8212 47.8183 568.095 
-8 -6 0 -33.046 -26.4301 2.09275 1.47509 0.157871 0.0493661 0.157871 0.933886 0.206933 0.0493661 0.206933 0.439511 
-1 3 0 -5.9387 14.0435 -1.00904 0.803537 0.0300143 -0.664251 0.0300143 0.815187 -0.922856 -0.664251 -0.922856 13.4934 
1 -3 0 5.62308 -13.4778 0.2918 2.34572 -0.380633 -16.3977 -0.380633 0.857043 3.29876 -16.3977 3.29876 165.7 
-11 -8 1 -44.4175 -35.2513 6.18151 10.9405 -2.69323 0.632664 -2.69323 3.28059 0.615413 0.632664 0.615413 1.92946 
-3 -8 0 -13.9917 -34.0399 -0.652271 0.820712 0.0649089 -2.54554 0.0649089 0.785616 -1.97863 -2.54554 -1.97863 63.3259 
-3 -9 0 -14.2116 -37.7623 -0.851739 2.23823 2.02004 -31.456 2.02004 3.79265 -46.0989 -31.456 -46.0989 696.233 
-7 11 0 -29.6147 45.064 -1.24378 1.03901 -0.886215 2.01031 -0.886215 9.46316 -20.1145 2.01031 -20.1145 45.1871 
0 1 0 0.100543 5.98071 -0.800029 0.193389 -0.0646692 -0.708604 -0.0646692 1.19855 4.52579 -0.708604 4.52579 53.4154 
1 1 0 5.95155 6.21999 -0.740192 0.803224 0.577505 7.79322 0.577505 4.00723 40.126 7.79322 40.126 495.444 
-1 -1 0 -5.97623 -5.95078 -0.393977 0.743775 -0.0472719 -1.42241 -0.0472719 0.920694 1.64964 -1.42241 1.64964 96.3845 
-8 10 0 -33.7392 41.5481 -0.444573 15.5323 17.4819 -3.32471 17.4819 25.4801 -10.871 -3.32471 -10.871 10.1085 
-8 -10 0 -33.9261 -42.0453 -1.76551 1.68333 2.28295 -26.2207 2.28295 6.4246 -64.7216 -26.2207 -64.7216 740.68 
-9 10 0 -36.8729 43.117 0.459428 3.97371 -1.17681 -0.143898 -1.17681 3.24773 -2.29631 -0.143898 -2.29631 2.56602 
-10 -10 0 -41.8283 -42.461 -2.25677 4.88076 1.23969 -47.0422 1.23969 1.69857 -19.5357 -47.0422 -19.5357 559.93 
-10 -6 1 -41.8836 -26.002 6.08427 1.0375 0.212176 0.163379 0.212176 1.00851 -0.104838 0.163379 -0.104838 0.804147 
-3 8 0 -14.9405 33.3207 -1.42069 3.78307 3.18185 43.0903 3.18185 5.85721 71.7104 43.0903 71.7104 1176.19 
-7 10 0 -29.8361 41.8468 -1.24099 1.25497 0.206752 1.40866 0.206752 0.904336 -0.514461 1.40866 -0.514461 6.22033 
2 5 0 9.90827 21.7464 -1.82987 0.884925 -0.0491706 -2.38093 -0.0491706 1.04252 2.39931 -2.38093 2.39931 30.7814 
-1 -11 1 -6.17725 -45.9834 4.6369 1.05599 -0.0383118 0.236919 -0.0383118 0.742886 -0.301417 0.236919 -0.301417 5.35157 
-7 8 0 -29.9973 34.0026 -1.45354 0.759806 0.19111 5.48482 0.19111 1.60902 24.8488 5.48482 24.8488 716.873 
1 6 0 6.03422 25.6201 -2.2432 1.08757 0.0196689 -2.55894 0.0196689 1.55926 6.84436 -2.55894 6.84436 78.3097 
-12 -5 0 -48.3875 -21.8655 -2.16351 31.7019 20.448 -205.875 20.448 17.6121 -161.448 -205.875 -161.448 1638.21 
-11 8 0 -45.9156 33.7938 -1.37317 0.823778 -0.141337 -0.536123 -0.141337 0.835181 -0.0170976 -0.536123 -0.0170976 14.3046 
-6 3 0 -26.1268 13.9649 -0.722852 0.806387 0.0859511 1.57977 0.0859511 0.845977 1.92237 1.57977 1.92237 26.5488 
-3 7 0 -14.2711 29.7562 -1.24672 0.998776 -0.0238782 -0.667517 -0.0238782 0.928869 1.99487 -0.667517 1.99487 23.8594 
3 -7 0 14.2941 -29.7955 2.08009 9.59735 17.314 65.6999 17.314 35.9406 129.493 65.6999 129.493 483.464 
-10 -12 0 -41.8465 -49.0637 -2.57965 1.36521 1.0981 -20.9934 1.0981 5.96055 -47.6877 -20.9934 -47.6877 800.124 
-6 7 0 -26.0031 30.0191 -1.34574 0.800713 0.174531 5.76634 0.174531 1.48046 23.3241 5.76634 23.3241 735.467 
2 0 2 11.5346 -0.638323 8.84257 27.1831 0.0283169 -1.00474 0.0283169 1.01002 -1.69643 -1.00474 -1.69643 8.3353 
0 6 0 -0.502486 25.2202 -0.914046 0.269666 0.145402 -0.172375 0.145402 1.96926 -0.0874803 -0.172375 -0.0874803 0.503453 
-6 -8 0 -25.9102 -34.02 -0.96521 1.87382 1.492 -27.9587 1.492 2.81444 -37.5485 -27.9587 -37.5485 681.757 
-8 7 0 -34.005 30.0049 -1.3004 0.783608 -0.156527 -4.81914 -0.156527 1.4709 23.2051 -4.81914 23.2051 738.03 
-1 -8 1 -6.37543 -33.685 4.94638 0.797008 0.120202 0.160865 0.120202 0.833019 -0.2297 0.160865 -0.2297 2.03569 
-8 -8 3 -34.3308 -33.939 12.5529 0.87579 0.967732 -0.249328 0.967732 2.47426 -0.184768 -0.249328 -0.184768 4.69461 
-9 7 0 -38.2322 30.4023 -1.16998 0.890734 0.0805895 0.592998 0.0805895 0.897451 -1.40349 0.592998 -1.40349 11.4343 
-11 -1 0 -46.8321 -7.08928 -1.10205 14.7719 -0.591157 -105.564 -0.591157 3.06137 8.97529 -105.564 8.97529 1906.97 
-10 -2 0 -41.6424 -10.4527 -0.957656 2.17635 0.508466 -27.4176 0.508466 0.743415 -10.3332 -27.4176 -10.3332 545.284 
10 2 0 40.8862 10.3062 0.0366088 2.38444 -3.11115 1.34613 -3.11115 5.10634 -3.22334 1.34613 -3.22334 14.9974 
-8 6 0 -34.1269 26.0314 -0.872921 0.871871 0.0432815 0.304322 0.0432815 0.862926 0.331359 0.304322 0.331359 3.68096 
-8 11 0 -35.8033 44.6428 0.999784 32.3677 -0.965304 2.16972 -0.965304 5.93762 1.20923 2.16972 1.20923 2.81725 
-4 6 0 -18.0212 25.9724 -1.27598 0.76538 0.113476 4.24921 0.113476 1.45687 22.7486 4.24921 22.7486 702.856 
-9 -6 0 -38.4405 -26.0765 1.87458 1.66853 -0.202986 -0.046831 -0.202986 0.690546 -0.0412002 -0.046831 -0.0412002 0.461983 
-5 6 0 -22.1904 25.6601 -1.0799 0.84324 0.0360839 0.879489 0.0360839 0.878994 1.06502 0.879489 1.06502 7.50632 
5 -1 1 20.8296 -7.10127 6.25859 2.89339 1.52284 -0.0285943 1.52284 4.71994 -0.0491062 -0.0285943 -0.0491062 0.867649 
-1 5 0 -6.12935 22.0082 -1.25772 4.11808 2.38567 46.4721 2.38567 2.29141 31.3747 46.4721 31.3747 630.327 
1 -5 0 6.09432 -22.5372 1.66546 0.897982 -0.259002 0.0303998 -0.259002 1.04299 0.10944 0.0303998 0.10944 0.871719 
-10 5 0 -42.0554 21.9237 -1.44916 2.3205 -0.391495 -33.9376 -0.391495 0.85706 8.05828 -33.9376 8.05828 726.636 
2 1 0 9.85475 5.98814 -0.863397 1.08586 0.282686 14.5463 0.282686 0.799704 9.8916 14.5463 9.8916 620.641 
-7 -6 0 -30.476 -25.6976 1.66411 1.17396 -0.233539 0.19284 -0.233539 0.807721 -0.114851 0.19284 -0.114851 0.393607 
0 -10 0 -1.46899 -42.0275 1.75685 0.186061 0.00328676 -0.00492832 0.00328676 0.79444 0.131569 -0.00492832 0.131569 1.12944 
7 4 0 31.1272 17.0747 -1.37758 5.37831 -4.5776 -55.9499 -4.5776 5.23541 53.9262 -55.9499 53.9262 705.47 
-4 -2 0 -18.005 -10.0162 -0.530576 1.13539 0.104703 -16.7982 0.104703 0.766593 -4.05891 -16.7982 -4.05891 734.86 
12 7 0 49.5199 30.3117 -0.0460091 45.3289 7.7973 -15.5434 7.7973 6.96594 53.2216 -15.5434 53.2216 636.256 
-11 -8 0 -47.8712 -35.41 -2.08938 224.836 -1.03805 6.10137 -1.03805 4.12642 -1.9779 6.10137 -1.9779 8.43697 
5 3 0 21.6362 14.5082 -1.38231 2.88994 3.95177 27.8558 3.95177 8.7299 67.3526 27.8558 67.3526 652.109 
-5 -3 0 -21.9171 -14.063 -0.553838 0.796585 0.00788302 -1.06274 0.00788302 0.763534 -0.0763608 -1.06274 -0.0763608 18.3824 
-9 -10 3 -37.8717 -40.7744 12.6902 1.35721 -0.446112 1.06751 -0.446112 4.61009 -0.475229 1.06751 -0.475229 3.9577 
1 -2 0 6.17253 -10.0903 0.10962 1.91808 -1.00752 -14.8666 -1.00752 1.79766 14.9297 -14.8666 14.9297 194.994 
1 3 0 5.96368 13.9256 -1.40767 0.720134 -0.634053 -7.99066 -0.634053 4.05545 44.9577 -7.99066 44.9577 590.858 
-1 -3 0 -6.10739 -13.9146 -0.234408 0.735732 -0.103913 0.146622 -0.103913 0.808132 1.13503 0.146622 1.13503 81.8432 
-10 3 0 -42.0456 13.8753 -1.26014 0.796208 -0.0880559 -0.450722 -0.0880559 0.85767 1.9234 -0.450722 1.9234 20.8141 
0 2 0 0.164009 10.1512 -1.10136 0.215529 0.100223 1.83913 0.100223 1.63654 13.4228 1.83913 13.4228 196.033 
2 0 0 10.4253 -0.237612 0.91983 1.0206 -0.0398008 -0.195452 -0.0398008 0.378409 0.229324 -0.195452 0.229324 0.579049 
0 -9 1 -1.14434 -37.7933 5.06484 0.203555 -0.0607145 0.0447393 -0.0607145 0.673734 -0.157308 0.0447393 -0.157308 1.51474 
-10 6 0 -42.0114 26.1348 -1.47324 2.22874 0.0495503 -32.507 0.0495503 0.776681 -0.362702 -32.507 -0.362702 698.047 
-8 -2 0 -33.5474 -9.88199 -0.63197 1.0245 -0.254048 0.748835 -0.254048 0.84965 -0.582357 0.748835 -0.582357 12.0608 
-9 2 0 -38.0298 9.94575 -1.09129 1.86003 -0.350099 -28.494 -0.350099 0.839675 8.50809 -28.494 8.50809 705.384 
4 -3 1 17.2965 -13.3682 6.05565 0.95077 -0.206551 0.118644 -0.206551 1.50059 -0.420254 0.118644 -0.420254 1.03299 
-11 2 0 -45.5982 10.172 -1.11883 0.889757 0.106042 -0.964448 0.106042 1.01945 0.0426281 -0.964448 0.0426281 5.83743 
-9 -8 2 -38.077 -34.0623 10.0865 2.44922 -0.0609793 -0.503794 -0.0609793 0.82394 0.0596817 -0.503794 0.0596817 0.819467 
-4 -9 0 -18.0209 -37.9955 -1.01085 1.60333 1.97511 -23.6775 1.97511 5.55384 -56.6019 -23.6775 -56.6019 660.852 
-10 1 0 -41.5014 6.16381 -0.730699 1.30983 -0.18838 -0.990122 -0.18838 0.863428 0.192119 -0.990122 0.192119 4.12904 
-2 -9 0 -9.50682 -37.9706 1.67912 1.13492 0.0582897 0.0439479 0.0582897 0.811865 -0.0441983 0.0439479 -0.0441983 0.566839 
4 9 0 16.3071 36.6175 -2.28615 341.61 16.2986 -479.023 16.2986 8.60105 -5.99523 -479.023 -5.99523 736.501 
-12 1 0 -48.9542 6.58206 -1.35463 6.93876 -0.81323 -51.327 -0.81323 0.930127 2.24748 -51.327 2.24748 758.094 
-9 -9 0 -38.305 -37.6795 1.79972 0.907806 0.14963 0.155251 0.14963 1.62047 -0.34221 0.155251 -0.34221 0.277363 
6 -2 1 26.4651 -10.7061 5.82083 177.27 -73.0615 37.4955 -73.0615 31.0858 -15.4224 37.4955 -15.4224 9.15493 
-8 0 0 -34.2188 -0.588939 -0.528832 0.979185 0.0515752 0.624122 0.0515752 0.266609 0.413024 0.624122 0.413024 5.72807 
-9 5 0 -37.6182 21.7904 -0.912851 1.22684 -0.134381 -1.64499 -0.134381 1.04566 1.08977 -1.64499 1.08977 7.42215 
-10 8 0 -41.6562 33.6462 -1.25266 0.962482 0.0544071 -1.38469 0.0544071 0.993594 0.26298 -1.38469 0.26298 8.95972 
-9 -5 0 -38.2223 -22.9731 0.661249 1.04003 -0.280863 0.336813 -0.280863 1.39519 0.505232 0.336813 0.505232 0.80825 
9 5 0 39.3072 21.6408 -0.77975 20.9505 -9.74359 -84.9915 -9.74359 7.75532 61.074 -84.9915 61.074 518.352 
-11 -6 1 -45.9399 -26.9467 5.36657 0.989447 -0.0485145 -0.540439 -0.0485145 1.62609 -0.125369 -0.540439 -0.125369 1.73626 
-8 -7 0 -33.6385 -30.0273 2.21701 0.714465 -0.248071 0.112313 -0.248071 0.638048 -0.125496 0.112313 -0.125496 0.392288 
-10 -7 2 -42.6294 -29.4442 9.66057 2.49968 0.00919762 -0.0716799 0.00919762 0.835574 -0.134754 -0.0716799 -0.134754 0.947258 
8 9 0 33.0561 38.7678 -2.21521 32.1783 -12.5068 -0.824822 -12.5068 5.79768 -0.0690995 -0.824822 -0.0690995 20.6901 
-11 -2 0 -45.7141 -9.77836 -1.12981 1.211 -0.170803 6.38248 -0.170803 0.986143 -6.26298 6.38248 -6.26298 570.898 
-8 -6 2 -34.0204 -25.6005 9.52054 0.933994 -0.190642 -0.617731 -0.190642 1.11458 0.227742 -0.617731 0.227742 1.57915 
4 4 0 18.1273 17.9037 -1.52967 1.26299 0.527929 15.4216 0.527929 1.07069 16.2767 15.4216 16.2767 548.572 
-4 -4 0 -18.0066 -17.9327 -0.488943 0.804864 0.0245061 -0.535689 0.0245061 0.779123 -0.768516 -0.535689 -0.768516 24.4431 
-5 -12 0 -22.0278 -49.0644 -1.87623 7.18451 0.514193 -68.5279 0.514193 3.15772 -4.8351 -68.5279 -4.8351 729.095 
7 8 0 29.8872 33.7214 -2.11057 17.0138 -9.28615 7.54897 -9.28615 8.55682 6.71638 7.54897 6.71638 48.2214 
-2 6 0 -10.2733 25.7411 -1.159 1.85197 0.950362 23.1567 0.950362 1.43516 21.1511 23.1567 21.1511 642.479 
2 -6 0 8.54667 -25.0321 2.51338 7.28563 1.14134 1.38827 1.14134 1.15171 -0.238463 1.38827 -0.238463 1.90681 
-1 6 0 -5.73716 25.6855 -1.46517 4.16323 2.28261 49.998 2.28261 2.4866 31.9934 49.998 31.9934 741.509 
-12 5 0 -48.921 21.6934 -1.31852 3.60648 0.0237219 0.168264 0.0237219 0.96739 0.798265 0.168264 0.798265 5.51025 
3 10 0 13.1329 42.475 -2.50548 3.97919 -1.61537 -3.39954 -1.61537 1.13705 1.06652 -3.39954 1.06652 7.21708 
2 9 0 10.5792 37.4364 -2.53869 2.50956 -1.58093 -4.0674 -1.58093 1.8939 3.49533 -4.0674 3.49533 23.1105 
6 2 0 26.8313 10.1939 -1.19432 75.906 30.9213 -187.823 30.9213 17.6778 -32.7609 -187.823 -32.7609 989.368 
-6 -2 0 -26.2726 -10.3194 -0.508118 0.738247 0.0201537 0.595469 0.0201537 0.854569 1.29721 0.595469 1.29721 9.13135 
3 8 0 13.9477 33.9216 -2.1368 0.930112 0.650708 -4.04658 0.650708 1.67689 -4.76216 -4.04658 -4.76216 48.7169 
2 -5 0 9.24118 -21.6557 2.05188 1.08586 -0.520076 0.00482688 -0.520076 1.13302 0.114615 0.00482688 0.114615 0.981453 
-7 6 0 -29.9579 26.1251 -1.02106 0.771631 0.0270225 0.0953428 0.0270225 0.826164 -0.296055 0.0953428 -0.296055 6.2941 
2 7 0 9.49654 29.8295 -2.39305 1.20889 -1.1036 -10.6813 -1.1036 5.69236 60.1731 -10.6813 60.1731 790.317 
-5 5 0 -21.9878 22.0429 -1.12228 0.766439 0.143408 5.27187 0.143408 1.39214 21.6919 5.27187 21.6919 708.108 
-7 -8 0 -30.2139 -33.7923 1.88388 1.43638 0.106775 0.237438 0.106775 0.836435 -0.0917096 0.237438 -0.0917096 0.380889 
-2 4 0 -9.98006 18.0287 -1.06589 0.740638 -0.00781609 -1.17884 -0.00781609 0.754386 -0.0726544 -1.17884 -0.0726544 64.0844 
-10 7 0 -41.9913 30.0036 -1.46448 1.52833 0.0123601 -24.0145 0.0123601 0.744795 -0.193324 -24.0145 -0.193324 738.973 
-12 -8 0 -49.3837 -34.5382 -0.478774 5.21846 0.655336 0.656301 0.655336 1.66493 0.00325612 0.656301 0.00325612 0.547053 
1 -5 1 6.89159 -22.4614 5.47958 1.99919 -0.198498 -0.221322 -0.198498 0.959643 0.209136 -0.221322 0.209136 1.23153 
-10 -4 3 -41.386 -18.8574 12.5148 2.01287 1.93419 -2.9762 1.93419 3.79582 -3.68561 -2.9762 -3.68561 20.0282 
-12 -3 0 -48.8615 -13.019 -1.13321 16.2073 5.852 -109.508 5.852 4.37409 -59.5492 -109.508 -59.5492 1086.44 
-8 -11 0 -33.9255 -46.0026 -2.18898 0.953357 -1.34972 11.1784 -1.34972 10.7091 -80.8876 11.1784 -80.8876 652.832 
-5 8 0 -22.0867 34.3441 -1.24122 0.869166 -0.183464 0.699258 -0.183464 1.05081 -1.32725 0.699258 -1.32725 8.06268 
0 -9 0 -1.2745 -38.3211 1.77965 0.19758 -0.0388421 -0.00721395 -0.0388421 0.804036 -0.0575572 -0.00721395 -0.0575572 0.754239 
2 0 1 11.4111 -1.13027 6.6449 5.39975 -0.0655176 0.822589 -0.0655176 0.593772 0.740102 0.822589 0.740102 2.26615 
-6 -12 0 -26.3124 -49.0383 -2.08363 0.890069 0.0787143 -0.574252 0.0787143 2.77845 0.443551 -0.574252 0.443551 6.59116 
-7 -12 0 -29.5452 -48.9672 -1.84716 0.915522 0.0606826 -0.351932 0.0606826 4.12781 -0.119016 -0.351932 -0.119016 0.791273 
1 0 0 5.76678 -0.00385123 -0.251313 0.796322 0.0859073 0.580323 0.0859073 0.257588 0.711046 0.580323 0.711046 8.84474 
9 0 0 38.8713 0.890461 0.099455 1.05507 -0.185174 -0.687518 -0.185174 0.260333 0.31313 -0.687518 0.31313 3.24294 
-9 -6 2 -37.2253 -26.3947 9.83706 2.242 -0.234444 -0.0838371 -0.234444 1.19556 0.103194 -0.0838371 0.103194 0.612153 
2 -9 0 11.6647 -38.4168 2.95026 49.5251 4.24271 3.09473 4.24271 1.37323 1.04167 3.09473 1.04167 3.20871 
2 4 0 10.1618 18.0741 -1.5474 4.84906 -3.68337 -42.8675 -3.68337 3.77307 38.0408 -42.8675 38.0408 473.411 
0 -2 0 -0.245106 -9.92859 -0.173244 0.26578 -0.0857155 -2.71942 -0.0857155 0.781029 3.26759 -2.71942 3.26759 111.254 
-10 -11 0 -41.7788 -46.2222 -2.41785 3.18991 2.08729 -39.7852 2.08729 2.46499 -32.7477 -39.7852 -32.7477 700.997 
1 12 0 5.92966 49.0773 -3.04176 63.0888 104.024 -30.9085 104.024 175.455 -50.261 -30.9085 -50.261 24.0103 
-9 9 0 -37.4045 37.1266 -1.18649 1.02688 -0.0337133 -1.21309 -0.0337133 1.6805 0.873296 -1.21309 0.873296 7.57998 
7 2 0 29.9117 10.2493 -1.06045 4.41573 -1.34597 -50.1646 -1.34597 2.28235 19.8962 -50.1646 19.8962 677.597 
-2 -5 0 -10.1117 -22.0014 -0.275293 2.32371 -1.23774 -24.6166 -1.23774 1.73866 18.5476 -24.6166 18.5476 369.304 
-11 -3 0 -46.1296 -14.237 -1.11112 1.45015 1.37331 -13.1856 1.37331 4.99534 -44.4894 -13.1856 -44.4894 521.88 
-6 -11 0 -26.0059 -45.9027 -2.05711 3.23374 3.29348 -41.495 3.29348 4.99337 -54.2857 -41.495 -54.2857 695.618 
-12 7 0 -49.2726 29.8073 -1.19118 3.00459 -0.326459 1.1687 -0.326459 1.47541 -1.62231 1.1687 -1.62231 4.3225 
1 8 0 5.86527 33.9708 -2.73467 3.10706 3.13479 -20.0516 3.13479 8.79534 14.8848 -20.0516 14.8848 485.424 
-11 5 0 -45.9852 21.9235 -1.60915 0.76023 -0.057659 -1.64723 -0.057659 0.780937 1.67089 -1.64723 1.67089 117.302 
-6 2 0 -26.2194 10.1466 -0.449562 0.751902 0.145377 0.320554 0.145377 0.779406 -0.605285 0.320554 -0.605285 6.83302 
6 -2 0 25.0579 -10.5143 1.82331 11.9126 11.0101 -3.55966 11.0101 11.3037 -2.93641 -3.55966 -2.93641 3.01497 
-3 5 0 -13.9705 22.1272 -1.17329 0.740232 0.0993846 3.28437 0.0993846 1.40829 21.3811 3.28437 21.3811 724.574 
3 -5 0 13.8223 -21.8812 1.99631 2.95469 6.19227 3.00763 6.19227 16.3754 9.16854 3.00763 9.16854 7.85484 
-11 4 0 -46.3575 17.9906 -1.26713 1.01604 0.158137 0.626818 0.158137 0.816384 0.451569 0.626818 0.451569 6.09474 
2 -3 0 10.4878 -14.7004 0.420923 0.626466 0.209777 -1.93534 0.209777 0.908726 0.95215 -1.93534 0.95215 106.368 
-9 -4 0 -37.4747 -17.8046 -0.94097 2.51201 1.18959 -28.8341 1.18959 1.21266 -18.0523 -28.8341 -18.0523 495.02 
-4 5 0 -18.0699 22.0494 -0.968319 0.874407 0.038292 0.555528 0.038292 0.85117 0.957592 0.555528 0.957592 6.1782 
8 5 0 34.2943 21.2777 -1.43188 12.5575 -8.15872 -103.065 -8.15872 7.34811 79.7015 -103.065 79.7015 1005.27 
-7 -3 0 -29.5469 -13.9313 -0.398849 0.832258 0.118782 -0.608437 0.118782 0.764488 -0.338551 -0.608437 -0.338551 4.8942 
7 3 0 30.3709 13.8938 -1.23341 3.97706 -2.77689 -36.7852 -2.77689 5.03707 52.8502 -36.7852 52.8502 644.517 
5 0 1 20.216 -2.02958 5.66476 313.983 64.2524 -304.145 64.2524 20.6971 -82.174 -304.145 -82.174 353.012 
1 10 0 5.55802 41.58 -3.16098 0.825401 -0.672641 -5.78693 -0.672641 3.64511 38.9527 -5.78693 38.9527 544.222 
1 5 0 6.30275 22.2345 -2.01273 0.958931 -0.323458 -3.81854 -0.323458 1.34375 10.2075 -3.81854 10.2075 185.443 
-1 -5 0 -6.01326 -22.1684 0.150304 0.847538 0.0987079 -0.455921 0.0987079 0.83794 0.388257 -0.455921 0.388257 2.23387 
-8 -5 1 -34.0929 -22.342 5.90844 1.00686 0.271835 0.924464 0.271835 0.787395 -0.181331 0.924464 -0.181331 2.01665 
1 7 0 6.08169 30.0595 -2.38639 0.706978 0.305878 1.36168 0.305878 2.12122 3.71676 1.36168 3.71676 18.121 
-1 -7 0 -6.18642 -29.9705 1.89479 0.826079 -0.146092 0.0873454 -0.146092 0.860036 -0.0453287 0.0873454 -0.0453287 0.738792 
-11 -9 0 -47.564 -39.1617 0.279293 10.3487 1.05784 0.954287 1.05784 1.52512 0.424201 0.954287 0.424201 0.48106 
-11 1 0 -45.8219 7.28103 -0.942921 0.999715 0.120754 -0.322964 0.120754 3.62497 -0.339198 -0.322964 -0.339198 4.3028 
-7 -8 1 -30.6343 -33.9551 6.46696 1.88467 0.682909 -0.50657 0.682909 0.90533 -0.0300624 -0.50657 -0.0300624 0.872534 
-12 -7 0 -48.5571 -28.66 0.929577 7.0456 -1.34223 -0.66724 -1.34223 8.49792 -0.68595 -0.66724 -0.68595 0.320903 
-5 7 0 -21.9756 30.0073 -1.38194 0.830425 0.27643 7.74127 0.27643 1.62663 25.5186 7.74127 25.5186 733.961 
0 -7 0 -1.4272 -29.604 2.07819 0.238295 -0.025318 -0.0174965 -0.025318 0.731538 0.022431 -0.0174965 0.022431 0.822904 
4 -2 2 18.3483 -10.135 9.29204 0.981343 0.181308 -0.194378 0.181308 0.654854 0.0915627 -0.194378 0.0915627 1.13769 
-7 7 0 -30.0079 29.9908 -1.31103 0.797398 0.208641 6.2291 0.208641 1.6312 25.4028 6.2291 25.4028 743.062 
-2 5 0 -10.2792 22.1877 -0.986881 0.783184 0.120219 0.0980545 0.120219 0.853167 -0.896329 0.0980545 -0.896329 7.37797 
-7 2 0 -29.7245 10.1082 -0.421088 1.21404 -0.12214 -1.06353 -0.12214 1.00632 -0.324666 -1.06353 -0.324666 5.61619 
4 -4 2 19.1954 -17.1989 8.59943 14.6632 -17.4756 -54.415 -17.4756 26.4464 78.2129 -54.415 78.2129 244.333 
-11 7 0 -45.9102 29.7815 -1.32488 1.29296 0.214779 0.527775 0.214779 0.92454 0.807053 0.527775 0.807053 6.80115 
5 7 0 21.7394 29.3228 -2.37748 2.18133 0.105499 9.70926 0.105499 6.15743 68.6532 9.70926 68.6532 967.19 
-5 -7 0 -21.8167 -29.895 -0.527402 1.02498 0.26939 -4.26677 0.26939 1.33385 -6.6621 -4.26677 -6.6621 70.8801 
-10 -7 0 -41.7641 -29.786 1.30062 0.948104 0.0752708 0.0135081 0.0752708 0.613703 0.00727144 0.0135081 0.00727144 0.37118 
-12 -2 0 -49.326 -11.2752 -1.1224 7.06356 -0.458533 -62.2039 -0.458533 4.58204 54.0374 -62.2039 54.0374 1475.9 
-7 -7 0 -30.6104 -30.2762 1.00769 1.04337 0.160413 0.351491 0.160413 0.684766 0.133519 0.351491 0.133519 0.418494 
7 7 0 29.2831 30.9686 -1.58471 6.44881 3.99138 10.621 3.99138 9.55449 28.36 10.621 28.36 90.4748 
-11 -7 0 -45.6589 -28.4447 1.61749 0.518879 1.32214 0.00770192 1.32214 15.3954 -0.247929 0.00770192 -0.247929 0.290867 
-11 -11 0 -45.5622 -45.7036 -2.72056 10.3122 3.05347 -81.1504 3.05347 1.77698 -25.0518 -81.1504 -25.0518 690.981 
4 12 0 17.5459 48.7212 -2.93249 78.5963 6.90984 -104.721 6.90984 4.79944 -5.28828 -104.721 -5.28828 228.983 
-4 -12 0 -18.1022 -49.0199 -1.52041 8.55761 0.507973 -78.187 0.507973 3.04901 -5.13573 -78.187 -5.13573 788.441 
-11 -12 0 -45.755 -49.0157 -2.8618 9.24104 3.12328 -72.9705 3.12328 3.80086 -25.5863 -72.9705 -25.5863 619.288 
-7 5 0 -30.0767 21.894 -0.965072 0.795286 0.0277139 0.834747 0.0277139 0.865458 1.54112 0.834747 1.54112 14.7306 
9 2 0 38.1609 10.1373 -0.306474 3.92006 1.98347 -31.2621 1.98347 1.86972 -19.2565 -31.2621 -19.2565 310.709 
3 3 0 13.4728 13.5823 -1.165 1.49198 0.581735 4.76967 0.581735 2.35077 29.1834 4.76967 29.1834 477.968 
-3 -3 0 -13.805 -13.9422 -0.429788 1.43683 -0.0154606 -21.753 -0.0154606 0.70543 0.149671 -21.753 0.149671 702.752 
0 -6 0 -1.19629 -25.8356 1.93911 0.279317 -0.179377 0.0794581 -0.179377 0.926784 -0.0831078 0.0794581 -0.0831078 0.822206 
-1 1 0 -5.94631 5.98476 -0.812535 0.771495 0.231794 5.01168 0.231794 2.39703 33.6817 5.01168 33.6817 735.704 
1 -1 0 5.95434 -5.82255 -0.0913302 2.60432 -0.78685 -28.542 -0.78685 1.07829 10.365 -28.542 10.365 437.157 
8 4 0 34.3977 17.858 -1.13366 7.46623 -4.21055 -47.5746 -4.21055 5.22355 55.4101 -47.5746 55.4101 683.435 
-12 -12 0 -49.069 -49.0444 -3.18974 3.79192 -0.243476 -58.278 -0.243476 3.73172 12.4159 -58.278 12.4159 2078.84 
-7 -9 1 -30.5653 -36.6308 7.38851 3.03812 -2.98075 0.215936 -2.98075 10.6616 1.48087 0.215936 1.48087 6.67871 
-9 -10 0 -37.8116 -42.088 -1.95022 3.03038 2.28082 -38.6368 2.28082 3.02005 -39.9728 -38.6368 -39.9728 692.343 
-10 -5 2 -42.0502 -22.0732 10.5378 4.71477 -1.17489 -0.133996 -1.17489 1.74908 -1.15908 -0.133996 -1.15908 2.12584 
3 -4 0 13.2771 -17.4983 2.37317 1.22272 -0.0458687 -0.217227 -0.0458687 0.928806 0.0934171 -0.217227 0.0934171 1.34245 
-4 1 0 -17.9659 5.96632 -0.595434 0.930992 0.300245 11.0932 0.300245 1.34028 20.8896 11.0932 20.8896 715.434 
9 10 0 36.4975 43.1655 -2.55191 709.868 634.78 -432.813 634.78 591.269 -385.502 -432.813 -385.502 271.619 
2 6 0 9.49147 25.0642 -2.08713 1.57446 -1.54772 -22.7456 -1.54772 3.12158 32.3362 -22.7456 32.3362 571.499 
-2 -6 0 -9.76884 -26.3052 0.275491 0.933512 -0.0634178 -0.585461 -0.0634178 0.849318 0.390303 -0.585461 0.390303 1.2102 
-6 -9 0 -25.9729 -37.9397 -1.241 0.767485 0.105188 -1.26342 0.105188 5.81349 -61.7517 -1.26342 -61.7517 760.135 
0 8 0 3.64923 35.126 -2.85432 15.346 -1.997 -50.6176 -1.997 16.4294 218.424 -50.6176 218.424 3811.83 
-7 -11 0 -30.0281 -45.8791 -2.23624 0.785006 0.703633 -4.5986 0.703633 16.9828 -104.547 -4.5986 -104.547 671.562 
-8 -4 0 -33.6536 -18.3726 -0.760002 1.90366 0.540697 -28.3443 0.540697 1.6 -20.2918 -28.3443 -20.2918 813.622 
1 -9 1 5.63626 -37.5783 4.29948 11.3027 -4.30805 44.1814 -4.30805 3.4582 -13.4335 44.1814 -13.4335 203.864 
-12 6 0 -49.1277 25.9485 -1.63964 7.32489 0.543188 45.9286 0.543188 0.854714 7.1441 45.9286 7.1441 525.752 
2 3 0 9.57068 13.9828 -1.24123 1.191 -0.336207 -4.55828 -0.336207 1.03762 4.83271 -4.55828 4.83271 78.3773 
-1 -10 0 -6.54675 -41.9827 1.70474 0.861986 -0.0745851 0.0317089 -0.0745851 0.774563 0.0501979 0.0317089 0.0501979 0.615167 
0 10 0 0.710718 41.5983 -2.86368 0.799407 2.07584 1.66087 2.07584 9.5492 -0.320785 1.66087 -0.320785 20.3676 
-4 0 0 -18.0339 0.0275708 -0.380285 0.704504 0.0234584 -0.10201 0.0234584 0.187079 0.0580881 -0.10201 0.0580881 8.06755 
4 -5 1 17.025 -21.2227 6.23803 2.01477 -0.573274 0.314493 -0.573274 2.58809 0.840536 0.314493 0.840536 1.45839 
-9 -3 0 -38.0387 -14.5179 -0.856756 3.04312 0.909477 -37.105 0.909477 1.17665 -16.1454 -37.105 -16.1454 799.162 
9 3 0 38.7651 14.1514 -0.00924604 1.63873 -0.368345 -2.19716 -0.368345 0.762737 0.245242 -2.19716 0.245242 6.67568 
-1 4 0 -6.11 18.1642 -0.995706 0.864689 -0.0199114 1.42673 -0.0199114 0.724654 -0.436098 1.42673 -0.436098 10.7782 
2 -6 1 8.6966 -25.173 6.40154 1.66089 0.918385 0.996488 0.918385 4.22663 2.25161 0.996488 2.25161 2.46959 
-3 -10 0 -14.0337 -42.2414 -0.738262 0.851102 0.108844 -0.251232 0.108844 0.831178 0.298225 -0.251232 0.298225 1.25996 
-9 8 0 -38.2993 33.6377 -1.14187 0.968561 0.107514 0.99461 0.107514 0.906381 1.00521 0.99461 1.00521 6.87425 
3 7 0 14.0879 30.7069 -2.33811 8.58372 9.1877 -58.3409 9.1877 12.327 -54.2657 -58.3409 -54.2657 559.213 
-3 -7 0 -13.9206 -30.0557 -0.0320335 0.927088 0.00713659 -0.0390278 0.00713659 0.9673 0.0772381 -0.0390278 0.0772381 1.03363 
-10 -7 1 -41.9832 -29.9439 5.78288 1.29139 -0.2931 0.168294 -0.2931 0.698387 0.0254179 0.168294 0.0254179 0.972173 
-6 9 0 -26.0359 38.05 -1.57046 0.911259 -0.0402849 7.43528 -0.0402849 0.832154 -4.06129 7.43528 -4.06129 405.546 
-11 -6 0 -45.6502 -26.911 1.96714 0.762753 0.146576 0.113566 0.146576 2.22281 0.0854277 0.113566 0.0854277 0.342438 
-10 -8 0 -41.6372 -33.7585 2.21154 3.03456 -0.324891 0.654706 -0.324891 1.01114 0.211711 0.654706 0.211711 0.793528 
4 8 0 17.0927 32.7583 -1.95195 2.77393 0.11302 -4.13571 0.11302 4.79999 17.0861 -4.13571 17.0861 87.2131 
0 0 0 0.016349 -0.0472581 -0.454324 0.150008 -0.0480585 -0.289593 -0.0480585 0.198383 0.632308 -0.289593 0.632308 18.6354 
-9 -7 0 -38.1507 -30.0291 2.06867 1.12366 0.0989483 -0.369101 0.0989483 0.946417 0.36715 -0.369101 0.36715 0.822315 
-9 -8 3 -38.4499 -35.0496 12.8414 6.45083 0.769642 -1.89979 0.769642 0.858173 0.19676 -1.89979 0.19676 1.96375 
1 4 0 5.87602 17.9076 -1.6362 0.952399 0.166225 -0.347998 0.166225 0.870569 1.29137 -0.347998 1.29137 25.7899 
-4 -6 0 -18.2861 -26.2262 -0.220763 0.973347 0.0815222 1.06062 0.0815222 0.927393 0.479016 1.06062 0.479016 8.31965 
-7 -4 0 -29.7985 -18.0334 -0.548226 0.729699 -0.0309335 -0.905309 -0.0309335 0.825528 0.463729 -0.905309 0.463729 8.56793 
-8 -9 1 -34.6312 -38.5648 7.05459 1.98269 -0.857971 0.125078 -0.857971 2.20148 -0.526502 0.125078 -0.526502 2.97795 
5 4 0 21.2205 18.0786 -1.30991 1.72668 -0.149764 1.17637 -0.149764 0.934135 -3.57654 1.17637 -3.57654 26.2426 
-12 3 0 -49.1881 13.5217 -0.937436 3.4287 -0.0859887 1.10135 -0.0859887 0.928793 0.712145 1.10135 0.712145 2.25372 
-12 2 0 -49.0142 10.2601 -1.40466 3.50043 0.192848 1.0128 0.192848 0.671339 -0.313307 1.0128 -0.313307 3.90022 
0 -11 0 -2.15583 -46.03 1.92673 0.344446 -0.0505844 0.0502561 -0.0505844 0.792131 -0.148965 0.0502561 -0.148965 0.881142 
-4 9 0 -18.5668 36.9711 -1.39465 1.26588 0.434995 1.19239 0.434995 1.79336 1.15211 1.19239 1.15211 8.62068 
-8 -8 1 -32.7734 -33.5009 5.37359 2.68903 0.772325 -0.0122351 0.772325 1.32389 -0.108914 -0.0122351 -0.108914 1.06093 
-5 -11 0 -22.2605 -45.9405 -1.83682 0.861748 -0.141689 -1.52066 -0.141689 0.796986 -0.363449 -1.52066 -0.363449 31.6047 
-10 -6 0 -41.4921 -26.8114 1.52219 1.03941 -0.466207 0.176475 -0.466207 1.6759 -0.359048 0.176475 -0.359048 0.441309 
10 6 0 42.7347 26.5303 -0.800743 6.45801 -3.41506 -24.8178 -3.41506 2.76287 15.5168 -24.8178 15.5168 132.809 
-11 -5 0 -45.4369 -21.8339 -1.80524 4.55145 3.26503 -38.1574 3.26503 3.15254 -32.4993 -38.1574 -32.4993 382.837 
0 -11 1 -2.06389 -46.8028 4.50817 0.413178 0.524321 -0.284208 0.524321 3.121 -2.87817 -0.284208 -2.87817 7.53546 
-10 -5 3 -42.3618 -22.592 13.1857 0.999024 -0.621882 -0.429794 -0.621882 0.899292 -0.00340055 -0.429794 -0.00340055 0.823182 
-3 -12 0 -13.9726 -49.0029 -1.00306 6.35306 -0.353142 -39.2677 -0.353142 3.34166 2.76903 -39.2677 2.76903 271.691 
5 5 0 22.7109 21.8003 -1.44179 5.16399 -2.16885 2.06873 -2.16885 3.80969 4.78492 2.06873 4.78492 36.3944 
-5 -5 0 -22.016 -21.9859 -0.621128 0.950507 0.0208034 -11.9875 0.0208034 0.736999 -1.78769 -11.9875 -1.78769 729.292 
5 -3 2 21.0345 -13.7821 9.83973 3.47603 0.0261922 1.59017 0.0261922 0.981371 0.0291854 1.59017 0.0291854 1.36844 
-9 -12 0 -37.9148 -48.9272 -2.49106 0.849206 0.658944 -8.69349 0.658944 9.0796 -68.0865 -8.69349 -68.0865 725.761 
-7 -10 0 -29.9905 -41.9689 -1.69599 0.751762 0.136591 -1.12718 0.136591 12.3992 -91.9117 -1.12718 -91.9117 725.302 
-2 7 0 -11.2948 28.9623 -1.27972 10.9948 4.94686 25.7222 4.94686 7.98872 79.0913 25.7222 79.0913 1050.93 
-8 1 0 -34.0162 5.9703 -0.917806 1.46565 -0.0915475 -22.4879 -0.0915475 0.732358 2.00253 -22.4879 2.00253 707.491 
-2 -11 0 -9.20045 -45.8869 0.933066 1.16349 0.118636 -0.44526 0.118636 0.638993 -0.124519 -0.44526 -0.124519 0.658133 
0 5 0 -1.81915 22.064 -1.5588 2.72737 2.13608 28.7334 2.13608 2.41328 25.0382 28.7334 25.0382 355.026 
3 6 0 13.1272 25.5109 -2.08456 441.711 -329.982 25.1572 -329.982 251.573 33.4284 25.1572 33.4284 687.497 
-2 -10 0 -9.34988 -41.989 1.47683 1.4535 -0.0231414 -0.21045 -0.0231414 0.780222 0.0433652 -0.21045 0.0433652 0.532445 
-3 -4 0 -13.7641 -18.0093 -0.426688 0.809887 -0.00360564 -4.16816 -0.00360564 0.777578 0.87763 -4.16816 0.87763 135.005 
-4 -1 0 -18.0352 -5.99987 -0.501724 1.3967 0.222154 -21.8572 0.222154 0.838126 -7.78 -21.8572 -7.78 756.081 
-7 -9 0 -29.9158 -37.9837 -1.2847 1.4147 1.52552 -21.2127 1.52552 4.62088 -52.3919 -21.2127 -52.3919 708.578 
-4 -11 0 -17.9781 -46.0133 -1.51487 6.59194 -0.489223 -58.8536 -0.489223 0.732936 5.2071 -58.8536 5.2071 594.169 
-2 0 0 -10.0027 0.0299069 -0.562525 0.795056 0.0877666 2.84105 0.0877666 0.374371 5.91233 2.84105 5.91233 189.252 
-6 -10 0 -26.0129 -41.952 -1.64439 1.42937 2.53725 -22.3342 2.53725 10.0643 -82.0959 -22.3342 -82.0959 729.083 
-8 -9 0 -33.9122 -38.1824 -1.49095 3.21757 2.45005 -39.5474 2.45005 2.96622 -36.9354 -39.5474 -36.9354 626.979 
-1 2 0 -5.8942 10.0376 -1.01775 1.03049 0.654543 13.7539 0.654543 2.2802 33.1111 13.7539 33.1111 691.895 
-10 -5 0 -42.087 -22.2893 2.83135 3.94091 0.262518 -1.27434 0.262518 1.56463 0.04897 -1.27434 0.04897 0.645689 
-4 -10 0 -17.9887 -41.9253 -1.36036 1.95018 1.95388 -27.8856 1.95388 4.21412 -46.9976 -27.8856 -46.9976 639.069 
-11 -4 0 -46.737 -18.8548 -1.65618 6.32196 6.2615 -52.3555 6.2615 7.5177 -59.5536 -52.3555 -59.5536 602.448 
-8 9 0 -34.0117 37.4406 -1.16694 0.734876 0.265161 0.0363262 0.265161 0.897302 0.259452 0.0363262 0.259452 4.86427 
1 2 0 5.93619 10.0747 -1.06452 0.759078 -0.0965357 -0.860009 -0.0965357 1.27295 5.73312 -0.860009 5.73312 58.1827 
-5 -9 0 -21.962 -38.0731 -1.14753 1.35679 1.93918 -20.9486 1.93918 6.69944 -65.1146 -20.9486 -65.1146 715.423 
-9 -4 3 -39.3739 -17.961 13.4017 1.08735 -2.23779 2.30079 -2.23779 12.3947 -10.3279 2.30079 -10.3279 17.7636 
-7 -9 3 -30.1887 -37.2917 12.4595 0.957179 0.0843465 -0.688955 0.0843465 1.63764 0.125031 -0.688955 0.125031 3.58285 
-6 4 0 -25.9996 18.0005 -0.932636 1.01227 0.561041 14.3007 0.561041 1.88132 28.767 14.3007 28.767 729.148 
-12 4 0 -48.7656 17.7445 -1.44767 4.00909 0.431623 -0.57511 0.431623 0.709541 0.411375 -0.57511 0.411375 6.20814 
-8 -4 3 -33.4272 -18.3461 12.8653 1.02301 0.0336346 -0.570096 0.0336346 2.75217 -0.202751 -0.570096 -0.202751 3.78208 
0 4 0 -0.57923 17.864 -1.41437 1.37344 0.701058 14.6397 0.701058 1.17707 8.29597 14.6397 8.29597 180.203 
-11 0 0 -45.8318 2.9701 -1.04262 8.42585 -4.0322 -78.0095 -4.0322 3.39649 48.098 -78.0095 48.098 1051.47 
-7 0 0 -30.1229 -0.117033 -0.791402 0.92468 -0.0324844 -4.15641 -0.0324844 0.186337 0.290209 -4.15641 0.290209 184.745 
-9 0 0 -37.5773 1.15783 -0.437946 0.98651 0.0938329 -0.148729 0.0938329 0.280967 -0.135576 -0.148729 -0.135576 3.48613 
0 -5 1 0.672023 -23.6279 4.72542 0.128891 -0.432557 0.0409697 -0.432557 9.88091 1.36782 0.0409697 1.36782 3.17508 
-9 4 0 -37.79 18.182 -1.06219 1.38616 0.307092 -4.35245 0.307092 0.894428 -2.00835 -4.35245 -2.00835 27.176 
-8 -8 2 -33.3793 -33.5788 9.80514 1.54303 0.894971 0.165138 0.894971 2.09736 0.889855 0.165138 0.889855 1.25639 
-8 -5 0 -33.5916 -22.1445 -0.113875 0.915468 -0.0107155 -0.366957 -0.0107155 0.832047 0.0342001 -0.366957 0.0342001 0.503001 
-8 -1 0 -33.8065 -6.14997 -0.614051 0.820318 0.119089 -0.795833 0.119089 0.808392 0.371848 -0.795833 0.371848 6.90731 
-2 -7 0 -9.35622 -30.3285 1.9298 1.31565 -0.064808 -0.293321 -0.064808 0.792584 0.0423018 -0.293321 0.0423018 0.523168 
0 -12 1 -1.05624 -49.1004 5.26575 0.45129 -0.369457 -0.000541446 -0.369457 3.93759 -0.675958 -0.000541446 -0.675958 1.12248 
3 11 0 13.5232 44.7533 -3.1497 6.56905 5.70749 -17.8696 5.70749 21.6999 -31.9001 -17.8696 -31.9001 72.3899 
-3 -11 0 -14.091 -46.0507 -1.07904 9.24137 -1.09063 -73.1722 -1.09063 0.904703 10.0372 -73.1722 10.0372 627.291 
3 5 0 13.2808 21.1895 -1.65952 1.09396 1.14906 9.15847 1.14906 7.11382 61.4803 9.15847 61.4803 590.182 
-3 -5 0 -13.9154 -21.9513 -0.417399 0.710939 0.00860502 -0.49709 0.00860502 0.723464 0.0316362 -0.49709 0.0316362 45.2622 
-6 10 0 -25.9931 41.5751 -1.5289 0.980017 0.471568 8.26952 0.471568 1.59127 22.5578 8.26952 22.5578 654.469 
6 4 0 25.5185 17.2608 -1.32366 11.1083 -3.23243 73.9434 -3.23243 5.26602 -21.9568 73.9434 -21.9568 600.61 
-11 6 0 -45.8381 26.263 -1.5116 0.925288 -0.00444094 -0.446236 -0.00444094 0.875964 -1.70152 -0.446236 -1.70152 17.6524 
-11 9 0 -44.4837 36.8633 -0.0313759 8.54571 -7.01006 0.84828 -7.01006 16.9131 -5.29112 0.84828 -5.29112 2.42824 
1 11 0 5.85369 45.798 -3.38171 1.01725 0.227871 3.55746 0.227871 0.69891 -1.30089 3.55746 -1.30089 388.748 
-1 -11 0 -6.40881 -45.9771 1.99063 0.843424 0.0768996 -0.0809798 0.0768996 0.808095 0.0476368 -0.0809798 0.0476368 0.673106 
-7 -5 0 -30.3446 -22.5146 1.2017 0.876397 0.0613801 0.199241 0.0613801 0.976051 0.269686 0.199241 0.269686 0.353672 
-8 3 0 -33.5665 14.1903 -0.630902 1.20925 -0.0192531 -1.5165 -0.0192531 0.969747 -0.404066 -1.5165 -0.404066 6.23819 
-1 7 0 -5.86957 29.2993 -1.69432 1.73562 1.71434 15.3376 1.71434 3.11135 30.346 15.3376 30.346 402.948 
1 -7 0 5.24756 -30.5588 1.81535 0.667738 -0.0258218 0.168885 -0.0258218 0.629678 0.388951 0.168885 0.388951 1.55511 
3 0 1 14.1402 -0.311127 6.09271 0.702796 -0.00563217 0.0406403 -0.00563217 0.298906 0.0451883 0.0406403 0.0451883 0.808241 
-3 6 0 -13.9211 26.039 -1.20505 0.916385 0.14408 -1.64584 0.14408 0.790348 -1.41561 -1.64584 -1.41561 31.5066 
4 7 0 17.7644 29.7172 -2.23427 0.704794 -0.319313 1.58303 -0.319313 2.69785 -11.3011 1.58303 -11.3011 71.6187 
-6 8 0 -25.7996 34.0721 -1.3911 0.803889 -0.0584939 -1.58618 -0.0584939 0.834502 -0.393422 -1.58618 -0.393422 21.4079 
-4 8 0 -18.028 33.7504 -1.36212 0.883689 0.0268151 -1.39587 0.0268151 0.823274 1.03602 -1.39587 1.03602 11.3581 
-7 9 0 -30.1533 37.9723 -1.14677 0.889986 -0.13526 0.624568 -0.13526 1.01446 -0.338647 0.624568 -0.338647 4.72095 
-8 -12 0 -34.0904 -48.9418 -2.51919 1.03514 -1.4069 14.6816 -1.4069 10.6507 -74.9159 14.6816 -74.9159 720.953 
-2 1 0 -9.97927 6.11793 -0.746627 0.77703 0.0829307 2.70523 0.0829307 0.807676 3.48762 2.70523 3.48762 161.475 
5 1 0 21.2365 6.30471 -0.775345 2.36731 2.17926 8.31559 2.17926 3.54564 21.6807 8.31559 21.6807 612.27 
-5 -1 0 -22.0162 -5.9707 -0.606662 1.29103 0.0533129 -19.9284 0.0533129 0.775303 -2.26238 -19.9284 -2.26238 762.827 
3 4 0 13.5828 18.0997 -1.41742 0.869159 0.380237 8.37016 0.380237 1.32961 20.3509 8.37016 20.3509 540.707 
4 1 0 17.8048 6.24081 -0.757531 0.878503 -0.251144 -5.37492 -0.251144 1.22642 19.033 -5.37492 19.033 567.305 
-8 2 0 -33.9921 9.97907 -0.948655 1.50768 -0.227652 -23.3664 -0.227652 0.852824 8.05822 -23.3664 8.05822 726.188 
2 2 0 9.9505 10.079 -1.00559 0.699899 -0.0556906 -4.46386 -0.0556906 1.8645 24.8685 -4.46386 24.8685 558.167 
-2 -2 0 -10.2884 -10.0226 0.0773094 0.849389 0.046772 0.363966 0.046772 0.922629 0.0588154 0.363966 0.0588154 1.16632 
-5 10 0 -22.8629 40.6602 -1.3945 6.68449 -6.3165 -0.7246 -6.3165 14.0843 -2.46487 -0.7246 -2.46487 5.35003 
3 2 0 13.9069 10.2428 -0.982098 0.806317 -0.415817 -8.3917 -0.415817 2.00079 29.2419 -8.3917 29.2419 652.721 
-9 11 0 -36.6245 44.4882 1.06539 7.34198 -2.00184 0.371702 -2.00184 9.20055 -0.952497 0.371702 -0.952497 1.31426 
-5 -2 0 -21.923 -9.91143 -0.533576 0.849742 0.00351783 0.0170515 0.00351783 0.750733 -0.451867 0.0170515 -0.451867 13.0044 
-6 5 0 -25.9982 22.0044 -1.07948 0.853099 0.305686 8.73628 0.305686 1.63768 25.7337 8.73628 25.7337 743.634 
-6 -7 0 -26.0116 -30.0405 -0.795793 3.71581 1.68869 -42.2243 1.68869 1.53109 -22.1472 -42.2243 -22.1472 584.925 
8 2 0 33.8794 10.0287 -0.718489 6.10295 0.41092 -51.4747 0.41092 1.00178 -4.80482 -51.4747 -4.80482 473.871 
-11 -10 0 -47.3618 -41.6361 -0.38618 3.71292 -0.161227 0.454522 -0.161227 1.07922 -0.185311 0.454522 -0.185311 0.334061 
0 -5 0 0.0519121 -22.5395 1.22754 0.17962 -0.0672171 -0.0766071 -0.0672171 0.96852 0.471458 -0.0766071 0.471458 0.763777 
-3 2 0 -13.9581 9.92055 -0.800785 0.825248 0.232292 5.18101 0.232292 1.32539 13.5099 5.18101 13.5099 363.929 
-2 -12 0 -9.26031 -48.9083 0.707685 1.67939 -0.391376 -0.704754 -0.391376 3.64467 -0.294451 -0.704754 -0.294451 1.08808 
5 -2 0 21.661 -9.5935 1.81782 0.858393 -0.0275288 -0.0423686 -0.0275288 0.754445 0.442933 -0.0423686 0.442933 1.37971 
-4 2 0 -18.4372 10.2607 -0.372267 1.08091 0.0136368 1.23113 0.0136368 0.913906 -0.0889647 1.23113 -0.0889647 4.77341 
-7 4 0 -30.063 17.749 -0.33223 1.04887 -0.0860551 -0.0641355 -0.0860551 0.814721 0.0478289 -0.0641355 0.0478289 0.947993 
6 -3 1 25.6164 -13.1107 5.94675 1.58526 -0.750132 -0.303897 -0.750132 1.84635 0.565131 -0.303897 0.565131 1.0373 
-9 -11 0 -38.0383 -46.2003 -2.25913 1.6769 1.96955 -24.6586 1.96955 5.43546 -56.579 -24.6586 -56.579 683.281 
9 11 0 37.9268 46.0566 -2.75537 310.185 -137.316 229.989 -137.316 63.1514 -91.8512 229.989 -91.8512 232.168 
-5 2 0 -21.6742 9.72336 -0.250688 0.992219 -0.163474 -0.644863 -0.163474 0.961979 0.52707 -0.644863 0.52707 4.55101 
-5 -10 0 -22.0363 -42.0402 -1.54197 1.44019 2.36743 -22.6127 2.36743 8.77826 -76.3343 -22.6127 -76.3343 731.164 
3 -2 0 15.339 -11.321 2.2552 2.57423 -0.71569 0.182635 -0.71569 1.67171 0.308212 0.182635 0.308212 0.618673 
-7 3 0 -30.0666 14.3226 -0.555091 0.731175 0.0407012 0.325212 0.0407012 0.902091 -0.846778 0.325212 -0.846778 5.8697 
-12 -4 0 -49.304 -17.5602 -1.68154 9.54278 7.25112 -41.5163 7.25112 13.0908 -97.0877 -41.5163 -97.0877 828.115 
-5 3 0 -21.9625 13.9013 -0.83751 0.951808 0.597453 11.8704 0.597453 2.21417 31.7123 11.8704 31.7123 701.315 
5 -3 0 21.2602 -13.6243 2.3575 1.03886 0.250855 -0.358073 0.250855 2.04771 0.685791 -0.358073 0.685791 1.35831 
-9 6 0 -37.9789 25.9924 -1.27711 0.742739 -0.0590232 -1.93923 -0.0590232 0.816034 1.04307 -1.93923 1.04307 53.4758 
-4 3 0 -18.0537 13.93 -0.885716 0.835521 0.22765 7.88194 0.22765 1.54872 23.7246 7.88194 23.7246 671.045 
-3 3 0 -14.011 14.0565 -0.908578 0.714986 -0.0322016 -0.560538 -0.0322016 0.736183 0.342462 -0.560538 0.342462 25.8169 
3 -3 0 14.2753 -14.4023 1.8207 1.81513 -0.835624 -0.495201 -0.835624 1.19049 0.23254 -0.495201 0.23254 1.08387 
-8 4 0 -34.2306 18.4265 -0.669707 0.854586 -0.0943218 0.591666 -0.0943218 1.09684 -1.46806 0.591666 -1.46806 7.36323 
3 -5 1 13.8073 -21.3389 6.36435 1.13387 0.353645 0.163713 0.353645 1.24592 -0.114099 0.163713 -0.114099 1.23804 
-9 -8 1 -38.7517 -33.9286 6.27516 2.71062 -0.41166 0.841254 -0.41166 1.00035 -0.88411 0.841254 -0.88411 2.21953 
2 8 0 10.2063 33.2759 -2.52043 2.39062 1.04283 -25.7828 1.04283 1.90742 -19.0065 -25.7828 -19.0065 403.86 
-5 4 0 -21.9928 17.9704 -0.992043 0.803192 0.161939 5.58732 0.161939 1.58418 24.6011 5.58732 24.6011 725.516 
-8 -8 0 -34.0149 -33.3534 1.35553 0.868907 0.459791 -0.0968121 0.459791 1.75648 -0.39417 -0.0968121 -0.39417 0.430301 
9 4 0 38.3956 17.8703 -0.513455 3.95583 -2.5073 -26.7546 -2.5073 3.07782 22.8196 -26.7546 22.8196 225.407 
-8 5 0 -34.2591 21.7471 -0.659492 0.991626 0.198346 0.789007 0.198346 0.933523 0.788926 0.789007 0.788926 6.27411 
-2 2 0 -10.103 10.0001 -0.842265 0.744398 0.0397242 0.912687 0.0397242 0.934193 1.93025 0.912687 1.93025 20.8505 
-1 -8 0 -6.6304 -34.0091 1.71518 1.05718 0.0424031 -0.000355597 0.0424031 0.769771 -0.0175407 -0.000355597 -0.0175407 0.669933 
2 -2 0 9.09502 -9.44596 0.457273 5.64304 -1.28383 -6.35811 -1.28383 1.34683 1.02685 -6.35811 1.02685 12.9309 
0 -12 0 -0.860442 -49.1413 2.08162 0.264972 0.0383144 0.0578405 0.0383144 2.83552 0.111535 0.0578405 0.111535 0.80958 
2 -4 0 10.5036 -18.3353 1.88328 0.983363 -0.326448 -0.221441 -0.326448 1.34633 0.377721 -0.221441 0.377721 0.795123 
-1 -12 0 -6.36521 -48.9554 1.98837 1.18619 0.571069 -0.108122 0.571069 3.41582 -0.0556027 -0.108122 -0.0556027 0.72375 
-10 -9 0 -41.2401 -37.467 3.15591 1.69843 0.726962 0.362916 0.726962 1.36946 0.534767 0.362916 0.534767 1.52934 
-9 3 0 -38.142 13.9805 -1.15576 2.04688 -0.582634 -30.6162 -0.582634 1.00266 12.8675 -30.6162 12.8675 715.836 
-2 -8 0 -9.31507 -34.1088 1.66682 1.3681 -0.0308747 -0.167939 -0.0308747 0.709547 -0.0247865 -0.167939 -0.0247865 0.536481 
-5 -6 0 -21.8294 -26.2373 -0.359563 0.717173 -0.0540123 -0.367133 -0.0540123 1.0205 1.35282 -0.367133 1.35282 8.52648 
-4 7 0 -18.0314 29.9546 -1.40382 0.747312 -0.133985 -5.11594 -0.133985 1.20633 17.8894 -5.11594 17.8894 709.369 
-3 -6 0 -14.0218 -25.994 -0.409108 0.685781 -0.0153331 -0.649805 -0.0153331 0.771213 -0.0948336 -0.649805 -0.0948336 24.2124 
-6 -5 0 -25.937 -22.057 -0.519216 0.84404 0.0363039 -0.0442103 0.0363039 0.866385 0.702358 -0.0442103 0.702358 8.67578 
-4 -8 0 -17.9881 -34.1229 -0.750942 0.950604 0.799357 -11.8815 0.799357 3.59097 -44.6698 -11.8815 -44.6698 703.171 
4 -2 0 17.6993 -9.92174 1.71685 1.08444 -0.236271 -0.318183 -0.236271 0.888976 0.147673 -0.318183 0.147673 0.90194 
-4 -5 0 -17.9856 -22.0095 -0.546083 1.16276 0.0451412 -17.5269 0.0451412 0.758771 -1.83971 -17.5269 -1.83971 751.216 
-10 2 0 -42.0745 10.0202 -0.715564 0.989762 0.138659 0.295575 0.138659 0.749093 0.0358972 0.295575 0.0358972 3.21324 
-8 -6 1 -33.528 -25.7772 5.66507 0.732815 -0.0404087 -0.0386987 -0.0404087 0.839502 -0.246318 -0.0386987 -0.246318 1.04963 
-9 -5 1 -37.5217 -22.343 6.28943 0.926213 -0.187067 -0.198162 -0.187067 0.866825 -0.460936 -0.198162 -0.460936 2.05735 
-10 -4 0 -42.2665 -17.2508 -1.18091 2.54618 2.50766 -32.5106 2.50766 5.71427 -52.7773 -32.5106 -52.7773 608.413 
-6 -4 0 -26.0023 -18.0113 -0.700393 0.75144 -0.0477743 -2.7297 -0.0477743 1.0003 13.2369 -2.7297 13.2369 724.964 
-5 -4 0 -22.0059 -18.0015 -0.626618 1.19633 -0.060635 -18.2602 -0.060635 0.752909 2.25928 -18.2602 2.25928 740.467 
-10 -9 1 -41.6487 -37.1159 5.74353 1.20236 0.510601 0.194034 0.510601 1.87341 -0.17007 0.194034 -0.17007 0.659645 
-2 -11 1 -8.627 -45.1111 4.29947 11.5698 1.10806 1.7411 1.10806 0.626759 -0.30763 1.7411 -0.30763 21.3702 
-8 -3 0 -33.5836 -13.3769 -0.658705 1.39501 0.786547 -6.06857 0.786547 1.23851 -6.28248 -6.06857 -6.28248 159.411 
-6 -3 0 -26.4224 -13.5903 -0.198782 1.03876 0.0173833 0.728729 0.0173833 0.968447 -0.623248 0.728729 -0.623248 4.02236 
-6 -1 0 -25.9942 -5.9845 -0.714219 1.10999 -0.0470463 -16.3578 -0.0470463 0.774766 1.30228 -16.3578 1.30228 736.808 
-2 -1 0 -10.0754 -6.0088 -0.400701 0.824052 0.0191491 1.86221 0.0191491 0.973399 11.5655 1.86221 11.5655 802.902 
0 -1 0 -0.407052 -5.94684 -0.30627 0.284836 -0.119976 -4.33964 -0.119976 0.967723 6.29526 -4.33964 6.29526 172.843 
-6 0 0 -25.9373 0.197217 -0.696448 0.846927 0.0400194 -4.46698 0.0400194 0.196142 -0.810289 -4.46698 -0.810289 191.797 
-5 0 0 -21.9978 -0.0490826 -0.568035 0.962928 0.05778 -5.13615 0.05778 0.205258 -1.27512 -5.13615 -1.27512 117.51 
-5 -8 0 -21.9961 -33.9849 -0.813592 1.23063 1.31641 -18.787 1.31641 4.36648 -51.5617 -18.787 -51.5617 747.237 
0 3 0 -0.289894 13.9555 -1.15555 0.228567 0.00771868 0.413966 0.00771868 0.767957 0.353138 0.413966 0.353138 4.7778 
-3 0 0 -13.9949 0.0198115 -0.508713 0.7754 0.0480771 2.40198 0.0480771 0.288935 4.32817 2.40198 4.32817 190.066 
-1 0 0 -6.0064 -0.0252865 -0.593356 0.76114 0.0110887 0.37039 0.0110887 0.382994 6.04906 0.37039 6.04906 188.986 
4 0 0 17.3732 0.481037 0.225016 0.861256 -0.160155 0.264009 -0.160155 0.403446 0.219539 0.264009 0.219539 0.763617 
5 0 0 21.6437 1.46349 -0.612391 0.834254 0.321828 -5.06658 0.321828 0.622615 1.72951 -5.06658 1.72951 329.041 
12 0 0 48.4651 1.85928 1.8471 131.414 134.478 28.908 134.478 166.609 36.6476 28.908 36.6476 8.39098 
-12 -10 1 -49.2244 -41.2272 5.55974 5.28044 -0.387845 0.740774 -0.387845 1.95935 -0.553728 0.740774 -0.553728 1.13045 
-6 1 0 -26.0157 6.04695 -0.124842 0.846591 -0.284763 0.0442031 -0.284763 0.99342 -0.0350183 0.0442031 -0.0350183 3.38907 
-12 -9 0 -49.0285 -38.7048 0.446649 2.99419 0.414798 0.120489 0.414798 1.20332 0.373214 0.120489 0.373214 0.376502 
-5 1 0 -22.2679 6.18152 -0.404668 0.762922 0.0634086 0.778143 0.0634086 0.885396 -1.1979 0.778143 -1.1979 11.4366 
5 -1 0 21.3516 -7.30817 1.4889 1.80304 0.240007 -0.217375 0.240007 4.52081 0.801732 -0.217375 0.801732 0.755363 
-3 1 0 -13.9923 6.01047 -0.670841 1.08921 0.530738 16.0049 0.530738 1.55941 24.1597 16.0049 24.1597 739.462 
3 -1 0 13.8589 -5.65555 1.78878 1.37741 -0.528597 0.0921279 -0.528597 1.21463 -0.198882 0.0921279 -0.198882 0.320123 
-4 4 0 -17.9025 18.0858 -0.944831 0.747962 -0.058419 -0.759773 -0.058419 0.747619 -0.250096 -0.759773 -0.250096 12.2965 
4 -4 0 17.7002 -18.0056 3.18212 48.2711 36.8933 -7.80533 36.8933 29.0148 -6.75308 -7.80533 -6.75308 3.32324 
-7 4 1 -29.8923 18.0038 4.47061 2951.74 635.91 243.457 635.91 359.885 57.7281 243.457 57.7281 30.1476 
10 1 0 41.0559 6.24019 -0.457399 45.7958 -11.3924 -98.698 -11.3924 5.08994 16.0164 -98.698 16.0164 265.173 
10 4 0 41.759 17.6733 -0.140523 4.06624 -2.2827 -35.9138 -2.2827 1.7955 22.2711 -35.9138 22.2711 376.642 
-7 -6 1 -30.6085 -25.4834 5.84853 1.24821 0.1126 -0.0864195 0.1126 0.974693 0.240076 -0.0864195 0.240076 0.738766 
4 -3 0 17.1474 -13.7316 2.35494 1.02434 -0.0667881 -0.0137832 -0.0667881 1.09618 0.131844 -0.0137832 0.131844 1.10808 
10 5 0 42.1436 21.7783 -0.396868 5.57134 -5.84746 -54.1681 -5.84746 8.31713 64.0784 -54.1681 64.0784 611.635 
-5 9 0 -21.827 37.5181 -1.51417 0.834002 0.353324 0.43285 0.353324 1.04383 1.76517 0.43285 1.76517 11.834 
-12 8 0 -48.9472 33.0839 -1.42502 2.87901 -0.725869 -28.6477 -0.725869 4.13348 -9.9894 -28.6477 -9.9894 2113.66 
-7 12 0 -29.6222 48.8609 0.94492 2.85255 -0.412046 -0.310366 -0.412046 7.17866 -1.36775 -0.310366 -1.36775 2.07774 
-7 -1 0 -30.484 -6.23015 -0.51342 1.11808 0.0345482 1.26303 0.0345482 1.01067 0.415439 1.26303 0.415439 7.14676 
-9 -8 0 -38.0182 -33.5262 1.60074 1.89307 0.618615 -1.162 0.618615 1.51709 -1.32352 -1.162 -1.32352 2.40317 
-10 4 0 -41.9593 18.0258 -1.39178 2.0609 -0.52844 -30.6786 -0.52844 0.916643 12.1861 -30.6786 12.1861 700.953 
0 6 1 1.60452 25.2998 5.80865 939.783 0.129465 7.71858 0.129465 939.582 -15.7429 7.71858 -15.7429 1.26738 
-1 -6 0 -5.70666 -26.4232 2.03601 0.812878 -0.265573 -0.0861269 -0.265573 0.888966 0.0880109 -0.0861269 0.0880109 0.48315 
-1 -4 0 -6.02089 -18.0411 -0.187456 1.64548 -0.657244 -13.8642 -0.657244 1.20497 9.60248 -13.8642 9.60248 212.558 
0 -4 0 -0.916533 -17.9814 0.0870961 0.473629 -0.114038 -7.28012 -0.114038 0.729798 3.97058 -7.28012 3.97058 188.646 
-12 -11 0 -49.3439 -45.2545 -0.500379 6.48465 -1.05531 0.569457 -1.05531 1.70824 -0.34988 0.569457 -0.34988 0.360285 
-2 -3 0 -10.0839 -14.0545 -0.315419 0.867642 -0.0424972 -4.7102 -0.0424972 0.755245 2.8312 -4.7102 2.8312 241.153 
-2 3 0 -9.99498 14.0182 -1.01213 1.17685 0.304274 17.2918 0.304274 1.01542 13.9064 17.2918 13.9064 737.05 
-12 -6 1 -49.3948 -26.8574 5.53774 4.26277 1.47071 0.992271 1.47071 5.87888 1.15992 0.992271 1.15992 1.04278 
-9 -7 2 -37.6188 -30.4519 9.78016 1.66065 -0.177498 0.401105 -0.177498 0.784443 0.0181738 0.401105 0.0181738 0.850094 
-1 -2 0 -5.99904 -9.96188 -0.308315 0.875389 -0.242119 -9.06 -0.242119 1.14478 17.0626 -9.06 17.0626 721.095 
-3 4 0 -13.9741 17.9585 -1.02289 0.773898 0.00698688 0.0853225 0.00698688 0.828865 1.71757 0.0853225 1.71757 29.1045 
4 -1 0 17.9569 -7.04934 1.02771 0.838032 0.152418 0.0330112 0.152418 1.18951 -0.0445581 0.0330112 -0.0445581 0.461485 
1 -11 0 6.18344 -45.9537 2.10469 1.79257 0.0225158 0.0506532 0.0225158 0.744276 0.452819 0.0506532 0.452819 2.9207 
2 -1 0 9.71479 -6.20743 0.0940056 0.944065 0.579821 6.78716 0.579821 2.56875 18.7803 6.78716 18.7803 192.858 
10 3 0 40.7017 14.2813 0.53507 0.819633 0.12459 0.449908 0.12459 1.91294 -0.787466 0.449908 -0.787466 3.00738 
0 -8 0 -1.00843 -33.9098 2.13311 0.232069 0.0250773 -0.0750672 0.0250773 0.869226 0.0141158 -0.0750672 0.0141158 0.801587 
1 -4 0 6.34776 -18.5781 0.516091 0.995923 0.0985581 -0.502648 0.0985581 0.879941 0.352686 -0.502648 0.352686 2.88425 
10 0 0 41.1329 -2.7839 1.08148 2.55921 0.553593 -0.445089 0.553593 0.392979 0.0165772 -0.445089 0.0165772 0.634782 
-9 -2 0 -37.5107 -9.37243 -0.707836 1.55778 0.53046 -22.0622 0.53046 1.15443 -8.63488 -22.0622 -8.63488 666.799 
0 -10 1 -1.68298 -41.5278 4.79197 0.289183 -0.0142437 -0.224323 -0.0142437 0.939701 -0.4223 -0.224323 -0.4223 1.94347 
-10 0 0 -41.4442 1.67764 -0.797568 1.37466 0.187273 1.18212 0.187273 0.242309 0.242043 1.18212 0.242043 9.61131 
1 -6 0 5.71345 -25.2333 1.89599 1.54152 0.386133 -0.156854 0.386133 1.08143 0.167874 -0.156854 0.167874 1.13802 
10 -1 0 41.7871 -5.97448 1.79244 13.883 1.66533 2.30949 1.66533 0.971944 -0.576839 2.30949 -0.576839 2.53091 
1 -10 0 6.20756 -41.7345 2.01981 1.12726 -0.00894601 0.151802 -0.00894601 0.856164 -1.09945 0.151802 -1.09945 3.30996 
1 -9 0 6.18967 -37.8031 2.20822 0.660981 -0.127847 -0.0744912 -0.127847 0.753389 -0.00217187 -0.0744912 -0.00217187 1.23246 
0 12 0 -2.36881 48.7917 -3.39965 0.519583 0.715657 -2.18534 0.715657 7.33287 24.698 -2.18534 24.698 328.396 
1 -8 0 6.05418 -33.8347 2.49937 0.528424 0.0853712 -0.111152 0.0853712 0.671716 -0.250221 -0.111152 -0.250221 1.37872 
6 -3 0 25.9299 -13.0643 2.43114 2.56396 -0.989904 -0.824423 -0.989904 1.02206 0.466656 -0.824423 0.466656 1.20299 
-8 8 0 -34.1223 34.4452 -0.938231 0.921415 -0.0264144 0.285788 -0.0264144 1.11444 -0.767925 0.285788 -0.767925 3.27952 
8 6 0 33.1079 27.2358 1.01301 931.11 -237.237 632.514 -237.237 83.643 -173.246 632.514 -173.246 494.269 
-2 -4 0 -10.0578 -17.97 -0.311364 0.729031 0.0214877 -0.992075 0.0214877 0.770801 -1.7156 -0.992075 -1.7156 55.064 
1 -12 0 6.08052 -48.8707 2.9677 1.41789 -0.151272 -0.329616 -0.151272 1.75373 -0.742644 -0.329616 -0.742644 2.75739 
-10 9 0 -42.5984 37.6447 0.907211 1.51971 -0.00826633 0.566266 -0.00826633 2.54229 -0.485492 0.566266 -0.485492 1.17243 
-12 -10 0 -48.8923 -42.1531 0.598632 3.44145 -0.448253 0.160388 -0.448253 0.909936 -0.0836383 0.160388 -0.0836383 0.282408 
2 -8 0 11.2182 -34.7748 2.14026 41.8041 17.7742 -10.5962 17.7742 15.1975 -6.16987 -10.5962 -6.16987 10.7577 
5 -4 0 21.4036 -17.4313 2.23056 0.902082 -0.938166 0.0125215 -0.938166 1.6842 0.210767 0.0125215 0.210767 0.890519 
3 0 2 14.5453 -0.61495 9.15527 0.984332 -0.108397 -0.174474 -0.108397 0.412099 0.00267183 -0.174474 0.00267183 1.53113 
2 -10 0 8.71653 -41.6428 2.20966 75.2545 20.8353 -3.85935 20.8353 6.78395 -0.20825 -3.85935 -0.20825 11.1752 
2 -7 0 10.4929 -29.6539 2.93978 1.03654 -0.431864 0.761824 -0.431864 1.2636 -0.382351 0.761824 -0.382351 2.08084 
-4 -7 0 -18.0628 -29.9389 -0.487287 0.739817 0.0666425 -0.448845 0.0666425 2.22218 -32.0117 -0.448845 -32.0117 688.298 
-1 -9 1 -5.89938 -38.1579 4.52984 0.856994 0.198069 -0.596828 0.198069 0.81542 -0.247462 -0.596828 -0.247462 3.20025 
-12 -6 0 -48.6645 -26.1816 3.36127 5.23371 1.38045 2.95462 1.38045 1.8914 1.70031 2.95462 1.70031 6.61762 
-11 -9 1 -45.0859 -37.1948 7.09496 5.38529 -0.394722 2.93579 -0.394722 1.7875 0.346061 2.93579 0.346061 3.4449 
3 0 0 14.277 -0.797216 1.02024 0.966569 0.0281434 0.0489829 0.0281434 0.289408 0.0476645 0.0489829 0.0476645 0.44054 
0 -3 0 -0.399514 -14.0769 -0.0482402 0.748722 -0.457781 -8.96903 -0.457781 1.17372 7.4414 -8.96903 7.4414 150.48 
-9 -10 2 -38.3488 -40.566 10.0999 2.90625 0.3897 -1.26571 0.3897 11.8044 0.714998 -1.26571 0.714998 1.20082 
-1 -12 1 -6.36892 -48.9897 4.83863 0.818318 0.182366 0.602376 0.182366 5.13644 0.27766 0.602376 0.27766 4.8194 
-2 -12 1 -8.24916 -48.609 4.78387 37.2601 22.0389 10.7777 22.0389 64.0464 49.2546 10.7777 49.2546 42.2212 
-12 -11 1 -49.9179 -44.8338 4.29267 280.642 5.64483 -0.0957132 5.64483 3.20884 0.156081 -0.0957132 0.156081 13.7634 
-3 -2 0 -13.9085 -10.0115 -0.414673 1.45784 0.207312 -21.4787 0.207312 0.821489 -5.80527 -21.4787 -5.80527 756.41 
-2 -10 1 -8.90313 -42.4398 4.39836 3.89816 -0.297462 -1.34401 -0.297462 0.8005 0.567186 -1.34401 0.567186 10.5922 
-1 -10 1 -6.48352 -42.5128 5.15598 1.23353 0.338401 0.197729 0.338401 1.48398 0.572999 0.197729 0.572999 1.22111 
-10 -1 0 -40.9919 -6.64436 -0.81968 3.4 0.168626 -30.7379 0.168626 1.19048 -12.401 -30.7379 -12.401 488.802 
-12 -9 1 -49.3677 -39.6342 5.15182 6.2824 2.65883 1.35858 2.65883 15.101 2.43164 1.35858 2.43164 2.22396 
-2 -9 1 -9.43019 -37.8857 4.54761 2.53419 -0.128586 -1.38491 -0.128586 1.9848 0.101431 -1.38491 0.101431 8.00192 
-9 -9 1 -37.9745 -37.159 5.36657 0.97223 0.268009 -0.258033 0.268009 1.97725 0.291788 -0.258033 0.291788 0.984295 
-10 -8 1 -42.0855 -34.0821 5.67652 0.872842 0.28489 0.118167 0.28489 0.943243 0.0437364 0.118167 0.0437364 0.894563 
-2 -8 1 -9.01951 -33.8828 4.70459 3.01531 -0.369237 -1.21387 -0.369237 1.14203 0.162179 -1.21387 0.162179 4.68671 
0 -8 1 -0.595583 -33.7697 5.11982 0.243565 -0.0098175 0.026228 -0.0098175 0.652705 -0.128435 0.026228 -0.128435 0.946218 
9 6 0 39.0944 25.6383 -1.25743 39.2614 -8.55686 -64.7494 -8.55686 4.5875 37.0216 -64.7494 37.0216 328.061 
-4 -3 0 -18.0555 -14.0439 -0.507239 0.727783 -0.0429909 -0.0271245 -0.0429909 0.773355 1.76179 -0.0271245 1.76179 58.5615 
1 -8 1 5.96 -34.215 5.69723 0.999905 -0.795527 -0.106469 -0.795527 1.4701 0.353197 -0.106469 0.353197 0.745785 
-6 -6 0 -25.7618 -25.8645 -0.632398 4.57214 1.32035 -51.2917 1.32035 1.22547 -18.4247 -51.2917 -18.4247 690.557 
6 6 0 25.6795 26.2978 -1.65501 2.94357 -1.67482 -3.58944 -1.67482 1.66195 2.46019 -3.58944 2.46019 14.3099 
-9 -7 1 -37.5389 -30.3775 5.90059 1.1971 0.00848359 0.0184879 0.00848359 0.992417 -0.00510782 0.0184879 -0.00510782 0.895147 
-8 -7 1 -33.7745 -29.9235 6.02837 1.00033 -0.0160019 0.0252895 -0.0160019 0.742639 0.00659219 0.0252895 0.00659219 0.705696 
-2 -7 1 -8.73643 -30.5421 4.63005 4.36618 -0.831434 -1.53902 -0.831434 1.0684 0.823791 -1.53902 0.823791 5.33122 
-1 -7 1 -6.2688 -29.7732 5.19533 0.970109 -0.292929 -0.251679 -0.292929 0.807948 0.00934773 -0.251679 0.00934773 1.48704 
-10 -8 2 -42.7613 -33.9708 9.12373 2.44634 -1.03962 -2.30052 -1.03962 1.31043 0.839217 -2.30052 0.839217 4.53369 
0 -7 1 -1.3393 -29.686 5.76211 0.270559 0.100787 -0.163418 0.100787 0.663454 -0.112281 -0.163418 -0.112281 0.904888 
1 -7 1 5.39939 -29.9179 5.99319 1.18004 0.169841 0.453084 0.169841 1.32003 -0.514045 0.453084 -0.514045 0.879803 
2 -7 1 9.92698 -29.8772 4.61301 2.29468 0.19306 -9.47239 0.19306 0.914465 -1.27571 -9.47239 -1.27571 46.6258 
-11 -7 1 -45.8186 -28.5725 5.42049 1.2662 0.74664 0.442784 0.74664 3.03258 1.53567 0.442784 1.53567 2.73522 
-12 -5 2 -48.4791 -21.073 10.5767 38.2313 5.13754 -18.0533 5.13754 4.14512 -2.37356 -18.0533 -2.37356 11.5551 
-9 -6 1 -37.6072 -26.0305 5.91464 1.33423 -0.453621 -0.223391 -0.453621 0.766897 0.0137647 -0.223391 0.0137647 0.95219 
1 -6 1 6.34019 -25.4539 6.15418 1.71551 -0.273255 -0.218997 -0.273255 1.21018 0.418 -0.218997 0.418 0.847969 
-2 -6 1 -8.19595 -27.7199 4.59887 36.4118 -8.78868 -6.99066 -8.78868 17.229 4.58386 -6.99066 4.58386 5.78416 
-1 -6 1 -5.14119 -26.5611 5.26723 1.76878 -0.813705 -0.791084 -0.813705 1.2425 0.642237 -0.791084 0.642237 1.65808 
0 -6 1 -1.76181 -26.1423 5.50477 0.276266 -0.0735109 0.0476587 -0.0735109 0.879015 0.204644 0.0476587 0.204644 1.15633 
-7 -7 1 -30.67 -30.24 6.18151 1.28296 -0.514357 -0.535472 -0.514357 0.608217 0.175702 -0.535472 0.175702 0.762898 
-7 -5 1 -30.8258 -23.1745 5.33689 1.99484 1.0991 0.401611 1.0991 4.28653 -0.208525 0.401611 -0.208525 1.61066 
2 -5 1 9.03227 -21.9895 5.32539 1.20279 0.029323 -0.0237446 0.029323 0.8962 0.00137241 -0.0237446 0.00137241 1.54797 
-11 3 0 -46.0177 14.3427 -1.25061 0.820763 0.015185 0.0507909 0.015185 0.876763 -0.889725 0.0507909 -0.889725 7.31064 
2 -4 1 9.30497 -19.3318 4.45702 1.01509 -2.40705 0.171745 -2.40705 12.7021 0.763071 0.171745 0.763071 8.93715 
3 -4 1 14.2161 -17.6456 5.32963 1.72073 -0.425427 -0.627508 -0.425427 0.685795 0.383538 -0.627508 0.383538 1.63747 
4 -4 1 17.7554 -17.3266 5.70916 0.884941 -0.32199 -0.241514 -0.32199 2.82007 -0.432319 -0.241514 -0.432319 0.963903 
3 -3 1 14.6019 -14.259 5.42367 1.71599 -0.434228 -0.526083 -0.434228 1.23638 0.360317 -0.526083 0.360317 1.32468 
-1 -5 1 -4.44469 -23.7848 4.80816 19.6063 2.90062 -5.53304 2.90062 56.7036 -2.44709 -5.53304 -2.44709 6.07132 
5 -3 1 21.3844 -14.3145 5.69938 1.09568 -0.155598 0.277849 -0.155598 1.29337 0.159604 0.277849 0.159604 1.0311 
3 -2 1 15.7501 -9.43377 5.40338 32.2633 -3.95831 -0.621985 -3.95831 1.01045 -0.338902 -0.621985 -0.338902 2.36894 
-6 6 0 -25.8986 25.9325 -1.09542 0.810937 0.0446969 -0.508332 0.0446969 0.908632 0.364488 -0.508332 0.364488 7.84012 
4 -2 1 18.0338 -9.90879 5.94403 0.872721 -0.163152 -0.203191 -0.163152 0.690756 0.108142 -0.203191 0.108142 0.831356 
5 -2 1 21.299 -10.3738 5.86324 0.745217 -0.00294023 -0.155003 -0.00294023 0.670138 -0.0504651 -0.155003 -0.0504651 0.834468 
-2 -2 1 -11.3874 -10.0182 6.01481 712.218 -225.535 14.4386 -225.535 379.201 -12.6032 14.4386 -12.6032 1.32941 
0 11 0 0.758306 45.9892 -3.03595 0.565892 0.623735 -0.125837 0.623735 2.16947 -0.568561 -0.125837 -0.568561 1.88164 
-10 -5 1 -42.2209 -22.2329 5.10335 4.26821 -0.835828 1.7412 -0.835828 1.00615 -0.127233 1.7412 -0.127233 1.75778 
4 -1 1 18.3211 -6.96354 6.06237 0.84753 0.247111 -0.191669 0.247111 1.6948 -0.0637221 -0.191669 -0.0637221 1.2391 
3 -1 1 13.7261 -4.83386 5.41753 1.34789 0.457121 -0.627289 0.457121 2.49003 -0.433303 -0.627289 -0.433303 1.44567 
4 2 0 17.3283 9.32392 -0.888527 1.34056 -0.207122 -9.89793 -0.207122 3.54059 44.3823 -9.89793 44.3823 803.498 
4 -8 0 16.3996 -34.7712 2.30398 77.5102 -35.0638 0.704576 -35.0638 37.1285 -3.8142 0.704576 -3.8142 2.58696 
4 0 1 17.2992 -1.01288 5.87544 0.88242 0.219232 -0.141898 0.219232 0.365355 -0.144006 -0.141898 -0.144006 0.938898 
1 9 0 6.21288 37.6116 -2.89776 2.38173 0.529731 -14.2879 0.529731 5.05551 37.9022 -14.2879 37.9022 510.621 
-1 -9 0 -6.65061 -37.9482 1.84774 1.02052 0.0647793 -0.0861186 0.0647793 0.766385 -0.0189472 -0.0861186 -0.0189472 0.607583 
