-4 -16 3 -18.0204 -65.9596 12.5448 6.41199 2.63652 0.28305 2.63652 12.4064 3.68851 0.28305 3.68851 9.10972 
-4 -17 2 -18.3905 -68.4264 8.70939 1.89687 -2.08395 -0.907129 -2.08395 31.3114 -3.18438 -0.907129 -3.18438 4.22033 
-3 -17 2 -13.3542 -68.6308 9.41547 2.63823 0.284429 -0.193055 0.284429 4.69687 -0.692029 -0.193055 -0.692029 1.14597 
0 -18 2 2.30415 -73.0388 9.29257 26.7673 111.843 0.0856964 111.843 530.89 -1.1811 0.0856964 -1.1811 1.03542 
-1 -19 2 -7.80648 -77.4938 10.4663 48.1882 3.89477 0.541857 3.89477 5.72563 1.15474 0.541857 1.15474 1.08698 
0 -13 1 -1.33877 -53.8434 4.58135 0.870567 -1.31909 2.71788 -1.31909 3.33838 -5.26289 2.71788 -5.26289 15.2624 
-5 -14 1 -21.3624 -58.1476 4.34635 64.3553 -36.3419 -3.43294 -36.3419 39.9782 -1.46543 -3.43294 -1.46543 14.3292 
-2 -14 1 -8.95961 -57.892 4.56459 2.89404 0.692216 -0.79115 0.692216 0.876897 -0.146017 -0.79115 -0.146017 5.37991 
-10 -15 1 -40.1125 -61.6162 4.9852 1340.94 747.008 -262.171 747.008 502.948 -179.625 -262.171 -179.625 67.8898 
-1 -15 1 -7.14075 -61.587 4.37238 3.34546 0.729061 -3.101 0.729061 0.839903 -1.35389 -3.101 -1.35389 9.46088 
-9 -16 1 -38.6804 -65.941 5.13805 4.08379 -4.10228 -1.37356 -4.10228 4.92346 1.92406 -1.37356 1.92406 2.17515 
-1 -16 1 -4.92123 -66.7451 4.64082 70.692 -44.3415 81.4825 -44.3415 75.7026 -72.4885 81.4825 -72.4885 107.246 
-3 -16 1 -13.8852 -66.9145 5.80352 0.871557 0.522708 -0.0441222 0.522708 2.12685 0.00935393 -0.0441222 0.00935393 0.761894 
-2 -18 2 -10.7533 -73.1778 9.81352 1.58575 0.464393 0.574938 0.464393 2.26235 -0.0254394 0.574938 -0.0254394 0.962719 
-4 -16 1 -18.1948 -65.9573 5.96408 0.918706 -0.286067 -0.0223775 -0.286067 1.05474 0.0281701 -0.0223775 0.0281701 0.747419 
-9 -17 1 -39.661 -68.1237 5.10209 47.8522 25.8593 20.0681 25.8593 188.146 12.5792 20.0681 12.5792 9.80732 
-10 -17 1 -40.7319 -68.5707 4.47878 19.7229 2.61018 11.5893 2.61018 14.2483 7.39499 11.5893 7.39499 30.4313 
-4 -17 1 -18.5266 -68.6833 5.74595 1.54335 0.451844 0.113022 0.451844 5.32921 -0.115982 0.113022 -0.115982 0.795203 
-3 -17 1 -13.6892 -69.204 5.9106 1.33157 0.0962541 -0.0307418 0.0962541 1.26637 -0.2564 -0.0307418 -0.2564 0.763996 
-3 -18 1 -12.6375 -73.8112 5.52011 9.58324 0.823498 -1.31388 0.823498 0.92533 -0.124853 -1.31388 -0.124853 1.20269 
-10 -16 1 -40.6937 -66.7592 4.93277 4.14448 -0.134347 -1.13782 -0.134347 2.2887 0.412869 -1.13782 0.412869 2.04837 
-1 -19 1 -7.4682 -77.8674 5.53819 4.78018 0.122745 -0.761935 0.122745 0.914553 -0.21194 -0.761935 -0.21194 1.23668 
-2 -20 1 -9.05396 -80.2826 4.47149 15.3148 44.4277 -18.6809 44.4277 242.712 -77.2986 -18.6809 -77.2986 34.2602 
1 -12 0 4.56806 -50.7877 1.87197 1.94662 0.1433 -0.145587 0.1433 5.93225 1.63968 -0.145587 1.63968 1.30309 
-1 -12 0 -5.70515 -51.0553 2.45213 1.23625 -0.699389 0.0151845 -0.699389 3.78493 0.360247 0.0151845 0.360247 0.982778 
0 -13 0 -0.321906 -53.5963 1.60197 0.173132 -0.009909 0.0921433 -0.009909 1.1076 0.29505 0.0921433 0.29505 0.907053 
1 -13 0 5.10476 -54.4183 1.86915 1.93498 -0.995647 0.960882 -0.995647 1.38835 -0.658522 0.960882 -0.658522 0.988377 
-2 -13 0 -9.93774 -53.8387 1.38852 1.1598 -0.0465756 -0.23573 -0.0465756 0.774629 0.0123865 -0.23573 0.0123865 0.560875 
-8 -16 1 -35.498 -64.4605 5.05299 23.3648 2.33857 3.87647 2.33857 7.32563 -0.579319 3.87647 -0.579319 2.26259 
-1 -14 0 -6.90921 -57.5646 1.62487 1.33829 -0.0874357 0.0439534 -0.0874357 0.925102 0.00562048 0.0439534 0.00562048 0.484058 
-2 -19 1 -9.13917 -78.3959 5.88058 3.15349 0.129123 -0.213052 0.129123 0.969387 -0.0746015 -0.213052 -0.0746015 0.724482 
0 -17 0 -1.29765 -71.0289 0.232659 1.21056 11.143 1.95325 11.143 148.986 20.4723 1.95325 20.4723 3.75936 
-1 -19 0 -7.34419 -78.3067 1.75438 1.58748 -0.319574 -0.0959544 -0.319574 0.996415 -0.285916 -0.0959544 -0.285916 0.490435 
-1 -20 0 -7.62114 -80.5722 1.55233 25.646 -5.61072 -1.47884 -5.61072 14.4573 -0.971515 -1.47884 -0.971515 0.596758 
-3 -13 0 -14.0289 -53.8694 -1.21233 1.20957 -0.0556287 -2.73768 -0.0556287 0.857777 -0.899507 -2.73768 -0.899507 19.5094 
-2 -15 0 -9.75404 -61.8032 0.851001 1.25945 0.136463 -0.312313 0.136463 0.88471 0.00236031 -0.312313 0.00236031 0.477378 
-4 -15 1 -17.5343 -63.9335 5.16856 0.570693 -1.63209 0.12022 -1.63209 471.984 -11.8312 0.12022 -11.8312 3.07974 
-4 -12 0 -18.1021 -51.0432 -1.48337 1.70736 -0.623696 -8.17759 -0.623696 3.35078 4.99573 -8.17759 4.99573 77.6829 
-1 -18 0 -6.51184 -73.699 1.55922 1.43707 -0.191025 0.0861201 -0.191025 1.09125 -0.105506 0.0861201 -0.105506 0.356469 
-3 -14 0 -14.2427 -57.7778 -1.43035 1.16009 0.529022 -8.30831 0.529022 1.25644 -8.53447 -8.30831 -8.53447 148.513 
-4 -14 0 -18.1422 -57.7982 -1.56881 0.725807 -0.155976 0.426113 -0.155976 0.962995 0.191324 0.426113 0.191324 6.90475 
-2 -16 0 -10.578 -66.4049 1.04523 1.39695 -0.849534 -0.0107095 -0.849534 1.24546 -0.0281077 -0.0107095 -0.0281077 0.343667 
-1 -17 0 -6.41472 -71.8517 0.805918 3.8678 2.15616 -1.31496 2.15616 82.5298 0.75388 -1.31496 0.75388 0.740375 
-6 -19 0 -26.1925 -78.1474 -3.65424 0.781813 -0.238943 -7.5905 -0.238943 1.30556 14.845 -7.5905 14.845 327.125 
-1 -18 1 -6.64773 -73.6319 6.05739 1.37159 -0.0840281 0.0634329 -0.0840281 1.49509 0.112799 0.0634329 0.112799 0.769768 
-11 -19 -1 -46.5067 -76.9539 -4.06551 1.20367 -1.39804 -12.2406 -1.39804 3.70822 29.5986 -12.2406 29.5986 574.584 
-4 -16 2 -18.1432 -66.0827 9.5052 1.17935 -0.295217 -0.0150946 -0.295217 1.59751 0.0187295 -0.0150946 0.0187295 0.895328 
-1 -18 2 -7.03791 -74.0158 9.66855 3.5781 -0.835403 0.239271 -0.835403 3.2095 0.0983902 0.239271 0.0983902 0.859672 
-5 -17 0 -21.7752 -69.6453 -2.87976 0.795631 -0.0452883 -0.348514 -0.0452883 0.893918 -0.311449 -0.348514 -0.311449 0.677491 
-6 -17 0 -25.347 -70.4475 -3.94625 1.22965 -0.598071 -10.757 -0.598071 1.03845 7.17801 -10.757 7.17801 522.091 
-1 -12 1 -5.5449 -51.1526 4.81934 1.58039 -1.0202 -0.378366 -1.0202 5.01088 -0.126178 -0.378366 -0.126178 3.17358 
-12 -17 -1 -49.0012 -70.931 -4.1358 3.42321 -0.665351 -23.983 -0.665351 4.5124 31.5167 -23.983 31.5167 1163.94 
-8 -15 1 -35.6722 -63.3411 5.35798 14.6511 0.0926586 2.75157 0.0926586 3.82266 -0.271054 2.75157 -0.271054 1.59282 
-7 -17 0 -28.3979 -71.3774 -3.9825 13.3122 -0.942221 -11.5405 -0.942221 5.0045 71.436 -11.5405 71.436 3487.33 
-2 -19 3 -8.36147 -77.7159 12.3569 109.404 69.2766 -55.9954 69.2766 83.074 -22.1057 -55.9954 -22.1057 57.1817 
-2 -17 2 -10.8787 -71.3619 9.27037 5.77754 1.46142 0.761309 1.46142 1.46267 0.513127 0.761309 0.513127 1.63079 
-2 -12 0 -9.79173 -51.1618 1.33942 1.1696 -0.127216 -0.22389 -0.127216 3.89413 0.483155 -0.22389 0.483155 0.754073 
-11 -18 0 -46.1779 -73.1586 -3.02686 31.813 -50.5889 3.95203 -50.5889 86.3707 -4.25088 3.95203 -4.25088 7.90205 
0 -18 1 2.33386 -73.1266 6.84399 17.9616 -1.8371 0.765936 -1.8371 3.84971 0.0233104 0.765936 0.0233104 1.57381 
-3 -16 0 -14.0019 -66.3593 1.05673 0.867981 0.48764 0.0468483 0.48764 1.63804 0.215326 0.0468483 0.215326 0.35747 
-7 -18 0 -29.8605 -74.024 -3.93088 1.01824 -0.0530454 -9.33313 -0.0530454 0.847589 8.6101 -9.33313 8.6101 725.706 
-8 -18 0 -33.5891 -73.6972 -3.97673 1.06111 0.570711 -4.32037 0.570711 1.11693 -2.63797 -4.32037 -2.63797 514.096 
-2 -17 1 -11.0768 -70.0327 6.06891 4.38767 1.20354 0.203981 1.20354 0.871458 -0.0685057 0.203981 -0.0685057 0.987069 
-4 -18 0 -18.9838 -73.8731 -3.12694 3.02471 0.345839 -7.12786 0.345839 0.775819 -2.34481 -7.12786 -2.34481 34.6339 
-9 -19 0 -38.0661 -78.5716 -2.5912 0.478322 0.13844 0.0552465 0.13844 1.13329 0.357168 0.0552465 0.357168 0.785819 
-11 -19 0 -45.4931 -78.4119 -2.47414 1.27363 -0.236912 -0.203836 -0.236912 1.24588 0.244464 -0.203836 0.244464 1.00543 
-10 -18 0 -42.3151 -72.9044 -3.50712 1.67005 0.735769 -1.78488 0.735769 1.30579 -2.84404 -1.78488 -2.84404 13.9895 
-7 -12 0 -30.0678 -51.0705 -2.31704 0.738457 -0.156796 -0.32048 -0.156796 2.67777 0.683976 -0.32048 0.683976 5.40576 
-9 -15 1 -38.2186 -62.6427 5.38232 1.03336 0.734749 0.0583525 0.734749 2.20788 0.146544 0.0583525 0.146544 1.18264 
-7 -18 -1 -30.4129 -72.7009 -4.02631 1.60894 -1.06698 0.182589 -1.06698 1.78619 2.50714 0.182589 2.50714 621.479 
-3 -18 2 -12.4506 -73.4902 9.20705 12.4779 2.18869 -2.42459 2.18869 1.97851 -0.542226 -2.42459 -0.542226 1.80422 
-2 -15 1 -9.2107 -60.5447 4.41956 3.68039 0.247242 -3.54326 0.247242 7.33596 -0.852105 -3.54326 -0.852105 19.0709 
-7 -19 0 -30.4197 -78.5828 -1.96729 1.13492 -0.0437902 0.182166 -0.0437902 1.37357 0.30716 0.182166 0.30716 0.566524 
-6 -16 0 -25.3878 -65.401 -3.78728 2.40286 1.51391 -14.1719 1.51391 1.87539 -12.232 -14.1719 -12.232 183.434 
-2 -16 1 -11.4488 -67.2028 5.61425 9.27807 3.24211 0.828843 3.24211 4.50461 -0.118344 0.828843 -0.118344 0.936032 
-3 -15 0 -13.9287 -61.1579 -1.53419 1.05643 0.431056 -1.95677 0.431056 1.45522 -1.10612 -1.95677 -1.10612 15.0566 
-8 -18 -1 -33.9763 -73.9798 -4.03569 0.929206 -0.166829 -6.20218 -0.166829 0.675699 -0.681628 -6.20218 -0.681628 570.523 
0 -14 0 -2.62734 -57.1085 1.14084 10.6624 -8.09252 8.54811 -8.09252 7.21342 -6.84925 8.54811 -6.84925 7.52421 
-11 -18 -1 -46.3853 -73.833 -4.1501 0.910277 -0.133301 -7.19713 -0.133301 0.688808 8.05187 -7.19713 8.05187 570.881 
-1 -13 1 -6.32631 -53.5439 4.72507 0.796734 -0.113008 0.355332 -0.113008 0.936013 -0.574272 0.355332 -0.574272 4.56532 
-9 -22 0 -38.2825 -88.6138 -0.981988 1.36593 0.135762 -0.673211 0.135762 16.9189 0.60247 -0.673211 0.60247 3.1916 
-9 -17 0 -39.1241 -68.7599 -0.434398 2.29483 0.632726 0.192484 0.632726 2.90957 -0.37443 0.192484 -0.37443 0.239346 
-3 -19 0 -13.4295 -77.1567 -1.22752 2.28947 -1.52909 -0.192671 -1.52909 2.27219 -0.440063 -0.192671 -0.440063 0.532217 
-10 -18 -1 -41.7932 -74.2326 -4.07989 0.633155 0.144318 1.3418 0.144318 0.677902 5.30732 1.3418 5.30732 495.185 
-6 -15 0 -25.9274 -61.9654 -3.3926 15.8246 19.5555 -102.362 19.5555 26.0926 -132.799 -102.362 -132.799 697.122 
-12 -18 -1 -49.023 -74.0468 -4.16968 2.83574 0.0268303 -2.43236 0.0268303 0.691683 -2.12243 -2.43236 -2.12243 684.911 
-9 -21 0 -36.8741 -86.3281 -0.976343 12.6661 -1.70668 -2.69362 -1.70668 1.13942 1.26621 -2.69362 1.26621 3.82904 
-8 -20 0 -34.0625 -80.9426 -1.40091 0.844072 0.108635 -0.0443773 0.108635 4.93703 -0.491692 -0.0443773 -0.491692 0.435832 
-5 -12 0 -22.1479 -50.9981 -1.91096 5.57959 1.35513 -59.8861 1.35513 3.53883 -16.3639 -59.8861 -16.3639 743.149 
-10 -20 0 -41.9547 -80.8118 -1.86194 0.729875 -0.017712 0.000302847 -0.017712 4.18977 -0.527218 0.000302847 -0.527218 0.557421 
-2 -18 3 -11.336 -72.8535 12.7021 12.0005 -3.63766 -1.15478 -3.63766 26.4489 -1.62104 -1.15478 -1.62104 5.04529 
-11 -17 0 -47.1061 -69.1344 -2.64276 1.68959 -0.349197 0.509845 -0.349197 1.34507 -0.056294 0.509845 -0.056294 2.14662 
-11 -16 -1 -46.2087 -67.1382 -4.03268 3.3702 1.58982 -17.2976 1.58982 3.46186 -28.938 -17.2976 -28.938 1783.32 
-12 -12 0 -49.4172 -51.2352 -2.60317 4.72498 -0.26961 1.81258 -0.26961 4.34572 1.5085 1.81258 1.5085 3.68068 
-12 -19 -1 -49.0833 -77.6752 -4.0737 3.2542 -0.621281 -7.40727 -0.621281 4.16742 57.6191 -7.40727 57.6191 1089.7 
-8 -19 -1 -34.1734 -76.1212 -4.02124 0.952687 -1.43599 -9.71589 -1.43599 154.139 44.0366 -9.71589 44.0366 830.302 
-9 -19 -1 -38.6238 -78.1599 -4.0276 2.08041 -1.85564 -2.65327 -1.85564 2.70096 -1.48821 -2.65327 -1.48821 491.074 
-10 -17 -1 -42.5095 -69.4882 -4.14142 2.04168 -0.536687 23.1846 -0.536687 0.832858 -3.11801 23.1846 -3.11801 426.782 
-6 -14 0 -26.7089 -57.1149 -1.29616 1.3557 0.37518 0.213339 0.37518 1.50562 -0.549655 0.213339 -0.549655 0.735193 
-3 -20 0 -14.5722 -82.8772 -3.0407 1.36218 0.50743 -2.46668 0.50743 1.36649 0.161305 -2.46668 0.161305 9.61086 
-3 -16 2 -13.4343 -67.3335 8.86937 2.08669 1.75354 0.590031 1.75354 4.6866 1.40762 0.590031 1.40762 2.54867 
-10 -13 0 -41.9572 -53.8922 -2.96915 0.761986 0.140803 -2.18534 0.140803 5.53637 -56.594 -2.18534 -56.594 661.661 
-2 -21 0 -11.1987 -85.5693 -0.86508 5.02665 0.109794 1.00781 0.109794 1.95974 -0.935432 1.00781 -0.935432 1.40372 
-10 -17 0 -41.5305 -69.3477 -1.26721 1.40134 -0.495249 -0.0589363 -0.495249 1.12706 -0.25987 -0.0589363 -0.25987 0.266699 
-9 -17 -1 -38.1898 -69.4068 -4.25294 1.39851 -0.0511478 -5.668 -0.0511478 2.05831 11.9632 -5.668 11.9632 161.15 
-2 -14 0 -10.0117 -57.891 1.30606 1.36407 -0.0682236 -0.0744421 -0.0682236 0.770938 -0.030793 -0.0744421 -0.030793 0.440879 
-11 -12 0 -45.7601 -51.0511 -2.94568 6.81297 2.76996 -65.4144 2.76996 4.04577 -30.2145 -65.4144 -30.2145 701.907 
-7 -20 0 -30.118 -81.1373 -1.29639 0.813803 0.504464 -0.0968768 0.504464 6.89149 -1.2298 -0.0968768 -1.2298 0.65374 
-2 -19 2 -8.69158 -77.949 9.82941 8.61446 -1.67771 -1.33752 -1.67771 3.2466 0.223769 -1.33752 0.223769 0.945931 
-12 -16 0 -49.0366 -66.289 -1.5129 3.24329 0.232751 0.145422 0.232751 1.0494 0.0977452 0.145422 0.0977452 0.553343 
-1 -14 1 -6.56835 -58.037 4.66913 0.836215 -0.247395 0.124608 -0.247395 1.14345 -0.211655 0.124608 -0.211655 3.9917 
-6 -13 0 -26.7121 -54.9063 -0.972088 1.26839 -0.249524 0.219332 -0.249524 1.34446 0.407801 0.219332 0.407801 0.657212 
-10 -22 0 -40.3439 -88.6786 -1.78928 134.594 141.953 -26.4703 141.953 823.226 -45.2432 -26.4703 -45.2432 8.58413 
-2 -13 1 -9.49672 -54.2903 4.53489 2.02152 -0.0860424 -1.1296 -0.0860424 1.27277 0.236001 -1.1296 0.236001 9.50919 
-10 -15 0 -40.9498 -62.1963 -1.31733 1.33793 0.156887 -0.33391 0.156887 1.08064 -0.0174269 -0.33391 -0.0174269 0.315293 
-5 -18 0 -21.9312 -73.7647 -3.60788 0.806098 0.223581 -5.91247 0.223581 0.820214 -2.83132 -5.91247 -2.83132 126.209 
-3 -12 0 -13.8863 -51.0269 -1.02632 2.28525 0.274652 -11.8692 0.274652 3.01166 -1.48921 -11.8692 -1.48921 85.3288 
-6 -17 -1 -26.7377 -69.4137 -4.04906 2.15391 -1.15534 -23.0357 -1.15534 2.45833 34.2287 -23.0357 34.2287 1064.15 
-9 -18 -1 -38.1105 -74.438 -4.0695 0.854368 0.115852 -5.95934 0.115852 0.896092 -7.47049 -5.95934 -7.47049 757.264 
-9 -15 0 -38.2992 -62.4407 -0.224841 0.899704 0.316062 0.0348036 0.316062 1.2184 0.038202 0.0348036 0.038202 0.218357 
0 -12 1 -2.69341 -51.1578 5.00928 0.745206 -0.66587 -0.489427 -0.66587 4.87681 -0.0651588 -0.489427 -0.0651588 1.85072 
-6 -12 0 -25.938 -51.0312 -2.19599 5.61024 -0.346568 -58.8442 -0.346568 3.02981 3.52537 -58.8442 3.52537 707.927 
0 -21 0 -0.311117 -84.4541 -1.18183 14.0787 -21.8871 1.9163 -21.8871 41.8036 -5.04401 1.9163 -5.04401 1.48346 
-6 -16 -1 -26.5913 -66.7637 -4.07764 2.27224 0.846736 -28.1493 0.846736 1.73838 -5.96775 -28.1493 -5.96775 837.467 
0 -12 0 -1.54617 -50.7998 2.32177 0.295817 -0.141076 0.232126 -0.141076 3.68787 -0.266517 0.232126 -0.266517 0.981908 
-1 -15 0 -7.24316 -62.2245 1.81209 2.04418 0.249857 0.0370975 0.249857 1.37271 0.402403 0.0370975 0.402403 0.505088 
-11 -16 0 -46.7988 -66.3347 -2.77912 1.35514 -0.0459549 0.644919 -0.0459549 1.05547 0.248668 0.644919 0.248668 1.35792 
-6 -20 0 -25.8165 -81.4026 -1.40107 0.741154 0.516252 -0.036581 0.516252 3.65386 -0.300175 -0.036581 -0.300175 0.489935 
-6 -23 0 -26.7717 -95.1258 -1.94866 8.84849 91.2555 5.30345 91.2555 1226.72 238.558 5.30345 238.558 250.82 
-10 -19 0 -41.4599 -78.395 -2.52928 0.899898 -0.074469 -0.250632 -0.074469 1.04541 0.338485 -0.250632 0.338485 1.01799 
-10 -16 -1 -41.5423 -66.3905 -4.07876 1.68204 -1.04773 19.3446 -1.04773 1.76499 -23.0519 19.3446 -23.0519 655.604 
-8 -16 0 -35.3165 -64.4212 -0.389647 5.35144 0.421637 -0.282099 0.421637 5.34083 -0.0842504 -0.282099 -0.0842504 0.197877 
-9 -16 -1 -38.1859 -66.1126 -4.19421 0.87777 -0.389565 6.90564 -0.389565 2.0113 -19.7466 6.90564 -19.7466 297.883 
-9 -13 0 -38.1249 -53.807 -2.94443 1.11823 1.35103 -15.672 1.35103 5.65589 -57.6883 -15.672 -57.6883 668.697 
-11 -13 0 -46.2338 -54.2488 -2.96859 0.758884 -0.115619 0.871847 -0.115619 0.771316 0.128572 0.871847 0.128572 9.08188 
-5 -19 0 -23.2295 -78.0387 -3.5877 2.43518 -0.912396 -2.27121 -0.912396 2.47485 20.1664 -2.27121 20.1664 385.439 
-7 -17 -1 -30.0457 -69.8846 -4.12285 0.960463 -0.62103 -11.4044 -0.62103 2.32373 32.7479 -11.4044 32.7479 687.614 
-7 -16 0 -29.0035 -64.1917 -3.83949 5.21041 30.2073 -51.0491 30.2073 238.237 -326.012 -51.0491 -326.012 1113.83 
-3 -21 0 -13.9034 -85.8901 -1.43052 0.666572 -0.280649 -0.26939 -0.280649 1.39966 0.289535 -0.26939 0.289535 1.09835 
-12 -18 0 -49.3495 -72.2904 -2.46327 7.32653 -1.30972 1.85292 -1.30972 34.7051 2.75706 1.85292 2.75706 5.77709 
-8 -19 0 -34.1606 -78.4791 -2.08887 0.805425 0.0823562 0.0325705 0.0823562 1.68101 0.202832 0.0325705 0.202832 0.725461 
-7 -14 0 -30.2242 -57.9889 -1.51778 1.13963 -0.26702 -0.0159601 -0.26702 1.22741 -0.0997443 -0.0159601 -0.0997443 0.842586 
-5 -14 0 -21.4568 -58.0728 -0.218936 1.67521 -0.0484633 -0.310753 -0.0484633 1.55914 0.12503 -0.310753 0.12503 0.417043 
-6 -18 0 -25.8542 -74.0746 -3.8064 0.943918 -0.416728 -8.38171 -0.416728 2.70858 34.6291 -8.38171 34.6291 604.423 
-12 -13 0 -48.9806 -54.1282 -2.16464 4.28323 0.866082 0.990788 0.866082 1.02648 0.429688 0.990788 0.429688 2.96532 
-11 -17 -1 -45.8442 -70.0117 -4.11611 0.834991 -0.21953 4.98703 -0.21953 1.25322 -18.577 4.98703 -18.577 685.708 
-10 -16 0 -41.5921 -66.2578 -0.776827 1.32198 -0.0292264 -0.182055 -0.0292264 0.99517 0.0529418 -0.182055 0.0529418 0.237122 
-9 -16 0 -38.5352 -65.6641 -0.323595 1.00209 -0.529125 -0.0654716 -0.529125 0.916064 0.0784964 -0.0654716 0.0784964 0.206529 
-4 -22 0 -17.5529 -89.4987 -2.22029 18.3957 -12.1065 -7.42253 -12.1065 9.19025 2.23837 -7.42253 2.23837 11.7038 
-2 -18 1 -9.69667 -73.6766 6.26159 0.646283 -0.0319404 0.0959434 -0.0319404 0.953992 0.0452752 0.0959434 0.0452752 0.901521 
1 -14 0 5.13489 -57.2514 0.579035 3.99008 -0.0327163 -1.59437 -0.0327163 0.751484 -0.345865 -1.59437 -0.345865 1.90015 
-8 -16 -1 -34.2591 -66.3207 -4.16593 1.53347 0.877421 -2.218 0.877421 1.46316 -14.228 -2.218 -14.228 367.254 
-11 -15 0 -46.3601 -61.9097 -3.36117 1.806 -0.237571 4.0815 -0.237571 0.878408 -1.0764 4.0815 -1.0764 16.9555 
-1 -13 0 -6.25421 -53.519 2.46656 0.763033 -0.152447 0.015705 -0.152447 0.842825 0.124308 0.015705 0.124308 0.964491 
-10 -12 0 -42.081 -51.111 -2.73301 1.14309 1.42976 -17.0331 1.42976 8.15632 -63.8601 -17.0331 -63.8601 749.479 
-8 -15 0 -35.0668 -62.7814 -1.15357 2.12973 -0.600215 0.202871 -0.600215 1.51739 0.224901 0.202871 0.224901 0.301897 
-7 -15 0 -29.4918 -61.9742 -3.19498 1.01942 0.280044 -0.197264 0.280044 0.729802 -0.069494 -0.197264 -0.069494 0.901769 
-11 -20 0 -45.8805 -80.6993 -1.79799 0.824811 -0.102871 -0.0356187 -0.102871 6.19794 -0.698454 -0.0356187 -0.698454 0.644798 
-4 -19 0 -17.949 -76.8744 -3.17502 3.52589 1.83407 8.61623 1.83407 2.23125 4.27095 8.61623 4.27095 34.5155 
-1 -16 0 -7.1761 -64.7756 1.06063 1.47121 -0.0966122 -0.242159 -0.0966122 3.704 -0.351279 -0.242159 -0.351279 0.397105 
-12 -21 0 -49.0928 -85.6257 -2.15586 13.5412 -0.857956 -0.463769 -0.857956 1.0425 0.0430811 -0.463769 0.0430811 1.22503 
-9 -18 0 -37.9229 -74.301 -3.97339 1.80318 -0.968026 0.225496 -0.968026 0.992533 4.30399 0.225496 4.30399 302.494 
-4 -21 0 -16.8131 -86.4434 -2.26008 6.20317 -0.14765 -0.185953 -0.14765 0.754949 0.510494 -0.185953 0.510494 1.07261 
-7 -16 -1 -29.7621 -66.7623 -4.16626 0.676516 -0.115439 -1.18708 -0.115439 1.67379 -4.18948 -1.18708 -4.18948 659.037 
-5 -15 0 -21.0853 -61.4818 -0.385793 1.88861 -0.10091 -0.481587 -0.10091 1.40777 -0.235593 -0.481587 -0.235593 0.422477 
-8 -12 0 -33.9979 -51.0072 -2.67569 1.21204 0.97175 -18.5609 0.97175 5.11046 -38.9369 -18.5609 -38.9369 749.281 
-11 -14 0 -46.6963 -58.0056 -2.90517 1.17548 -0.123953 1.50131 -0.123953 0.845722 -0.25005 1.50131 -0.25005 5.27615 
-10 -19 -1 -41.7122 -77.5324 -4.02352 1.4527 1.62079 -2.03098 1.62079 2.95324 0.881421 -2.03098 0.881421 405.127 
-10 -14 0 -41.8343 -57.7012 -2.89362 0.876256 0.0793815 -0.229379 0.0793815 0.782179 -0.325341 -0.229379 -0.325341 1.3226 
-5 -16 1 -20.4047 -66.4577 5.63827 16.327 0.579719 -0.735928 0.579719 2.7603 0.594421 -0.735928 0.594421 1.01213 
-9 -14 0 -38.0249 -58.0998 -3.1196 0.800831 0.0333506 -0.829117 0.0333506 0.933746 -1.77406 -0.829117 -1.77406 24.2494 
-12 -20 0 -48.9301 -81.7972 -2.18601 5.77834 -0.950002 -0.326445 -0.950002 0.929401 -0.0697912 -0.326445 -0.0697912 0.587324 
-8 -14 0 -33.8466 -58.0025 -2.861 0.839447 0.047683 -0.990828 0.047683 0.806501 -0.511192 -0.990828 -0.511192 5.57633 
-4 -17 0 -18.2827 -69.1598 0.16665 1.04658 0.349823 -0.177712 0.349823 1.7062 -0.375932 -0.177712 -0.375932 0.317831 
-12 -14 0 -48.8905 -57.8486 -1.86325 4.30128 -0.143522 1.35294 -0.143522 0.945209 0.0311025 1.35294 0.0311025 2.62092 
-8 -13 0 -33.8427 -53.8868 -2.64118 0.875915 0.0326834 -1.02312 0.0326834 0.719344 -0.404974 -1.02312 -0.404974 6.73147 
-1 -18 3 -7.04957 -74.1089 12.2112 269.564 -333.811 95.6378 -333.811 472.32 -111.244 95.6378 -111.244 65.0562 
-9 -12 0 -38.1057 -51.0178 -2.69016 0.7532 -0.10662 -1.0207 -0.10662 9.29057 -68.1516 -1.0207 -68.1516 726.331 
-2 -20 0 -9.07224 -80.6635 1.03465 4.02764 -3.28492 0.0706891 -3.28492 4.25421 -0.480854 0.0706891 -0.480854 0.356036 
-2 -19 0 -9.71483 -78.5104 1.00954 2.31217 0.870951 -0.0692106 0.870951 1.32116 -0.042757 -0.0692106 -0.042757 0.252154 
-3 -18 0 -13.3704 -74.0752 0.784504 3.16021 0.544474 -0.314593 0.544474 0.907972 -0.0772554 -0.314593 -0.0772554 0.317789 
-12 -19 0 -49.0063 -79.2267 -1.43815 3.62645 0.304333 -0.0795485 0.304333 3.66446 0.473532 -0.0795485 0.473532 0.352237 
-4 -16 0 -18.2835 -65.751 0.895541 0.767147 -0.169702 -0.0495961 -0.169702 0.867367 0.0382351 -0.0495961 0.0382351 0.28109 
-12 -17 0 -49.0381 -69.8168 -2.31553 3.30867 -0.21398 0.129859 -0.21398 0.840926 -0.282926 0.129859 -0.282926 1.0012 
-4 -15 0 -18.6346 -62.2236 0.333244 1.62083 0.852614 0.110471 0.852614 1.01706 0.108883 0.110471 0.108883 0.376168 
-12 -22 0 -49.5421 -89.4972 -2.01428 27.9649 -6.57942 -0.225678 -6.57942 2.47769 0.0232441 -0.225678 0.0232441 2.06004 
-7 -13 0 -29.7256 -54.2068 -2.16824 0.698349 0.254293 -0.384134 0.254293 0.779408 0.0764946 -0.384134 0.0764946 2.27467 
-2 -18 0 -10.2621 -73.3198 1.51386 0.998713 -0.494637 -0.411843 -0.494637 1.07268 0.281039 -0.411843 0.281039 0.523338 
-4 -13 0 -18.1511 -53.8675 -1.55475 4.27008 2.35289 -48.01 2.35289 2.25553 -31.6631 -48.01 -31.6631 664.189 
-5 -16 0 -21.0016 -66.4272 -0.723215 1.44859 0.0974775 -0.379176 0.0974775 1.04274 0.0776226 -0.379176 0.0776226 0.281984 
-8 -17 -1 -33.6078 -70.0141 -4.12446 1.22887 -0.607078 -9.22035 -0.607078 2.2446 31.9889 -9.22035 31.9889 716.788 
-2 -17 0 -10.9415 -69.54 1.27966 1.94246 0.359119 0.219033 0.359119 0.884868 0.218405 0.219033 0.218405 0.420811 
-12 -15 0 -48.7275 -62.0934 -2.53292 13.4174 -2.37838 15.0796 -2.37838 1.11736 -3.49322 15.0796 -3.49322 30.1804 
-3 -17 0 -13.8892 -69.633 1.26738 0.928596 0.046831 -0.0782388 0.046831 0.807011 0.044824 -0.0782388 0.044824 0.382809 
-9 -20 0 -37.887 -80.9757 -1.71714 0.635795 0.29352 -0.0351999 0.29352 2.38618 -0.253609 -0.0351999 -0.253609 0.490701 
-5 -13 0 -22.0621 -53.9258 -1.96919 7.31844 2.27356 -54.2996 2.27356 1.57824 -19.0858 -54.2996 -19.0858 456.217 
