1 14 0 6.33308 58.0583 -2.83233 43.7048 76.3455 -18.3956 76.3455 139.687 -45.3364 -18.3956 -45.3364 71.3903 
-4 17 0 -18.2991 69.5852 -3.84918 1.15095 -0.141852 -3.85429 -0.141852 1.25851 -12.7143 -3.85429 -12.7143 255.627 
-2 17 0 -10.7921 70.3672 -3.22215 4.29241 -0.303969 1.77555 -0.303969 1.25413 -1.70372 1.77555 -1.70372 4.28643 
-2 16 0 -10.8682 66.3527 -3.2739 2.98284 1.15561 -1.98626 1.15561 1.54688 -1.0506 -1.98626 -1.0506 2.73467 
-3 16 0 -13.7419 65.2932 -3.8 1.06368 0.512288 -5.94794 0.512288 2.5947 -34.1062 -5.94794 -34.1062 615.581 
0 13 0 -0.757755 53.6843 -3.19249 0.964905 0.0597546 -1.57141 0.0597546 0.686189 0.594006 -1.57141 0.594006 8.78213 
-1 14 0 -6.66148 58.4459 -3.76259 1.02806 -0.161539 4.59467 -0.161539 0.52693 -2.35088 4.59467 -2.35088 66.7684 
1 15 0 6.33633 61.5669 -2.4997 131.005 204.913 15.0631 204.913 327.191 36.3496 15.0631 36.3496 33.9473 
-2 15 0 -10.2458 62.2565 -3.27312 3.38424 2.48586 1.70959 2.48586 2.26712 0.976484 1.70959 0.976484 1.84617 
0 15 0 2.54497 60.3345 -3.11761 123.96 49.4836 95.5153 49.4836 46.3632 47.8465 95.5153 47.8465 183.22 
0 17 0 -2.49246 68.8267 -3.61022 32.3908 -39.1037 -11.7614 -39.1037 55.6624 11.0251 -11.7614 11.0251 58.4117 
-4 16 0 -17.875 67.3602 -3.19433 1.44808 1.7584 3.22401 1.7584 118.174 104.526 3.22401 104.526 95.1268 
-1 13 0 -6.38614 54.5023 -3.73726 1.1611 0.053952 6.09891 0.053952 2.11245 29.5621 6.09891 29.5621 1066.2 
5 18 0 22.101 74.2926 -3.48694 28.7039 -26.4195 0.0257403 -26.4195 25.6082 1.95469 0.0257403 1.95469 21.6991 
-4 18 0 -18.2897 72.5336 -3.85435 11.2584 -18.365 13.634 -18.365 33.4166 -21.4434 13.634 -21.4434 67.1671 
-3 17 0 -14.6589 69.948 -3.71999 3.01735 1.5288 -30.7112 1.5288 1.65435 -13.9337 -30.7112 -13.9337 547.756 
-5 16 0 -20.2102 65.526 -2.01204 389.336 152.438 105.067 152.438 239.043 73.2357 105.067 73.2357 37.9871 
0 19 0 0.525261 77.8969 -3.64564 0.41284 -4.08164 -4.27367 -4.08164 64.4065 65.6008 -4.27367 65.6008 104.467 
0 12 0 2.61074 50.9803 -3.13909 23.3367 43.9449 -21.1139 43.9449 86.1542 -38.0584 -21.1139 -38.0584 33.0517 
0 14 0 -0.952695 58.2005 -3.6757 2.71895 -4.98042 -20.3746 -4.98042 12.8516 38.6235 -20.3746 38.6235 163.967 
