-36 -38 1 -146.336 -154.536 6.47652 7.82293 -2.30975 3.25461 -2.30975 1.9524 -1.9182 3.25461 -1.9182 3.83426 
-36 -40 1 -146.756 -163.156 6.42218 14.0396 -17.6416 6.35787 -17.6416 25.2429 -8.03247 6.35787 -8.03247 4.32149 
-35 -37 1 -141.484 -150.62 6.55404 5.02436 18.3487 -1.12094 18.3487 74.0361 -4.02344 -1.12094 -4.02344 0.747786 
-35 -38 1 -141.003 -153.696 5.35432 11.1536 1.34092 0.909555 1.34092 8.26489 -12.1825 0.909555 -12.1825 21.2946 
-36 -37 1 -146.126 -150.676 6.13415 5.30339 -3.87509 -0.175902 -3.87509 10.2075 2.04594 -0.175902 2.04594 0.953121 
-33 -38 1 -134.51 -155.142 5.32106 135.093 -85.6433 -118.275 -85.6433 60.7658 75.3121 -118.275 75.3121 104.075 
-35 -39 1 -141.534 -157.659 6.08144 2.97816 0.0317331 0.335914 0.0317331 1.21899 -0.459628 0.335914 -0.459628 0.899651 
-35 -40 1 -142.785 -161.332 5.37653 1.15737 1.23597 -0.230487 1.23597 6.94899 -1.40382 -0.230487 -1.40382 1.16015 
-35 -40 -1 -142.4 -160.579 -6.14672 3.25502 1.63799 0.0143186 1.63799 1.90028 -0.162803 0.0143186 -0.162803 0.762897 
-29 -38 -2 -117.191 -153.816 -9.16617 1669.31 -1313.3 -263.352 -1313.3 1119.72 204.872 -263.352 204.872 47.347 
-29 -44 0 -117.059 -177.528 0.270488 49.4342 12.4375 8.64615 12.4375 4.26383 2.20157 8.64615 2.20157 3.26445 
-36 -39 -2 -146.075 -157.278 -8.76098 1.60668 1.21156 0.540299 1.21156 2.88268 4.10395 0.540299 4.10395 17.1294 
-36 -38 2 -145.705 -153.57 9.08764 28.3718 38.7806 -19.079 38.7806 54.324 -25.4175 -19.079 -25.4175 15.3774 
-23 -39 -2 -94.3257 -157.765 -8.7198 18.7943 1.23712 -8.32139 1.23712 1.09054 -2.17115 -8.32139 -2.17115 29.3343 
-36 -39 1 -145.442 -157.816 5.88468 1.21741 -0.447211 -0.328989 -0.447211 1.13993 0.0673284 -0.328989 0.0673284 0.85203 
-36 -38 -2 -146.4 -154.261 -9.0875 0.920798 0.00996049 2.09572 0.00996049 0.806351 3.79798 2.09572 3.79798 106.739 
-36 -39 2 -146.813 -158.532 9.44569 7.01624 1.76469 2.61877 1.76469 2.70495 0.35235 2.61877 0.35235 2.16295 
-35 -39 2 -140.827 -157.866 8.26317 21.7606 -1.35167 28.3642 -1.35167 0.727456 -2.14594 28.3642 -2.14594 53.35 
-37 -38 -2 -149.135 -153.105 -9.05217 251.86 -94.7405 -955.346 -94.7405 73.0512 556.478 -955.346 556.478 4843.13 
-37 -38 -1 -148.775 -154.492 -6.36058 28.7587 5.96817 -30.6275 5.96817 2.04761 -7.09884 -30.6275 -7.09884 35.0085 
-35 -37 0 -142.57 -150.868 2.38446 4.35291 -2.48306 0.55113 -2.48306 3.91336 -0.413702 0.55113 -0.413702 0.977423 
-25 -39 -2 -101.558 -157.092 -9.92147 9.00029 3.41959 10.0673 3.41959 2.14158 6.35976 10.0673 6.35976 39.1877 
-27 -40 -2 -108.994 -163.173 -8.48909 194.728 -95.2786 27.5957 -95.2786 69.0087 -9.73865 27.5957 -9.73865 29.2508 
-35 -39 -1 -142.485 -159.854 -5.74128 3.43578 4.50841 0.632121 4.50841 17.344 1.19546 0.632121 1.19546 1.08336 
-36 -37 0 -144.839 -151.23 2.77304 11.2515 3.55557 5.71904 3.55557 4.15124 -0.357244 5.71904 -0.357244 9.87485 
-34 -39 0 -137.938 -158.445 1.75905 15.263 -10.9982 -8.10933 -10.9982 27.6283 -3.76635 -8.10933 -3.76635 9.73942 
-36 -38 0 -144.95 -153.835 0.770378 1.44768 0.377487 -0.862849 0.377487 1.42811 -1.20758 -0.862849 -1.20758 1.82679 
-34 -42 0 -136.843 -169.199 0.49036 51.7078 -78.985 16.1916 -78.985 167.119 -33.6549 16.1916 -33.6549 7.00514 
-35 -39 -2 -142.417 -159.251 -8.90908 3.26861 3.32215 7.77546 3.32215 7.1736 13.539 7.77546 13.539 33.7358 
-32 -42 -2 -130.399 -169.681 -8.93694 186.275 211.42 -74.5 211.42 255.883 -87.2938 -74.5 -87.2938 33.118 
-35 -40 -2 -142.156 -160.516 -8.69187 4.77786 6.02523 0.968338 6.02523 17.3386 -13.3437 0.968338 -13.3437 30.472 
-35 -40 0 -142.522 -161.789 -0.363481 8.75473 -4.916 -1.43985 -4.916 3.88056 1.0979 -1.43985 1.0979 0.513861 
-36 -39 -1 -146.233 -156.91 -6.35087 2.9368 3.2943 0.153318 3.2943 6.62996 0.407175 0.153318 0.407175 1.14231 
-35 -39 0 -141.822 -158.834 -0.261504 1.77448 0.948014 -0.6902 0.948014 2.01009 -0.67583 -0.6902 -0.67583 0.527381 
-34 -41 -1 -138.275 -164.878 -6.27839 145.288 270.834 -19.2026 270.834 519.14 -42.2885 -19.2026 -42.2885 6.76205 
-33 -39 1 -134.52 -156.763 5.43426 21.6406 -64.9529 9.61808 -64.9529 728.67 -350.624 9.61808 -350.624 201.29 
-34 -40 -1 -139.349 -163.221 -6.46396 9.77428 -5.74903 -0.597526 -5.74903 6.19429 1.70514 -0.597526 1.70514 3.2398 
-23 -37 -1 -94.0452 -150.89 -5.34922 91.9774 -8.04558 1.57579 -8.04558 8.99796 1.99672 1.57579 1.99672 1.11716 
-36 -39 0 -145.937 -157.355 0.598018 2.32715 1.42639 0.194043 1.42639 1.99701 0.240383 0.194043 0.240383 0.347583 
-37 -37 0 -149.232 -150.949 -0.798725 5.24283 0.0852445 0.0328851 0.0852445 7.89205 -2.30958 0.0328851 -2.30958 1.13326 
-36 -40 0 -145.286 -162.465 1.49503 2.66132 -3.52243 -0.740319 -3.52243 12.9707 3.22893 -0.740319 3.22893 1.02655 
-37 -39 -1 -148.437 -156.963 -7.32572 25.604 -4.84819 -18.5064 -4.84819 1.57354 5.45607 -18.5064 5.45607 27.6274 
-34 -38 1 -138.769 -153.964 5.52246 5.22689 -3.87232 0.641265 -3.87232 5.30691 -3.7274 0.641265 -3.7274 7.90119 
-35 -38 0 -143.067 -154.159 2.1394 1.8605 0.811224 -1.03178 0.811224 1.00316 -0.521669 -1.03178 -0.521669 1.02446 
