-13 0 2 -55.6157 -3.79344 8.94772 27.5719 33.7603 0.129051 33.7603 77.7611 -0.0882967 0.129051 -0.0882967 5.26579 
-14 -1 2 -56.533 -4.40384 8.64805 7.13478 2.73806 -0.67831 2.73806 9.5127 -0.0748859 -0.67831 -0.0748859 6.93156 
-13 -1 2 -54.5962 -5.58592 8.73507 1.92233 0.363451 0.392074 0.363451 1.32604 -0.227815 0.392074 -0.227815 5.91085 
-15 -8 2 -61.6458 -34.2027 8.28686 30.5487 7.57495 22.6009 7.57495 16.4317 -3.53959 22.6009 -3.53959 52.7504 
-12 -7 1 -51.4482 -28.1865 5.6535 84.0609 276.028 177.28 276.028 2175.52 1055.23 177.28 1055.23 555.605 
-13 -6 1 -52.5599 -25.839 5.8807 3.76362 0.253061 0.094789 0.253061 1.47552 0.0629453 0.094789 0.0629453 1.79383 
-19 -7 1 -77.7544 -30.4745 5.35055 2.52773 -2.57308 -1.88367 -2.57308 4.51319 1.91356 -1.88367 1.91356 4.9868 
-14 -8 1 -56.2393 -34.2961 5.3929 59.4685 -6.19743 -6.4912 -6.19743 6.70448 3.45622 -6.4912 3.45622 3.48737 
-17 -8 0 -69.7158 -33.673 2.18527 1.33418 -0.117777 0.146288 -0.117777 0.769574 0.0599509 0.146288 0.0599509 0.263812 
-32 10 -1 -131.074 41.0676 -4.72761 1.51077 0.79692 2.75395 0.79692 3.84191 3.77069 2.75395 3.77069 20.7107 
-34 -1 -1 -138.315 -6.13657 -5.75571 0.676614 -0.0196683 0.172627 -0.0196683 0.839216 0.44208 0.172627 0.44208 4.2517 
-32 9 -1 -129.079 38.5452 -4.90742 6.2912 2.11427 -53.2541 2.11427 1.87572 -14.0467 -53.2541 -14.0467 859.799 
-32 4 0 -129.272 16.4361 -3.39863 25.4751 -125.296 -51.4593 -125.296 638.892 256.546 -51.4593 256.546 115.165 
-26 8 -1 -106.404 34.3882 -4.68927 0.964696 -0.541824 -0.319654 -0.541824 1.20255 -2.0146 -0.319654 -2.0146 12.6487 
-27 1 -1 -110.242 4.6116 -4.68295 1.05232 1.18826 -0.532285 1.18826 8.20773 -30.0826 -0.532285 -30.0826 209.471 
-29 1 -1 -118.174 6.08459 -4.86519 1.7023 1.33987 -22.8246 1.33987 2.1228 -27.1266 -22.8246 -27.1266 553.09 
-31 0 -1 -126.165 -0.596472 -5.43499 1.07284 0.18548 -2.47479 0.18548 0.347607 -2.66629 -2.47479 -2.66629 42.8388 
-30 1 -1 -122.01 5.86666 -5.0401 1.85625 0.17825 -21.1673 0.17825 1.13408 -12.2292 -21.1673 -12.2292 462.006 
-33 -9 -1 -133.606 -38.5028 -5.59261 1.17866 0.0445709 -0.423406 0.0445709 1.1372 0.627502 -0.423406 0.627502 1.77686 
-29 2 -1 -119.254 8.94668 -4.83788 46.9463 3.98618 -72.3909 3.98618 3.51617 37.2256 -72.3909 37.2256 2270.13 
-28 -4 -1 -113.657 -18.4646 -6.04503 0.849245 -0.553998 12.8675 -0.553998 2.33047 -21.2917 12.8675 -21.2917 537.929 
-24 -1 -1 -98.7286 -6.98691 -5.03975 9.94268 -12.2398 -21.2228 -12.2398 17.888 16.1383 -21.2228 16.1383 161.419 
-36 -8 -1 -145.845 -34.0649 -6.83907 0.676041 -0.059123 -3.63758 -0.059123 0.754287 4.21013 -3.63758 4.21013 640.863 
-36 10 -1 -146.642 41.4888 -5.33285 2.72595 0.198368 -24.0039 0.198368 1.86049 -23.5211 -24.0039 -23.5211 662.218 
-34 8 -1 -138.353 33.6906 -5.16023 1.32156 0.281474 -2.60932 0.281474 1.10169 -2.00684 -2.60932 -2.00684 28.7278 
-34 6 -1 -137.783 25.9713 -5.40706 1.47948 1.00736 -14.6513 1.00736 2.22061 -23.37 -14.6513 -23.37 379.236 
-28 7 -1 -114.676 30.6337 -4.91283 2.73574 -6.89842 24.0346 -6.89842 25.9163 -86.2774 24.0346 -86.2774 299.75 
-16 -2 0 -64.6814 -8.85791 0.195741 46.572 117.297 46.2889 117.297 325.679 131.751 46.2889 131.751 54.3817 
-35 -8 0 -142.715 -32.734 -2.71519 3.07393 0.403961 0.184393 0.403961 4.03755 0.0707232 0.184393 0.0707232 1.94082 
-31 7 -1 -126.04 29.2222 -4.95987 0.874151 -1.66539 9.03 -1.66539 13.9587 -74.4239 9.03 -74.4239 446.464 
-34 8 0 -137.228 34.775 -2.43608 2.68024 2.68171 -1.14288 2.68171 8.08459 -1.13238 -1.14288 -1.13238 2.39458 
-26 -2 -1 -104.721 -9.46499 -5.54351 10.1602 3.76464 -47.45 3.76464 2.10795 -23.7615 -47.45 -23.7615 540.851 
-34 -11 -1 -138.052 -45.954 -6.64815 1.38259 0.109099 -21.5792 0.109099 0.743599 -3.44254 -21.5792 -3.44254 723.697 
-31 8 -1 -125.725 34.1685 -4.65665 0.42087 -0.157237 -1.31666 -0.157237 0.670492 2.88866 -1.31666 2.88866 59.9081 
-30 2 0 -121.125 10.184 -2.08187 120.225 64.262 32.2837 64.262 108.277 42.8771 32.2837 42.8771 22.1142 
-33 2 -1 -134.199 9.75118 -5.25837 0.623238 0.0294356 0.545271 0.0294356 0.776825 -1.66023 0.545271 -1.66023 27.7165 
-27 7 -1 -109.694 31.3327 -5.0729 8.21563 3.75798 52.3356 3.75798 5.39625 11.7664 52.3356 11.7664 410.071 
-35 -12 -1 -141.938 -48.979 -6.60223 1.71744 -0.280138 26.2341 -0.280138 3.21071 -4.99279 26.2341 -4.99279 643.6 
-31 1 -1 -125.811 5.27626 -5.21286 0.994177 0.916287 -13.4568 0.916287 5.7682 -52.2477 -13.4568 -52.2477 747.189 
-32 5 -1 -129.79 20.6646 -5.20822 16.8085 -75.4288 45.4424 -75.4288 354.096 -213.724 45.4424 -213.724 131.634 
-29 0 -1 -118.885 1.26591 -5.22333 0.947559 0.118803 -3.67221 0.118803 0.682889 -9.71523 -3.67221 -9.71523 196.989 
-29 7 -1 -118.135 30.3181 -4.84652 0.949651 -1.88855 7.12427 -1.88855 30.1476 -111.212 7.12427 -111.212 421.4 
-26 0 -1 -105.722 0.166149 -5.09982 2.40191 1.38838 -13.6636 1.38838 1.28575 -11.9858 -13.6636 -11.9858 137.895 
-34 -4 -1 -138.146 -18.1063 -6.28028 2.5851 0.838793 -35.9584 0.838793 1.16587 -17.0734 -35.9584 -17.0734 699.69 
-13 3 0 -52.9551 13.3914 -1.65318 2.31686 0.274247 -24.6648 0.274247 0.890481 3.90989 -24.6648 3.90989 579.452 
-14 6 0 -57.0486 25.1936 -0.354567 2.30449 -0.920826 -1.57267 -0.920826 1.85461 0.547929 -1.57267 0.547929 1.72363 
-36 4 -1 -146.261 17.9509 -5.68548 0.815756 -0.0197914 1.51691 -0.0197914 0.678435 2.69601 1.51691 2.69601 283.343 
-25 -1 -1 -102.022 -6.73366 -5.19078 1.11509 0.207295 -12.2176 0.207295 0.829277 -5.41835 -12.2176 -5.41835 344.724 
-24 -7 -1 -99.4838 -30.6896 -4.85651 94.7214 112.463 -31.3753 112.463 141.508 -46.3783 -31.3753 -46.3783 28.5301 
-29 -9 -1 -118.09 -37.4266 -6.36086 1.01206 -0.150328 13.2966 -0.150328 2.1403 0.248334 13.2966 0.248334 762.301 
-35 7 -1 -141.526 30.0949 -5.45487 2.48913 0.692235 -27.3258 0.692235 0.927408 -10.6586 -27.3258 -10.6586 591.105 
-37 7 -1 -149.032 29.6627 -5.54894 8.50428 -1.49651 59.5493 -1.49651 1.87558 -14.5055 59.5493 -14.5055 550.825 
-37 -9 -1 -148.935 -38.2454 -6.82236 3.19956 -0.00156867 -11.2383 -0.00156867 0.798657 7.94017 -11.2383 7.94017 701.615 
-26 -12 -1 -106.809 -48.9185 -4.57844 2.54543 -1.05782 -5.2267 -1.05782 2.81596 2.07481 -5.2267 2.07481 23.6767 
-34 5 -1 -138.462 22.1674 -5.64775 1.01549 -0.0216391 -3.06854 -0.0216391 0.853267 -11.7128 -3.06854 -11.7128 611.939 
-30 8 -1 -121.778 34.1559 -4.3824 6.4809 4.06474 -60.2528 4.06474 3.47286 -41.9196 -60.2528 -41.9196 634.242 
-35 5 -1 -141.989 22.2434 -5.61123 0.824674 0.0400997 -1.81606 0.0400997 0.656901 0.0281781 -1.81606 0.0281781 38.6939 
-12 5 0 -50.9532 22.2083 -1.68778 3.25127 0.578423 -2.42433 0.578423 1.02263 -0.666691 -2.42433 -0.666691 16.7583 
-13 6 0 -54.3491 25.6282 0.684214 1.47858 -0.102412 0.234673 -0.102412 1.08095 0.212002 0.234673 0.212002 0.807205 
-36 5 -1 -146.048 21.5961 -5.60379 0.793045 -0.0614817 0.947792 -0.0614817 0.660112 0.527086 0.947792 0.527086 21.7219 
-37 5 -1 -149.003 21.72 -5.68906 3.1089 -0.201968 -5.54826 -0.201968 0.973501 -0.510437 -5.54826 -0.510437 169.814 
-32 4 -1 -130.571 18.5507 -5.56293 1.20076 -1.70783 -18.1812 -1.70783 6.69866 56.7596 -18.1812 56.7596 681.11 
-36 8 -1 -146.179 35.1569 -5.48103 1.84755 2.15493 -19.4061 2.15493 7.16895 -23.4742 -19.4061 -23.4742 952.302 
-30 0 -1 -121.963 0.658916 -5.3321 0.965609 0.332839 -7.60825 0.332839 0.592553 -9.0587 -7.60825 -9.0587 224.121 
-37 4 -1 -149.07 17.8583 -5.70415 2.73605 -0.22181 -6.80817 -0.22181 0.891353 8.61917 -6.80817 8.61917 785.053 
-31 9 -1 -125.656 37.8263 -4.62618 5.0926 -0.113303 -43.7869 -0.113303 0.634353 -1.36192 -43.7869 -1.36192 446.066 
-36 3 -1 -146.138 13.7587 -5.5488 0.719069 0.0655781 -0.195508 0.0655781 0.700003 -0.451506 -0.195508 -0.451506 21.9877 
-12 -2 0 -50.792 -9.65363 -1.17884 8.3081 1.76268 -6.09944 1.76268 1.86 21.2241 -6.09944 21.2241 797.005 
-23 0 -1 -94.5281 -0.529836 -4.34253 3.8206 5.09922 -38.095 5.09922 9.21215 -57.3344 -38.095 -57.3344 429.857 
-33 -11 -1 -134.067 -46.0837 -6.50208 1.83405 -0.155139 -26.8696 -0.155139 0.718281 4.86009 -26.8696 4.86009 653.653 
-37 2 -1 -148.999 10.0019 -5.6522 2.92702 0.0836554 -6.61431 0.0836554 0.867679 -10.1464 -6.61431 -10.1464 725.371 
-31 -2 -1 -126.4 -10.3038 -5.36163 0.897256 -0.232325 0.558899 -0.232325 1.2126 0.758222 0.558899 0.758222 3.25186 
-36 -2 -1 -146.004 -10.0037 -6.50158 0.74759 0.0127014 -0.509215 0.0127014 0.852476 -3.98544 -0.509215 -3.98544 143.266 
-31 8 0 -127.426 32.3517 -0.0539881 8.72372 -17.4823 -0.290442 -17.4823 40.3894 0.739672 -0.290442 0.739672 0.126527 
-17 -7 0 -69.2439 -31.6077 -0.587819 3.11502 4.0383 1.04778 4.0383 47.2138 3.89822 1.04778 3.89822 0.858298 
-28 0 -1 -114.192 3.11993 -5.11358 0.964248 -0.721286 -5.02646 -0.721286 5.9768 -13.9367 -5.02646 -13.9367 149.512 
-34 2 -1 -138.091 9.97846 -5.45877 0.921708 0.234601 -2.46193 0.234601 0.948738 -1.95236 -2.46193 -1.95236 22.5576 
-32 -3 0 -129.273 -12.3077 -3.14915 5.09122 -13.3039 4.00405 -13.3039 58.2529 -10.7535 4.00405 -10.7535 5.34471 
-26 -6 -1 -105.726 -25.3927 -6.16524 2.19494 1.14162 -19.7612 1.14162 2.87482 -23.4452 -19.7612 -23.4452 309.832 
-32 -1 -1 -129.84 -5.66941 -5.77229 0.946976 0.540787 -7.60519 0.540787 2.17091 -29.1854 -7.60519 -29.1854 666.457 
-25 -9 1 -102.626 -37.3455 4.50536 9.86666 0.841095 -1.98581 0.841095 2.71603 -0.461019 -1.98581 -0.461019 9.6502 
-29 -2 -1 -119.39 -9.66928 -5.57283 4.70372 -0.245771 25.4285 -0.245771 2.9525 -33.8827 25.4285 -33.8827 951.986 
-17 -8 1 -68.9599 -34.222 5.24233 3.73817 0.962845 0.181415 0.962845 2.61486 0.258959 0.181415 0.258959 1.54379 
-25 -2 -1 -102.779 -10.6321 -5.45828 3.25982 -1.96405 -5.58014 -1.96405 5.19541 -25.9314 -5.58014 -25.9314 249.578 
-33 3 -1 -134.35 13.8539 -5.18432 1.88061 -0.0507983 0.257699 -0.0507983 0.458536 -0.285364 0.257699 -0.285364 4.57962 
-12 4 0 -50.892 19.0166 -1.58969 4.61398 -2.13533 -2.34027 -2.13533 3.19832 -0.665499 -2.34027 -0.665499 14.3661 
-33 11 -1 -134.656 45.2245 -4.65043 0.878405 -0.32834 0.201255 -0.32834 1.92983 0.959461 0.201255 0.959461 13.3045 
-33 6 -1 -133.949 26.0307 -5.39977 0.94155 -0.562263 3.00185 -0.562263 5.68388 -34.7624 3.00185 -34.7624 237.12 
-33 -1 -1 -133.862 -5.79868 -5.82633 0.590037 -0.178969 3.77981 -0.178969 0.977301 -12.3712 3.77981 -12.3712 514.825 
-30 -2 -1 -122.266 -10.4375 -5.66851 1.4762 0.961949 -20.6043 0.961949 1.84392 -26.6624 -20.6043 -26.6624 665.139 
-37 -10 -1 -149.088 -41.7627 -6.78848 3.62547 -0.115956 -16.1087 -0.115956 0.836027 6.6152 -16.1087 6.6152 779.248 
-18 -11 0 -75.8411 -46.0811 -0.19507 608.93 -23.7338 17.1141 -23.7338 1.54892 -0.868716 17.1141 -0.868716 4.29867 
-33 -2 -1 -134.991 -10.2025 -5.91377 2.25084 0.530974 -17.3502 0.530974 1.07165 -15.6891 -17.3502 -15.6891 701.463 
-31 -12 -1 -126.793 -49.0415 -6.23071 2.2358 -1.19229 -31.4739 -1.19229 5.00319 61.486 -31.4739 61.486 1621.2 
-22 -6 -1 -88.8059 -25.6531 -4.78026 245.763 29.0101 -15.6912 29.0101 41.4493 -2.4028 -15.6912 -2.4028 3.60502 
-25 -3 -1 -102.183 -13.184 -5.52825 10.7727 -3.65953 -60.3221 -3.65953 8.13072 68.7051 -60.3221 68.7051 890.202 
-14 -9 0 -56.4241 -36.4485 1.08672 33.0197 -4.3946 -1.47045 -4.3946 17.7011 -1.85785 -1.47045 -1.85785 0.524526 
-33 -12 -1 -133.881 -48.8597 -6.46355 2.0678 -0.65502 -30.8861 -0.65502 4.02345 11.9645 -30.8861 11.9645 703.483 
-35 4 -1 -142.035 18.3045 -5.68476 0.83626 -0.123649 -7.49287 -0.123649 1.1162 6.9443 -7.49287 6.9443 751.506 
-36 -3 -1 -145.999 -14.0016 -6.6249 0.753126 -0.0145605 0.407792 -0.0145605 1.34667 -21.1126 0.407792 -21.1126 747.083 
-35 3 -1 -142.141 13.9219 -5.43896 0.957384 0.289433 -0.240127 0.289433 1.1325 -1.35712 -0.240127 -1.35712 12.0624 
-37 -3 -1 -149.019 -13.9959 -6.65485 3.08427 -0.0239066 -0.122004 -0.0239066 0.748293 -1.16075 -0.122004 -1.16075 39.1143 
-37 -5 -1 -148.949 -21.9221 -6.81885 3.08409 -0.174964 -1.71869 -0.174964 0.690133 0.751106 -1.71869 0.751106 58.4528 
-12 -8 0 -50.9619 -34.1694 0.925355 3.1832 0.398548 0.133895 0.398548 0.861409 0.0694304 0.133895 0.0694304 0.294698 
-32 6 -1 -129.965 26.5329 -5.42056 1.30362 -3.75108 15.5652 -3.75108 23.5217 -96.1928 15.5652 -96.1928 414.764 
-37 8 -1 -149 34.0467 -5.46567 8.60914 -1.58043 62.0938 -1.58043 0.943683 -10.3856 62.0938 -10.3856 593.892 
-25 0 -1 -102.925 0.27266 -4.72999 2.09535 0.896522 -8.82204 0.896522 1.07058 -7.66496 -8.82204 -7.66496 87.7638 
-34 -2 -1 -138.01 -9.82845 -5.85116 0.785943 -0.00827295 0.28172 -0.00827295 0.918993 -0.875683 0.28172 -0.875683 4.21535 
-26 -11 0 -106.058 -46.7987 -0.854064 2.03938 -0.3836 -0.96873 -0.3836 1.52217 0.556677 -0.96873 0.556677 0.731554 
-30 -8 -1 -121.998 -34.0939 -6.21482 13.4154 5.52053 -66.2835 5.52053 2.91367 -30.7412 -66.2835 -30.7412 506.154 
-14 -2 0 -57.0747 -9.4208 2.92762 1.35788 0.627029 -0.647272 0.627029 1.59765 -0.373233 -0.647272 -0.373233 0.893347 
-26 -7 -1 -105.64 -31.0329 -6.17535 31.7955 -18.7818 -177.212 -18.7818 12.8484 108.354 -177.212 108.354 1023 
-34 -8 -1 -138.162 -34.0108 -6.58157 1.08264 0.279488 -14.6643 0.279488 0.945942 -10.5239 -14.6643 -10.5239 722.355 
-15 5 0 -62.4722 22.268 -1.3762 1.82291 -1.91878 0.29918 -1.91878 3.18678 0.0366726 0.29918 0.0366726 0.92271 
-29 -10 -1 -118.848 -43.0928 -6.25936 27.8658 14.7887 -26.7475 14.7887 28.4743 122.735 -26.7475 122.735 1006.63 
-18 -10 0 -75.7071 -42.2188 -0.0158512 717.057 -22.9768 18.3904 -22.9768 1.4644 -0.315907 18.3904 -0.315907 9.40456 
-32 8 -1 -129.198 32.624 -4.59934 5.89894 12.8589 -12.7525 12.8589 36.7919 -19.009 -12.7525 -19.009 46.5512 
-30 -10 -1 -122.769 -42.4017 -6.22263 1.80683 0.00378891 -2.88397 0.00378891 1.19855 11.5278 -2.88397 11.5278 372.449 
-29 12 0 -117.974 48.2873 -3.40391 38.9446 0.575584 0.490064 0.575584 21.2519 4.50556 0.490064 4.50556 5.52028 
-29 -8 -1 -117.347 -35.255 -6.38566 16.9244 -24.1735 -3.43691 -24.1735 45.7376 102.11 -3.43691 102.11 1907.83 
-29 -3 -1 -118.768 -14.423 -5.83241 3.44534 -1.94284 -0.0817984 -1.94284 3.17291 -26.9175 -0.0817984 -26.9175 557.325 
-33 7 -1 -133.883 29.1943 -5.04387 2.72922 1.05668 -35.7409 1.05668 1.67948 -18.2626 -35.7409 -18.2626 602.408 
-35 -10 -1 -142.234 -42.2412 -6.18304 0.854119 -0.034259 0.238603 -0.034259 0.925028 0.679713 0.238603 0.679713 1.79353 
-37 -6 -1 -149.018 -25.9838 -6.87288 2.98499 -0.000786143 0.911439 -0.000786143 0.761558 -1.37391 0.911439 -1.37391 68.5679 
-12 -7 0 -51.4845 -31.5687 -0.914218 9.80014 3.02273 1.31091 3.02273 14.874 2.08457 1.31091 2.08457 0.992999 
-35 -9 -1 -142.095 -37.9437 -6.66421 0.771052 0.0153146 -4.15069 0.0153146 0.746757 1.0667 -4.15069 1.0667 724.741 
-21 -9 1 -87.5792 -37.5288 5.00365 26.2458 -10.3557 6.92551 -10.3557 7.28735 -3.25061 6.92551 -3.25061 4.50052 
-36 -12 -1 -145.997 -48.9968 -6.63567 1.38761 -0.224831 -21.8671 -0.224831 3.11573 8.3466 -21.8671 8.3466 738.568 
-32 2 -1 -130.397 9.70522 -5.21553 1.47637 -1.22051 -22.4151 -1.22051 2.65906 33.3905 -22.4151 33.3905 693.279 
-27 -4 -1 -109.618 -17.4731 -5.9824 0.758768 0.612347 -4.42123 0.612347 3.31059 -10.8415 -4.42123 -10.8415 612.783 
-35 -1 -1 -142.124 -6.01117 -6.15002 0.896012 -0.00242162 -1.22536 -0.00242162 0.805338 0.528401 -1.22536 0.528401 8.08844 
-12 -4 0 -50.8925 -17.6244 -1.82592 11.2683 12.9967 -77.3533 12.9967 23.2991 -134.932 -77.3533 -134.932 811.74 
-37 -1 -1 -148.894 -5.76745 -6.22954 3.50269 -0.117888 -0.803455 -0.117888 0.838758 -0.588184 -0.803455 -0.588184 4.09176 
-36 -6 -1 -146.002 -26.0115 -6.86783 0.79388 -0.0236075 6.39243 -0.0236075 0.739923 -2.0239 6.39243 -2.0239 729.885 
-32 -4 -1 -130.159 -18.119 -5.98976 0.588789 -0.447074 -0.896854 -0.447074 1.26486 1.475 -0.896854 1.475 33.3801 
-30 -3 -1 -121.84 -14.0317 -5.82816 1.58923 0.786901 -21.243 0.786901 1.74092 -25.4759 -21.243 -25.4759 600.451 
-34 11 -1 -137.22 45.7518 -4.71416 1.5426 0.0336989 -2.71591 0.0336989 1.06304 -0.172582 -2.71591 -0.172582 13.0464 
-15 -2 1 -61.2388 -9.02713 5.08371 2.65318 -1.05883 0.41003 -1.05883 3.2934 -1.08538 0.41003 -1.08538 2.65767 
-32 -8 -1 -130.335 -34.0726 -6.28893 1.32709 -0.114196 -14.1815 -0.114196 0.732935 -1.22521 -14.1815 -1.22521 674.999 
-31 -2 0 -127.374 -11.1673 -3.09481 7.41293 -0.423775 0.691205 -0.423775 6.89686 -0.0957247 0.691205 -0.0957247 2.84234 
-36 -11 -1 -146.008 -46.0091 -6.68738 1.16571 -0.36056 -17.7433 -0.36056 1.04623 14.9719 -17.7433 14.9719 737.869 
-35 6 -1 -142.039 25.5276 -5.55461 2.63458 -0.445076 -13.7987 -0.445076 0.799593 1.35371 -13.7987 1.35371 160.642 
-31 -4 -1 -126.151 -17.8235 -6.02466 0.714088 -0.112821 2.2776 -0.112821 1.10456 -16.212 2.2776 -16.212 645.297 
-33 -3 -1 -134.299 -14.0774 -6.00152 2.20617 1.06797 -27.5727 1.06797 1.43506 -21.8023 -27.5727 -21.8023 648.032 
-13 -11 0 -53.0999 -45.8311 -0.108913 3.40325 -0.442728 -0.379956 -0.442728 1.20677 -0.163233 -0.379956 -0.163233 0.374077 
-35 10 -1 -141.47 42.3834 -5.19745 58.9965 5.69137 -77.2062 5.69137 1.19867 -10.4515 -77.2062 -10.4515 616.4 
-33 -7 -1 -134.287 -29.9503 -6.39481 1.99008 0.471577 -29.2526 0.471577 0.893444 -11.3494 -29.2526 -11.3494 710.349 
-13 -4 0 -53.7522 -17.9508 -2.17702 6.79691 10.7066 -53.4016 10.7066 20.8641 -98.6602 -53.4016 -98.6602 482.157 
-37 -7 -1 -148.987 -29.872 -6.81779 3.06429 0.0604282 0.023485 0.0604282 0.797056 -1.07146 0.023485 -1.07146 16.0368 
-15 -8 1 -61.5165 -34.1726 5.72583 1.82257 0.312461 0.139876 0.312461 1.3175 0.0749436 0.139876 0.0749436 0.83935 
-35 -4 -1 -141.968 -18.0023 -6.52002 4.32895 1.02878 -40.0801 1.02878 1.09711 -12.1181 -40.0801 -12.1181 443.176 
-13 5 0 -54.2882 23.0981 -0.432813 1.64025 -0.301626 0.934149 -0.301626 1.77323 -0.731607 0.934149 -0.731607 1.13637 
-31 -8 -1 -126.154 -33.9171 -6.23245 2.83129 1.26712 -24.687 1.26712 1.32563 -15.1976 -24.687 -15.1976 600.001 
-22 -6 0 -88.6768 -25.5518 -0.871432 5.81103 -0.820902 0.00762332 -0.820902 2.48115 0.229343 0.00762332 0.229343 0.182205 
-37 -11 -1 -148.96 -45.7718 -6.25225 4.44186 0.0345735 -0.302395 0.0345735 0.838395 -0.184001 -0.302395 -0.184001 1.9281 
-35 2 -1 -142.131 10.0222 -5.62368 0.761002 0.164413 -3.62394 0.164413 1.00713 -9.06415 -3.62394 -9.06415 446.053 
-14 -4 0 -57.5189 -17.9363 -2.59568 12.1832 21.1598 -96.6516 21.1598 41.8409 -189.181 -96.6516 -189.181 880.483 
-33 -6 -1 -134.024 -26.0295 -6.29286 1.90882 0.763916 -28.0537 0.763916 1.20258 -17.2374 -28.0537 -17.2374 707.189 
-30 10 -1 -123.069 42.1163 -4.2851 12.9573 0.202261 -92.1179 0.202261 1.19151 -7.51929 -92.1179 -7.51929 791.942 
-26 -1 -1 -104.631 -5.6218 -5.30905 20.3629 2.61 -83.6868 2.61 0.826471 -11.1128 -83.6868 -11.1128 468.265 
-34 7 -1 -138.143 30.0834 -5.27042 10.5993 2.65552 -76.8796 2.65552 1.41267 -20.0295 -76.8796 -20.0295 628.264 
-37 -8 -1 -149.014 -34.0726 -6.82097 2.94397 0.151853 1.79151 0.151853 0.774196 -0.288659 1.79151 -0.288659 21.7106 
-35 -7 -1 -142.235 -30.1388 -6.44215 0.728285 0.00230778 -0.089425 0.00230778 0.815906 0.558424 -0.089425 0.558424 2.53813 
-27 -12 0 -108.252 -49.8534 -2.39743 64.7248 58.5178 -7.51609 58.5178 203.51 -12.4845 -7.51609 -12.4845 2.09573 
-32 1 -1 -130.431 5.59119 -5.27662 1.27569 0.779744 -14.7064 0.779744 1.93989 -28.0662 -14.7064 -28.0662 605.502 
-31 -7 -1 -126.926 -30.1524 -6.20334 1.5196 -0.0699703 11.1559 -0.0699703 0.658671 -4.88973 11.1559 -4.88973 363.292 
-31 7 1 -126.924 30.2829 5.42086 5.79007 1.64459 1.92472 1.64459 1.36941 0.993725 1.92472 0.993725 1.4952 
-34 4 -1 -137.996 18.1609 -5.65242 0.699648 0.123071 -3.94044 0.123071 0.802038 5.37378 -3.94044 5.37378 543.146 
-29 9 0 -118.648 37.6218 -3.87505 12.1483 2.58392 -56.4478 2.58392 1.06984 -13.3156 -56.4478 -13.3156 486.955 
-36 -7 -1 -145.971 -30.0477 -6.86199 0.729883 0.0402909 -1.51568 0.0402909 0.764081 3.55298 -1.51568 3.55298 687.01 
-30 -1 0 -123.718 -4.38989 -2.45291 9.62834 -0.69534 0.135085 -0.69534 6.99157 0.946312 0.135085 0.946312 1.05074 
-28 -12 -1 -113.165 -48.8965 -5.85404 21.236 -15.2992 -156.341 -15.2992 14.1882 114.132 -156.341 114.132 1414.97 
-37 6 -1 -149.017 25.6535 -5.61283 6.40415 -0.327141 50.434 -0.327141 0.678783 -3.41554 50.434 -3.41554 654.84 
-28 10 0 -113.13 43.558 -2.63109 20.1892 39.508 -8.98887 39.508 91.8878 -21.1241 -8.98887 -21.1241 7.50722 
-32 7 -1 -130.029 29.0468 -4.93642 0.712567 0.222036 -0.632787 0.222036 2.55103 -17.0687 -0.632787 -17.0687 256.186 
-34 -10 -1 -138.052 -42.0381 -6.62229 1.188 0.0878396 -17.669 0.0878396 0.763087 -5.0502 -17.669 -5.0502 686.363 
-35 0 -1 -142.03 -0.0951525 -6.00092 2.24341 0.882558 -16.6403 0.882558 0.709869 -9.89036 -16.6403 -9.89036 188.63 
-34 1 -1 -138.12 5.93566 -5.5533 1.02979 0.198587 -9.04615 0.198587 0.875324 -5.12184 -9.04615 -5.12184 230.957 
-33 8 -1 -134.193 33.8877 -4.88411 0.979674 0.583743 -0.636505 0.583743 1.17851 -1.44337 -0.636505 -1.44337 15.0747 
-14 0 1 -56.8595 -3.39368 6.39838 3.67208 -0.517676 1.23716 -0.517676 4.21423 0.763928 1.23716 0.763928 1.99327 
-31 5 -1 -125.433 21.5461 -5.49613 0.943914 0.625557 6.65432 0.625557 1.51398 14.1056 6.65432 14.1056 529.438 
-34 3 -1 -138.127 13.6734 -5.41166 0.857869 -0.157017 -0.977715 -0.157017 0.742415 -0.19973 -0.977715 -0.19973 10.1405 
-23 10 0 -95.0206 40.4884 -1.09928 7.54078 -3.77675 1.25304 -3.77675 9.97254 0.535193 1.25304 0.535193 0.594253 
-33 -8 -1 -133.936 -34.0237 -6.42676 2.40542 0.386403 -33.0613 0.386403 0.775638 -7.64705 -33.0613 -7.64705 686.137 
-12 2 0 -51.0525 10.7469 -0.456743 4.33592 -0.776645 0.556705 -0.776645 1.10871 -0.542297 0.556705 -0.542297 0.916916 
-36 -9 -1 -146.014 -38.0728 -6.81286 0.66521 -0.0323479 -0.218177 -0.0323479 0.754408 5.11243 -0.218177 5.11243 650.38 
-31 6 -1 -126.168 26.7551 -5.47348 0.843526 -0.147886 0.830126 -0.147886 5.74274 -29.5536 0.830126 -29.5536 200.491 
-25 -12 1 -103.394 -48.8865 4.72546 7.51037 -1.44351 1.83849 -1.44351 6.05803 -2.27585 1.83849 -2.27585 5.33946 
-30 -9 -1 -121.506 -38.3757 -6.26553 0.672928 -0.540055 3.2941 -0.540055 1.73834 -11.4533 3.2941 -11.4533 192.147 
-32 -10 -1 -130.389 -41.5698 -6.25053 0.799086 -0.111385 0.587894 -0.111385 0.746184 -0.649085 0.587894 -0.649085 5.76662 
-13 -1 1 -54.6314 -5.95033 6.06622 1.50862 -0.217326 -0.195798 -0.217326 0.957914 -0.128451 -0.195798 -0.128451 0.904757 
-34 -3 -1 -138.008 -14.0288 -6.17288 3.061 1.39604 -41.1806 1.39604 1.58315 -24.6706 -41.1806 -24.6706 737.975 
-27 8 -1 -110.539 33.3055 -4.47635 1.92119 -3.54905 13.3451 -3.54905 22.8747 -67.3819 13.3451 -67.3819 223.996 
-34 9 -1 -137.579 38.4245 -5.12235 1.74881 0.363158 -24.2331 0.363158 1.06867 -3.3408 -24.2331 -3.3408 749.361 
-37 -12 -1 -149.085 -48.7264 -6.08989 4.35052 0.510955 0.376151 0.510955 3.88397 -1.01517 0.376151 -1.01517 2.11862 
-36 0 -1 -146.043 0.0908618 -6.1028 0.767405 -0.00761196 0.337927 -0.00761196 0.365558 -3.61613 0.337927 -3.61613 73.7376 
-34 -9 -1 -138.029 -37.8825 -6.60603 1.30547 -0.0568708 -19.9771 -0.0568708 0.755246 0.343976 -19.9771 0.343976 692.476 
-32 -3 -1 -129.46 -13.3338 -5.63085 1.64567 0.205169 -0.281257 0.205169 0.891973 -0.827521 -0.281257 -0.827521 3.52691 
-25 -8 -1 -102.342 -33.805 -4.73569 1.19975 -0.573457 0.704747 -0.573457 1.2552 0.00626283 0.704747 0.00626283 6.06626 
-24 -8 -1 -98.9604 -33.3595 -4.65406 8.16049 -3.82002 13.4032 -3.82002 2.29275 -6.68696 13.4032 -6.68696 26.9793 
-37 -2 -1 -148.997 -10.003 -6.57147 3.17987 0.0389929 -1.99429 0.0389929 0.776021 -1.12014 -1.99429 -1.12014 61.967 
-35 -8 -1 -142.092 -33.626 -6.09478 0.962036 0.0504324 0.0763823 0.0504324 1.02654 -0.555081 0.0763823 -0.555081 1.43085 
-36 -4 -1 -145.981 -18.083 -6.72575 0.801899 -0.038995 2.40855 -0.038995 0.815281 -3.38626 2.40855 -3.38626 104.251 
-35 -2 -1 -142.027 -9.9157 -6.18152 1.00966 0.100292 -1.43361 0.100292 0.833068 -0.897747 -1.43361 -0.897747 7.63485 
-14 -1 1 -56.7 -5.68782 5.89962 2.35667 0.193069 0.0169955 0.193069 0.861194 -0.211145 0.0169955 -0.211145 0.885574 
-31 -10 -1 -126.103 -41.932 -6.2888 0.797894 0.155704 -3.85176 0.155704 1.08185 1.29341 -3.85176 1.29341 654.025 
-34 -2 0 -138.982 -8.47693 -2.12892 2.84384 -0.83407 -0.207462 -0.83407 12.7987 0.27865 -0.207462 0.27865 0.896956 
-25 0 0 -102.515 2.19946 -2.05303 632.867 -68.7621 34.6353 -68.7621 60.731 2.24293 34.6353 2.24293 3.22682 
-26 -8 -1 -106.036 -34.2628 -5.61548 2.35443 -1.4816 -6.48623 -1.4816 2.1599 6.05954 -6.48623 6.05954 25.0335 
-32 0 0 -130.451 -1.7779 -1.83212 1.303 0.239335 0.0303904 0.239335 1.09943 -0.16303 0.0303904 -0.16303 0.745139 
-32 -6 -1 -130.055 -25.947 -6.1236 0.649716 0.0256489 -0.848774 0.0256489 0.847551 0.571919 -0.848774 0.571919 13.8779 
-30 -12 -1 -122.75 -49.0958 -6.1138 2.63256 1.02335 -34.1592 1.02335 4.85055 8.72737 -34.1592 8.72737 1236.81 
-34 -6 -1 -137.93 -25.9364 -6.45284 1.25539 0.349808 -18.9622 0.349808 0.999622 -13.9552 -18.9622 -13.9552 697.691 
-14 -8 0 -57.4126 -34.0689 0.595641 0.513367 -0.173883 0.0363208 -0.173883 1.37425 -0.0481695 0.0363208 -0.0481695 0.26451 
-27 0 -1 -110.057 2.42148 -5.1004 0.924358 1.26942 -6.73063 1.26942 6.61311 -32.6177 -6.73063 -32.6177 207.674 
-12 -8 1 -51.4175 -34.2177 4.92486 7.98188 0.36053 2.00394 0.36053 1.66655 0.56293 2.00394 0.56293 2.74188 
-13 -8 1 -54.1343 -34.6347 5.40979 0.703008 -0.568209 -0.0144518 -0.568209 2.36578 0.257819 -0.0144518 0.257819 1.21222 
-35 -5 -1 -142.175 -22.0004 -6.61116 3.98156 0.478771 -42.7452 0.478771 0.825366 -6.19583 -42.7452 -6.19583 555.72 
-34 10 -1 -138.654 42.0486 -5.11081 4.3335 0.0453932 -46.9552 0.0453932 0.827462 -3.6198 -46.9552 -3.6198 759.178 
-32 -7 -1 -130.024 -30 -6.207 0.739834 0.0821638 -1.4319 0.0821638 0.75791 -1.45062 -1.4319 -1.45062 17.8961 
-32 7 1 -130.009 30.0231 4.5681 6.01029 -0.310024 7.81566 -0.310024 1.11977 -1.50238 7.81566 -1.50238 16.7033 
-12 -5 0 -50.9402 -22.1625 -2.42923 5.58931 2.9249 -33.7825 2.9249 3.41031 -34.2313 -33.7825 -34.2313 389.163 
-31 -11 -1 -125.997 -45.9865 -6.27296 1.11609 0.221856 -16.5499 0.221856 0.9405 -6.4424 -16.5499 -6.4424 696.337 
-30 6 -1 -122.858 26.4533 -5.53327 9.26297 6.49522 -60.1323 6.49522 7.81064 -72.4462 -60.1323 -72.4462 765.384 
-33 -4 -1 -134.101 -17.7625 -6.09291 1.28771 0.317466 -17.6811 0.317466 1.1013 -14.6583 -17.6811 -14.6583 537.958 
-30 -11 -1 -122.16 -45.686 -6.17623 2.2457 0.333048 -25.1268 0.333048 1.13032 4.85664 -25.1268 4.85664 683.191 
-29 -11 -1 -117.497 -46.3143 -6.04577 64.4335 17.6701 -161.924 17.6701 5.78334 -39.922 -161.924 -39.922 590.318 
-34 11 0 -136.661 45.7689 -2.5265 7.2692 2.21189 -0.68027 2.21189 3.49857 -0.886041 -0.68027 -0.886041 1.12711 
-33 0 -1 -134.136 0.434998 -5.58832 0.855575 0.137678 -0.183837 0.137678 0.303928 -1.21448 -0.183837 -1.21448 20.6984 
-27 -11 -1 -109.35 -46.2835 -5.5552 11.3641 -6.89652 -53.6897 -6.89652 5.156 34.8633 -53.6897 34.8633 277.428 
-32 -5 -1 -130.612 -22.5238 -6.09514 2.83819 1.22204 -29.5325 1.22204 1.84702 -22.7349 -29.5325 -22.7349 1011.13 
-30 -1 -1 -122.676 -6.05239 -5.39182 0.79556 0.162891 0.482872 0.162891 1.32526 -2.88165 0.482872 -2.88165 17.2279 
-32 -2 -1 -129.839 -10.3276 -5.80441 0.691729 0.162145 -0.640043 0.162145 0.908122 0.402806 -0.640043 0.402806 5.83567 
-27 -10 -1 -108.913 -41.9784 -5.80452 2.38371 0.164372 -3.48802 0.164372 0.722403 0.522203 -3.48802 0.522203 13.6571 
-33 0 0 -132.86 -1.2413 -2.41054 3.11751 1.8138 -0.529438 1.8138 1.44713 -0.297829 -0.529438 -0.297829 2.13726 
-14 0 0 -57.2075 -2.43293 0.383367 1.52881 0.0900947 -0.248444 0.0900947 0.420665 0.184157 -0.248444 0.184157 0.323999 
-18 -7 0 -74.3004 -29.7973 1.74048 4.49242 1.79847 -3.14454 1.79847 1.92414 -0.870635 -3.14454 -0.870635 2.79455 
-26 -10 -1 -106.666 -41.9363 -4.99125 1.58585 -0.120001 -0.32725 -0.120001 0.740726 0.386351 -0.32725 0.386351 2.79476 
-12 -9 1 -50.1103 -39.5237 5.06819 193.055 -31.8528 -4.58824 -31.8528 30.5225 -0.755198 -4.58824 -0.755198 2.65909 
-25 -7 -1 -101.112 -30.9371 -4.99395 1.50872 0.22131 -1.91309 0.22131 2.51331 1.5533 -1.91309 1.5533 6.16765 
-33 4 -1 -134.246 17.5559 -5.59146 1.19966 -0.665466 -12.4021 -0.665466 1.2556 12.3388 -12.4021 12.3388 515.792 
-29 -4 -1 -117.396 -17.3084 -5.95417 0.894124 -0.861957 5.3641 -0.861957 2.10001 -11.993 5.3641 -11.993 265.647 
-32 -12 -1 -130.415 -48.8718 -6.36 1.54094 -0.68698 -24.0382 -0.68698 3.75808 18.47 -24.0382 18.47 650.938 
-24 -9 0 -98.1917 -36.8068 1.88124 2.43709 0.557435 1.10987 0.557435 4.72969 -3.01938 1.10987 -3.01938 3.24266 
-27 -9 -1 -109.201 -38.197 -6.05582 31.1691 -3.03909 -115.414 -3.03909 1.17983 11.8158 -115.414 11.8158 453.228 
-20 -7 0 -80.9637 -30.1381 2.94402 1.67824 0.218834 0.714942 0.218834 1.40504 0.845302 0.714942 0.845302 1.80757 
-29 -1 -1 -117.948 -5.80113 -5.42492 2.40076 0.882511 -10.5 0.882511 1.07561 -13.2181 -10.5 -13.2181 509.674 
-30 4 0 -122.166 18.1754 -3.51029 0.891746 -0.0637543 -1.23794 -0.0637543 4.27201 0.553099 -1.23794 0.553099 3.99627 
-29 -6 -1 -118.863 -26.527 -6.15434 2.82437 -2.68362 32.9238 -2.68362 6.715 -73.8056 32.9238 -73.8056 1409.32 
-31 -3 0 -127.42 -12.2205 -3.6746 11.1577 12.1048 -3.72905 12.1048 67.3785 -8.43587 -3.72905 -8.43587 32.1132 
-35 -11 -1 -142.112 -45.6429 -6.2059 0.931137 -0.00191431 0.332391 -0.00191431 0.938155 -0.680206 0.332391 -0.680206 1.96062 
-30 -6 -1 -121.314 -25.2996 -6.15258 2.21406 0.804753 -12.2306 0.804753 1.45602 -9.58431 -12.2306 -9.58431 942.298 
-27 -6 -1 -108.947 -24.8215 -6.24983 21.2083 6.08741 -59.8771 6.08741 5.09226 -57.6858 -59.8771 -57.6858 826.181 
-35 8 -1 -141.959 33.6213 -5.41295 2.95698 1.23127 -37.276 1.23127 1.49525 -23.0009 -37.276 -23.0009 657.9 
-33 -10 -1 -133.86 -41.6118 -6.05318 0.873973 0.00168322 -0.3844 0.00168322 0.95309 -0.81665 -0.3844 -0.81665 2.47099 
-33 -5 -1 -134.063 -21.9833 -6.1975 2.03463 0.73964 -29.7748 0.73964 1.16246 -16.0446 -29.7748 -16.0446 727.582 
-35 1 -1 -142.071 5.8527 -5.60695 1.01107 0.155109 -1.91641 0.155109 0.867475 -0.264614 -1.91641 -0.264614 17.4134 
-30 -5 -1 -122.085 -22.3043 -6.08969 1.18445 0.369973 -12.2777 0.369973 0.945122 -12.4995 -12.2777 -12.4995 645.209 
-26 -11 -1 -106.896 -46.0999 -4.5733 2.79793 -0.0374933 -3.90143 -0.0374933 0.735548 0.572152 -3.90143 0.572152 14.7477 
-27 -5 -1 -109.783 -22.1462 -6.17273 1.10566 0.341945 14.2273 0.341945 0.740036 3.39913 14.2273 3.39913 447.167 
-33 10 -1 -133.407 42.1768 -4.61545 2.24158 1.69338 2.50886 1.69338 2.82704 2.35051 2.50886 2.35051 12.3885 
-25 -8 1 -100.271 -33.8786 4.66547 49.6829 10.6389 -13.5674 10.6389 10.3551 -2.29227 -13.5674 -2.29227 12.0123 
-34 -12 -1 -138.079 -48.9381 -6.63857 1.68762 -0.375716 -26.4495 -0.375716 3.30031 7.18381 -26.4495 7.18381 766.921 
-13 1 0 -53.6049 6.17062 -1.6365 4.18139 -4.38933 -44.5935 -4.38933 6.76193 48.129 -44.5935 48.129 681.828 
-27 -12 -1 -109.727 -49.0704 -5.35037 17.4312 -7.09933 -104.096 -7.09933 5.96507 41.7939 -104.096 41.7939 649.412 
-36 7 -1 -146.365 30.2207 -5.56746 2.02958 -1.61991 -20.1161 -1.61991 6.39297 -8.28876 -20.1161 -8.28876 1040.05 
-32 7 0 -129.343 31.0233 0.909833 1.20237 -0.196792 0.0392023 -0.196792 1.35212 0.304607 0.0392023 0.304607 0.451254 
-27 -8 -1 -108.591 -34.6442 -6.21091 55.8454 -32.3935 -185.914 -32.3935 20.5953 116.805 -185.914 116.805 700.275 
-36 2 -1 -146.068 9.95691 -5.6478 0.723673 0.0646965 -1.22158 0.0646965 1.01845 -13.9927 -1.22158 -13.9927 686.798 
-30 -4 -1 -122.15 -17.8326 -5.99196 1.17662 0.360685 -11.1159 0.360685 1.45001 -22.845 -11.1159 -22.845 678.613 
-37 3 -1 -148.951 13.9237 -5.52728 3.50954 0.243076 0.483386 0.243076 0.833075 -0.311793 0.483386 -0.311793 8.9307 
-35 -3 -1 -142.08 -14.0099 -6.40406 3.99896 1.46537 -39.7445 1.46537 1.40381 -17.7511 -39.7445 -17.7511 499.775 
-36 9 -1 -146.479 37.8408 -5.40423 2.24353 0.508072 -22.9793 0.508072 0.910277 -7.52488 -22.9793 -7.52488 737.813 
-31 0 0 -125.766 2.1859 -1.15064 1.67365 0.215895 -0.0457253 0.215895 0.618904 -0.0926112 -0.0457253 -0.0926112 0.564445 
-34 0 -1 -138.409 -0.110065 -5.76473 1.14073 0.185126 -7.35757 0.185126 0.349283 -5.4729 -7.35757 -5.4729 180.562 
-12 0 0 -51.3627 2.42539 -1.46101 8.87586 4.70288 18.9521 4.70288 10.5237 110.923 18.9521 110.923 1771.26 
-29 11 0 -117.715 47.7187 -3.36268 48.296 75.0719 -5.27582 75.0719 149.299 -8.23715 -5.27582 -8.23715 4.02524 
-35 -6 -1 -142.191 -25.9892 -6.63678 4.2299 0.186398 -48.6986 0.186398 0.748717 -2.59416 -48.6986 -2.59416 666.988 
-22 11 0 -90.2687 44.643 -1.34679 3.35346 2.35845 0.597212 2.35845 8.37071 1.29637 0.597212 1.29637 0.399083 
-25 -7 0 -100.644 -31.4776 -2.96097 42.5495 -17.9775 15.2244 -17.9775 22.9432 -3.84716 15.2244 -3.84716 7.57671 
-31 -3 -1 -126.29 -14.0032 -5.67041 0.891063 -0.138334 0.921424 -0.138334 1.07014 -1.53386 0.921424 -1.53386 5.39389 
-26 -9 -1 -105.918 -37.8183 -4.90101 5.18148 -1.69422 -9.88758 -1.69422 1.49649 2.97142 -9.88758 2.97142 23.1602 
-37 3 0 -148.89 14.48 -3.03237 3.03202 -3.90893 1.61358 -3.90893 29.45 -8.0483 1.61358 -8.0483 5.39895 
-13 -2 0 -54.7677 -8.85594 2.93281 3.14122 -2.1932 1.25014 -2.1932 5.88515 -0.635387 1.25014 -0.635387 1.28289 
-14 0 2 -56.4215 -3.73652 8.76007 13.6222 -22.1438 -4.03737 -22.1438 70.5626 7.77006 -4.03737 7.77006 6.56343 
-34 -7 -1 -138.035 -30.0146 -6.53566 0.950648 0.117048 -11.3167 0.117048 0.808118 -7.8511 -11.3167 -7.8511 721.595 
-37 1 -1 -148.946 5.85516 -5.73021 3.38676 0.141377 -1.3947 0.141377 0.729043 0.21224 -1.3947 0.21224 11.8257 
-28 9 0 -114.698 39.274 -2.6034 21.5225 5.3095 -5.87665 5.3095 17.5051 -5.87344 -5.87665 -5.87344 5.19104 
-14 5 0 -56.9504 22.4436 -1.00197 1.2966 0.232733 -0.54804 0.232733 1.25235 -0.555388 -0.54804 -0.555388 0.920476 
-31 3 -1 -125.843 13.4522 -4.42162 5.33257 -4.62575 -59.1221 -4.62575 27.7471 50.6597 -59.1221 50.6597 772.664 
-13 2 0 -53.5319 10.3169 -1.7232 4.34025 2.60491 -29.4735 2.60491 2.187 -15.3778 -29.4735 -15.3778 368.745 
-29 -12 -1 -117.256 -49.2763 -6.03379 0.725533 -0.239651 -3.56418 -0.239651 3.3304 0.0748361 -3.56418 0.0748361 108.616 
-28 8 -1 -113.904 32.6745 -4.37036 7.9055 -23.7018 70.1706 -23.7018 81.9694 -245.498 70.1706 -245.498 772.4 
-16 5 0 -64.3608 21.9088 1.60917 28.9751 1.17716 0.931175 1.17716 5.43592 -0.796819 0.931175 -0.796819 0.573505 
-13 -3 0 -54.7982 -15.0826 -1.75676 6.9602 9.69603 -81.6829 9.69603 19.2652 -141.149 -81.6829 -141.149 1165.84 
-31 10 -1 -125.365 41.831 -4.53065 3.70214 1.49376 -39.2685 1.49376 1.40253 -15.8126 -39.2685 -15.8126 534.188 
-31 11 -1 -125.734 45.4167 -4.43216 0.549269 0.0979819 -1.34988 0.0979819 0.842307 1.56488 -1.34988 1.56488 58.6852 
-29 8 -1 -118.433 33.2871 -4.15066 2.24582 2.34061 -23.2917 2.34061 3.92893 -30.6702 -23.2917 -30.6702 359.311 
-32 -9 0 -131.542 -38.8187 -2.43595 8.36664 0.416931 1.10256 0.416931 2.03188 -0.042813 1.10256 -0.042813 1.41157 
-13 -11 1 -52.219 -44.6457 4.92365 97.7417 -68.2962 32.288 -68.2962 65.189 -34.4331 32.288 -34.4331 21.0523 
-23 -9 1 -93.5656 -37.4572 4.57161 5.6021 -3.53297 1.18081 -3.53297 14.8941 -4.70034 1.18081 -4.70034 7.28787 
-34 3 0 -138.188 14.7826 -3.24625 0.815967 0.0361263 1.04749 0.0361263 0.757742 -0.973259 1.04749 -0.973259 8.13702 
-26 -12 0 -105.756 -49.0669 0.251018 1.70683 -1.46343 -0.567504 -1.46343 5.1521 0.0551137 -0.567504 0.0551137 0.47536 
-32 3 -1 -130.244 13.8666 -5.32133 0.858479 -0.221414 2.66792 -0.221414 0.546337 -1.25258 2.66792 -1.25258 28.6359 
-35 -10 0 -142.779 -43.472 -3.04108 4.21158 0.237173 -0.492159 0.237173 7.28781 0.913406 -0.492159 0.913406 2.4004 
-26 -5 -1 -105.828 -22.4005 -6.02918 1.28429 0.402259 -14.2978 0.402259 0.666903 -10.4819 -14.2978 -10.4819 358.605 
-36 3 0 -145.822 14.7777 -3.0276 1.6216 -8.57261 -3.54539 -8.57261 90.0523 26.2191 -3.54539 26.2191 17.3994 
-26 -10 0 -105.546 -41.758 -3.2824 8.86607 -1.31809 -1.91965 -1.31809 0.913123 0.378148 -1.91965 0.378148 5.53773 
-16 5 1 -64.5027 21.9487 4.38405 14.3997 1.78193 1.5034 1.78193 4.04721 4.60815 1.5034 4.60815 19.1057 
-36 1 -1 -146.021 5.97634 -5.79592 0.730992 -0.0433802 0.645216 -0.0433802 0.847265 -3.1627 0.645216 -3.1627 79.2995 
-30 -7 -1 -123.381 -31.1627 -6.3288 28.1288 3.49552 -143.38 3.49552 1.78647 -11.0662 -143.38 -11.0662 880.335 
-33 -10 0 -133.269 -40.5515 -2.65172 2.67933 0.281408 -0.174449 0.281408 5.44216 -0.967096 -0.174449 -0.967096 1.21219 
-32 -10 0 -131.582 -40.6537 -3.24428 5.07691 -1.65911 0.749254 -1.65911 5.69923 -0.886331 0.749254 -0.886331 21.428 
-31 -1 0 -124.295 -4.56078 -1.81521 17.3187 -3.50802 -1.04316 -3.50802 10.2378 1.65365 -1.04316 1.65365 1.68214 
-25 -9 0 -103.084 -38.2403 1.37296 1.98786 0.567091 -0.313682 0.567091 1.21652 -0.439188 -0.313682 -0.439188 0.521022 
-18 -8 0 -75.5905 -33.4572 0.546803 20.4493 2.78536 2.66931 2.78536 1.86873 -0.357755 2.66931 -0.357755 0.91832 
-26 -8 0 -104.572 -35.5234 -2.01348 10.7706 -4.3717 -0.869429 -4.3717 11.7941 0.935582 -0.869429 0.935582 0.462889 
-25 -8 0 -101.571 -34.1386 0.296602 2.24692 -1.28405 -0.613925 -1.28405 1.64815 0.387352 -0.613925 0.387352 0.383222 
-35 -7 0 -142.711 -31.6904 -2.93878 2.836 -0.601977 -0.477083 -0.601977 18.7614 0.832741 -0.477083 0.832741 2.36063 
-37 9 -1 -149.01 37.1135 -5.38907 13.9316 3.156 59.4661 3.156 2.9764 2.85171 59.4661 2.85171 385.037 
-24 -7 0 -98.6596 -31.5936 -0.538662 3.26241 -0.729671 0.220485 -0.729671 11.5692 0.523227 0.220485 0.523227 0.318835 
-15 -1 1 -61.5626 -7.21427 4.95186 2.23003 0.281062 -0.492933 0.281062 5.62603 1.93501 -0.492933 1.93501 2.93978 
-19 -6 0 -77.1287 -27.7362 -1.02422 19.5969 32.7371 -2.17773 32.7371 92.182 -5.36248 -2.17773 -5.36248 0.532881 
-30 12 0 -120.964 48.5492 -2.87806 25.2527 10.7175 -10.9158 10.7175 19.441 -5.17292 -10.9158 -5.17292 7.32743 
-33 3 0 -133.923 15.5976 -2.75396 1.9239 -6.66346 -2.39891 -6.66346 45.9807 8.20343 -2.39891 8.20343 8.30495 
-32 -2 0 -128.155 -11.2545 -3.44935 232.195 8.92415 -37.6653 8.92415 6.13956 -6.49045 -37.6653 -6.49045 20.7436 
-33 8 0 -134.143 34.2903 -2.32757 1.74871 1.23348 -0.192345 1.23348 5.70193 2.07233 -0.192345 2.07233 1.95572 
-31 7 0 -127.116 30.5768 1.20838 1.29171 0.30826 -0.297895 0.30826 1.13217 -0.158487 -0.297895 -0.158487 0.467141 
-35 -2 0 -140.443 -8.26443 -2.45152 11.7649 3.69771 -0.289834 3.69771 41.1361 -0.482823 -0.289834 -0.482823 1.22009 
-34 -1 0 -138.906 -6.79703 -1.92325 2.30614 0.0162906 0.00983317 0.0162906 1.92083 -0.0408117 0.00983317 -0.0408117 0.806356 
-30 0 0 -123.714 -2.06649 -2.25005 17.1813 -0.116517 -0.299622 -0.116517 0.16568 0.130173 -0.299622 0.130173 0.931273 
-31 1 0 -125.482 4.39686 -1.61319 2.64976 -0.0107467 0.204855 -0.0107467 16.0105 0.567057 0.204855 0.567057 0.900993 
-37 -4 -1 -149.005 -18.0289 -6.71592 3.14855 0.115239 -1.1055 0.115239 0.748494 -0.963927 -1.1055 -0.963927 12.7064 
-35 1 0 -141.298 5.34501 -3.1834 21.3875 -5.90395 -1.82501 -5.90395 26.3276 1.83865 -1.82501 1.83865 6.39885 
-35 3 0 -141.757 14.8474 -3.33933 0.781107 -1.43401 0.784747 -1.43401 17.1598 -2.17955 0.784747 -2.17955 3.21792 
-12 -10 0 -50.7736 -42.3744 1.1584 3.58521 0.0756309 -0.211724 0.0756309 0.78884 0.106029 -0.211724 0.106029 0.489723 
-13 0 1 -54.8942 -3.2665 5.99542 3.31566 1.10101 -0.223031 1.10101 3.97699 1.02681 -0.223031 1.02681 1.52699 
-29 8 0 -117.872 34.4525 -3.92138 3.15986 3.08476 -26.736 3.08476 4.57921 -20.3022 -26.736 -20.3022 497.821 
-28 8 0 -114.397 33.9898 -3.85729 2.87822 -7.55786 27.306 -7.55786 37.9759 -162.253 27.306 -162.253 769.211 
-27 9 0 -109.555 36.9796 -2.77915 6.3583 1.66849 0.777321 1.66849 10.4166 0.249435 0.777321 0.249435 1.8396 
-23 9 0 -94.6177 38.7927 -0.398671 3.92891 -0.984348 0.691516 -0.984348 2.55595 -0.431263 0.691516 -0.431263 0.509503 
-29 10 0 -119.119 42.4973 -3.13136 5.18421 3.17248 -2.40289 3.17248 3.0744 -2.74902 -2.40289 -2.74902 4.22167 
-30 7 -1 -121.803 29.9835 -4.90979 0.800262 -0.307106 1.39679 -0.307106 16.247 -76.9678 1.39679 -76.9678 382.077 
-36 -1 -1 -145.995 -6.00524 -6.35787 0.733872 0.00294703 0.765088 0.00294703 0.907981 -2.33741 0.765088 -2.33741 35.593 
-33 10 0 -133.607 41.9704 -1.29 2.52221 1.09311 -0.499587 1.09311 1.53404 -0.297977 -0.499587 -0.297977 0.423832 
-36 -10 -1 -145.811 -41.9214 -6.77109 0.730435 -0.00265808 -0.557507 -0.00265808 0.955173 11.0912 -0.557507 11.0912 729.242 
-25 10 0 -101.714 41.813 -3.06279 20.7465 -44.1283 3.08993 -44.1283 97.6027 -8.63125 3.08993 -8.63125 5.87297 
-34 -5 -1 -138.064 -21.8947 -6.38165 2.27384 0.925837 -31.3821 0.925837 1.19431 -17.2828 -31.3821 -17.2828 652.876 
-15 1 0 -62.9239 6.0778 -0.270576 3.51422 16.9405 -10.6208 16.9405 98.3037 -64.1592 -10.6208 -64.1592 42.5348 
-21 -7 0 -86.2292 -29.5594 1.12753 4.16962 -5.63586 2.67855 -5.63586 9.10369 -3.83224 2.67855 -3.83224 2.94451 
-33 11 0 -135.153 45.4409 -1.85029 3.06472 1.34641 -0.315782 1.34641 3.3519 -0.611224 -0.315782 -0.611224 0.796762 
-12 3 0 -50.6501 13.4661 -0.498039 3.93774 -0.629949 -0.261602 -0.629949 1.00755 0.378409 -0.261602 0.378409 1.90812 
-37 0 -1 -148.904 0.199941 -5.93176 3.65584 0.106589 -1.48766 0.106589 0.209027 -0.310654 -1.48766 -0.310654 5.20681 
-26 -9 0 -104.624 -37.7065 -1.08402 7.75478 0.642191 -1.0139 0.642191 1.04512 -0.157048 -1.0139 -0.157048 0.479663 
-12 -11 0 -50.9006 -45.6453 0.239637 3.48776 -0.46262 0.110919 -0.46262 1.59799 -0.271628 0.110919 -0.271628 0.285044 
-25 -10 0 -102.802 -40.2258 -2.47555 2.79285 -7.05185 2.09811 -7.05185 208.835 -21.8775 2.09811 -21.8775 4.06794 
-31 -1 -1 -125.948 -5.73985 -5.64234 3.75027 2.04206 -47.7546 2.04206 2.29453 -34.2187 -47.7546 -34.2187 788.91 
-13 -9 0 -53.6188 -37.653 0.00376461 1.57095 -0.288589 0.470895 -0.288589 1.26065 -0.506834 0.470895 -0.506834 0.526548 
-15 -9 0 -61.2573 -36.5718 0.585961 1.4871 6.01884 -0.668654 6.01884 124.595 -7.46566 -0.668654 -7.46566 0.661523 
-36 -5 -1 -146.028 -21.8118 -6.8295 0.832805 -0.158203 7.93625 -0.158203 1.03376 -14.7826 7.93625 -14.7826 735.996 
-12 -6 0 -50.7256 -25.441 2.64516 22.2383 19.714 -2.98327 19.714 26.0446 -3.96151 -2.98327 -3.96151 0.744554 
-15 -8 0 -61.3801 -33.5141 0.787293 1.04456 0.365522 0.0117353 0.365522 1.24442 0.0673799 0.0117353 0.0673799 0.247497 
-30 9 -1 -122.315 37.4719 -4.30913 9.0363 0.822533 -78.2741 0.822533 1.09256 -6.48176 -78.2741 -6.48176 747.182 
-24 9 0 -96.3863 38.7386 -1.79883 29.6706 10.1756 -1.45149 10.1756 9.47641 -0.433266 -1.45149 -0.433266 0.364479 
-15 -7 0 -63.0398 -31.1763 -1.29045 2.71576 3.14054 0.0789692 3.14054 7.83405 0.0445102 0.0789692 0.0445102 0.356127 
-32 -1 0 -130.291 -4.19429 -3.12704 1.55098 -1.40045 -2.09969 -1.40045 29.8463 2.61102 -2.09969 2.61102 26.7373 
-31 4 0 -125.939 17.0567 -3.14491 49.1574 -235.195 -49.8366 -235.195 1188.43 281.598 -49.8366 281.598 96.2937 
-32 -11 -1 -130.1 -45.9753 -6.37613 1.44683 0.237167 -17.7531 0.237167 0.780515 -0.808699 -17.7531 -0.808699 632.941 
-22 10 0 -90.4542 43.2506 -1.14409 4.19625 -4.39428 1.29934 -4.39428 7.67836 -1.87006 1.29934 -1.87006 0.802458 
-19 -7 0 -77.4601 -29.1824 0.285278 0.806803 -0.0764892 -0.0367274 -0.0764892 1.53377 0.28111 -0.0367274 0.28111 0.201337 
-16 -9 0 -65.6799 -38.5196 0.716462 72.7481 -53.7344 4.20533 -53.7344 41.354 -1.94226 4.20533 -1.94226 1.27426 
-16 3 0 -65.1802 13.1538 -2.23154 1.62825 -0.251769 -23.3692 -0.251769 4.0673 25.385 -23.3692 25.385 700.014 
-13 -12 0 -53.6599 -49.0179 -1.09199 8.74799 -0.910833 1.09487 -0.910833 3.19974 -0.0539178 1.09487 -0.0539178 0.807429 
-13 -10 0 -53.3787 -41.8324 -1.20643 11.399 -0.448268 -2.48123 -0.448268 0.661147 0.242597 -2.48123 0.242597 1.22084 
-32 -9 -1 -130.668 -38.334 -6.01081 1.15079 0.0149833 0.663442 0.0149833 0.965711 0.313743 0.663442 0.313743 2.6256 
-18 -9 0 -74.3993 -37.3249 -1.07261 45.5255 -3.09134 45.444 -3.09134 1.22213 -2.55538 45.444 -2.55538 46.0438 
-13 -8 0 -53.5907 -33.8295 1.08751 0.560731 -0.0926107 -0.0165851 -0.0926107 0.970913 0.202402 -0.0165851 0.202402 0.303201 
-16 -7 0 -65.4366 -31.0331 -0.0303678 1.53435 0.874324 0.161518 0.874324 5.11509 0.761939 0.161518 0.761939 0.355243 
-35 -1 0 -140.605 -7.03846 -1.81909 8.73932 -0.74646 -0.829067 -0.74646 2.73066 -0.310586 -0.829067 -0.310586 0.886295 
-12 -9 0 -50.905 -37.6171 0.10143 3.73064 0.440952 0.144234 0.440952 0.704392 0.229108 0.144234 0.229108 0.586525 
-24 -8 0 -98.7141 -33.6513 1.72653 1.57893 0.373467 0.198842 0.373467 0.797252 0.270445 0.198842 0.270445 0.30748 
-16 -8 0 -65.1267 -32.7266 1.2594 1.09474 0.132806 -0.0113404 0.132806 3.91578 -0.238715 -0.0113404 -0.238715 0.246556 
-28 11 0 -113.689 44.3546 -2.61218 152.267 -189.35 98.4896 -189.35 281.027 -134.814 98.4896 -134.814 68.8517 
-15 -3 0 -61.317 -14.4887 -2.29467 7.0319 11.6596 -68.4162 11.6596 22.6959 -127.412 -68.4162 -127.412 749.219 
-31 -6 -1 -125.732 -25.6974 -6.22494 1.16626 0.0374199 3.03806 0.0374199 0.449439 0.785324 3.03806 0.785324 106.02 
-13 -7 0 -52.6257 -31.5841 -1.18532 5.51304 -2.29767 0.415773 -2.29767 16.3122 1.30298 0.415773 1.30298 1.91445 
-31 -9 -1 -126.147 -37.721 -6.28344 0.588134 -0.0332402 -0.273643 -0.0332402 0.848236 -10.8886 -0.273643 -10.8886 567.105 
-12 -11 1 -50.9628 -44.6133 5.37371 4.12427 -0.106582 0.143712 -0.106582 7.42848 -1.51307 0.143712 -1.51307 1.31323 
-14 -3 0 -58.302 -14.052 -1.93833 9.49285 11.6116 -77.4079 11.6116 16.0994 -102.771 -77.4079 -102.771 697.684 
-15 0 0 -60.9455 1.71286 -1.99657 3.23017 -0.0339978 -20.6552 -0.0339978 0.391885 2.91605 -20.6552 2.91605 173.313 
-32 8 0 -129.018 32.5865 -0.779071 1.5032 0.0178336 0.357718 0.0178336 4.8566 -0.758673 0.357718 -0.758673 0.473471 
-14 1 0 -58.407 6.82131 -1.92064 5.94708 2.85303 10.5741 2.85303 2.46266 1.17757 10.5741 1.17757 207.936 
-18 4 0 -73.2543 17.5686 -2.00472 19.0146 16.2878 15.1609 16.2878 19.9312 14.4075 15.1609 14.4075 20.6837 
-15 2 0 -62.7043 9.61125 -2.16638 7.09221 3.99126 -36.3535 3.99126 3.06396 -21.9014 -36.3535 -21.9014 603.996 
-14 2 0 -58.844 9.21703 -1.96318 1.55624 -0.117874 -7.77848 -0.117874 1.23476 9.95511 -7.77848 9.95511 317.083 
-12 -12 0 -50.9022 -49.1578 -2.75248 5.40619 0.502655 2.90764 0.502655 5.27275 5.02134 2.90764 5.02134 13.7763 
-32 10 0 -131.369 41.7091 -0.643298 7.93188 -2.6683 2.01468 -2.6683 3.51903 -1.72106 2.01468 -1.72106 2.28216 
-15 6 0 -61.6612 26.7727 -1.86999 6.03741 0.74466 -66.3617 0.74466 1.55189 -18.2822 -66.3617 -18.2822 1092.35 
-33 -9 0 -133.119 -38.8319 -1.92503 2.48861 -0.116945 -0.087259 -0.116945 2.16907 0.049156 -0.087259 0.049156 0.574248 
-18 -12 0 -75.936 -48.9454 -0.465795 2197.66 -78.3098 73.8776 -78.3098 5.96868 -3.1712 73.8776 -3.1712 4.98441 
-35 -11 0 -142.744 -44.5481 -2.96314 2.98338 -1.07787 0.203217 -1.07787 9.17681 -0.0501274 0.203217 -0.0501274 1.78587 
-26 -12 1 -104.174 -48.6655 4.45168 337.391 -122.841 -47.5418 -122.841 57.1324 19.685 -47.5418 19.685 14.6816 
-15 -2 0 -61.9349 -9.27743 0.959708 1.4008 -0.645976 -0.0929136 -0.645976 2.22712 0.174454 -0.0929136 0.174454 0.396781 
-32 0 -1 -130.17 -0.417067 -5.51916 0.844227 -0.00396243 -0.209953 -0.00396243 0.241741 -0.481775 -0.209953 -0.481775 18.4595 
-15 -1 0 -62.0174 -6.72353 1.52018 1.15104 0.423268 -0.218012 0.423268 2.2015 -0.187516 -0.218012 -0.187516 0.476335 
-14 -1 0 -57.2244 -5.48692 2.40419 1.06116 -0.509717 -0.185106 -0.509717 1.14131 0.283739 -0.185106 0.283739 0.623155 
-13 0 0 -54.4679 -2.15562 0.632023 1.48302 -0.167589 0.292451 -0.167589 0.239478 0.14871 0.292451 0.14871 0.457938 
-12 1 0 -50.8698 7.32849 -1.5305 5.00764 -0.835014 -32.7908 -0.835014 2.04868 18.8869 -32.7908 18.8869 518.888 
-17 3 0 -68.4669 12.4915 -0.519928 23.7584 -19.724 -1.90507 -19.724 41.4048 0.58409 -1.90507 0.58409 2.92578 
-13 4 0 -53.4152 17.5239 -1.69299 2.56215 -2.49658 -11.4581 -2.49658 4.12639 8.86509 -11.4581 8.86509 195.347 
-12 6 0 -50.8827 25.7173 -1.50739 4.10164 -0.931037 -1.68832 -0.931037 1.86718 -12.6175 -1.68832 -12.6175 171.375 
-12 7 0 -50.6943 28.8204 -1.4799 13.9441 0.197839 49.3909 0.197839 3.51095 0.739615 49.3909 0.739615 255.527 
-22 -9 0 -89.3571 -38.4795 1.74949 2.00418 1.61543 -0.240718 1.61543 3.4901 -0.419808 -0.240718 -0.419808 0.577001 
-23 -9 0 -93.6889 -38.2288 2.01368 1.28648 -0.483356 -0.115623 -0.483356 2.78318 -0.851163 -0.115623 -0.851163 0.843339 
-21 -6 0 -85.998 -25.9458 2.2285 2.26118 1.65611 -1.03463 1.65611 2.19702 -0.612534 -1.03463 -0.612534 0.762425 
-25 -12 0 -103.052 -48.9734 2.34492 1.62182 0.283163 0.247722 0.283163 3.9076 -0.231733 0.247722 -0.231733 0.781011 
-13 -1 0 -54.2885 -5.92649 1.69374 1.30144 0.125179 0.237905 0.125179 0.790288 0.0410813 0.237905 0.0410813 0.539428 
-13 7 0 -52.807 29.0658 -1.36599 39.4501 -8.29655 145.609 -8.29655 3.57335 -20.3413 145.609 -20.3413 1611.79 
-25 -11 0 -103.22 -47.0785 1.10965 2.90348 0.325324 -0.228906 0.325324 5.44269 0.519112 -0.228906 0.519112 0.562225 
-21 -9 0 -86.9559 -38.4112 1.43426 4.05873 -0.946566 0.934202 -0.946566 1.98994 -1.07092 0.934202 -1.07092 1.14658 
-22 -5 0 -88.7438 -22.1544 1.79424 8.34124 0.633917 -0.509528 0.633917 1.20628 0.143037 -0.509528 0.143037 0.296474 
-16 -1 0 -64.3732 -7.24196 0.0279616 25.0399 8.0064 -10.8841 8.0064 10.3726 -7.64635 -10.8841 -7.64635 8.19839 
-19 -8 0 -77.438 -33.0129 1.75389 0.871717 -1.19878 0.302658 -1.19878 4.2855 -1.08822 0.302658 -1.08822 1.21712 
-26 -11 1 -104.295 -47.5983 4.24409 70.893 5.69494 -11.6999 5.69494 42.7891 56.7493 -11.6999 56.7493 105.662 
-12 -10 1 -50.6386 -42.5786 5.44963 5.6116 -1.21795 0.017983 -1.21795 1.01936 -0.171091 0.017983 -0.171091 1.02965 
-22 -9 1 -88.8729 -38.0038 5.0554 5.31495 4.82602 -3.66732 4.82602 10.4619 -5.61715 -3.66732 -5.61715 5.17791 
-13 -9 1 -55.3605 -36.3059 5.13601 7.35072 2.66851 -1.41773 2.66851 21.2377 -0.52458 -1.41773 -0.52458 2.57643 
-24 -8 1 -99.07 -34.1236 5.37716 4.18869 -0.0847543 0.163149 -0.0847543 1.42756 -0.0757655 0.163149 -0.0757655 1.31257 
-16 -8 1 -65.3494 -32.9238 4.90521 1.94489 -1.1775 -0.121993 -1.1775 2.75705 -0.217687 -0.121993 -0.217687 2.98357 
-16 -7 1 -65.6996 -31.7378 4.84189 8.54128 -7.74448 -1.27906 -7.74448 66.5735 7.29546 -1.27906 7.29546 6.51969 
-18 -7 1 -73.435 -30.2007 4.78294 5.154 7.447 -1.20372 7.447 40.3203 -32.049 -1.20372 -32.049 32.4648 
-33 1 -1 -133.675 5.96578 -5.21882 0.729287 0.00474727 -1.34005 0.00474727 0.844434 -0.318001 -1.34005 -0.318001 13.2276 
-20 -7 1 -81.6171 -29.3538 5.09145 11.9157 8.47155 9.74408 8.47155 10.909 3.31871 9.74408 3.31871 13.6398 
-36 6 -1 -146.478 25.6174 -5.62935 0.755804 0.276931 -4.37242 0.276931 0.785923 -4.98976 -4.37242 -4.98976 493.275 
-26 9 0 -106.383 38.1922 -3.49801 14.1483 1.12927 -32.8002 1.12927 28.9676 -122.899 -32.8002 -122.899 591.155 
-12 -6 1 -50.8716 -26.1884 5.16739 2.7042 0.0618638 0.0233576 0.0618638 0.770568 0.289542 0.0233576 0.289542 2.01554 
-31 -5 -1 -126.395 -21.721 -6.15018 1.4004 0.875592 -1.44631 0.875592 1.16192 -5.16325 -1.44631 -5.16325 355.989 
-14 -2 1 -56.7675 -8.99552 5.09525 2.11364 1.16359 -1.10613 1.16359 3.25166 -1.85433 -1.10613 -1.85433 3.95854 
-13 -2 1 -54.8978 -8.91553 4.81055 2.25327 -0.579204 0.432222 -0.579204 2.77831 -0.748478 0.432222 -0.748478 1.37064 
-28 1 -1 -114.521 5.44806 -4.72312 2.44634 2.45801 -31.3244 2.45801 3.79422 -39.5269 -31.3244 -39.5269 550.254 
