-14 -18 1 -56.7049 -75.7371 4.9952 28.4707 40.7278 -11.8475 40.7278 101.052 -13.9263 -11.8475 -13.9263 16.3689 
-26 -13 1 -104.399 -53.6297 4.39658 22.5335 -0.663285 -0.985864 -0.663285 10.0432 -0.142242 -0.985864 -0.142242 10.7101 
-13 -18 1 -55.0736 -75.3894 4.42164 6.94087 -0.508155 -3.09619 -0.508155 3.04379 0.766493 -3.09619 0.766493 15.4488 
-20 -28 1 -81.6482 -114.251 5.55293 739.883 447.843 297.166 447.843 333.27 192.429 297.166 192.429 123.937 
-21 -18 1 -86.9198 -75.263 4.36313 1.39384 0.836535 5.50584 0.836535 5.26407 14.6164 5.50584 14.6164 97.448 
-21 -19 1 -87.0142 -76.3827 4.36387 3.09665 2.83399 3.08177 2.83399 16.8295 -0.830249 3.08177 -0.830249 19.2567 
-22 -19 1 -88.4991 -76.8607 4.43167 97.3135 81.1894 -262.543 81.1894 75.5193 -240.469 -262.543 -240.469 776.371 
-13 -19 1 -55.0728 -77.8857 4.76065 4.05867 0.234352 1.11436 0.234352 0.61177 0.130677 1.11436 0.130677 4.02703 
-14 -19 1 -56.9179 -78.1088 4.74279 3.65317 -0.50249 -0.648636 -0.50249 0.767705 -0.146211 -0.648636 -0.146211 3.99 
-14 -20 1 -56.8184 -80.3659 4.80626 56.3538 7.79153 -6.61022 7.79153 10.703 -4.88702 -6.61022 -4.88702 5.1699 
-31 -17 -1 -126.036 -70.035 -5.82721 0.786135 0.185286 3.25869 0.185286 1.61692 14.3544 3.25869 14.3544 226.465 
-31 -18 -1 -126.037 -73.9281 -5.59937 0.951126 0.0338973 1.76099 0.0338973 0.867904 -1.21475 1.76099 -1.21475 28.7448 
-23 -20 -1 -94.0042 -80.695 -4.28587 0.896099 0.0733341 -2.26134 0.0733341 5.94217 3.62953 -2.26134 3.62953 51.2186 
-35 -32 -2 -141.762 -131.118 -8.08298 0.8293 -0.223106 -3.27573 -0.223106 3.52504 -2.95362 -3.27573 -2.95362 399.25 
-24 -18 0 -98.7803 -73.709 -3.66823 2.00333 0.813929 -0.302439 0.813929 1.44549 -2.41299 -0.302439 -2.41299 18.0036 
-32 -13 -1 -129.833 -53.8734 -6.13525 1.80823 -1.3514 -24.3757 -1.3514 2.74622 37.1603 -24.3757 37.1603 665.412 
-33 -14 -1 -133.845 -58.1438 -6.07599 2.00929 -0.768957 -27.6003 -0.768957 1.224 18.2847 -27.6003 18.2847 588.497 
-21 -17 -1 -85.8405 -70.1783 -4.49917 0.749989 0.106613 -0.514176 0.106613 1.46572 -1.96767 -0.514176 -1.96767 20.2014 
-33 -16 -1 -134.002 -66.0324 -6.18714 2.03967 -0.295324 -29.8258 -0.295324 0.842469 8.24541 -29.8258 8.24541 712.597 
-33 -19 -1 -133.965 -78.2627 -5.73746 0.768381 0.0687993 -0.262721 0.0687993 0.943418 -0.134168 -0.262721 -0.134168 4.27775 
-26 -15 0 -105.674 -61.2271 -2.18172 1.36737 0.589966 -0.120874 0.589966 1.64544 -0.653825 -0.120874 -0.653825 1.25648 
-28 -18 -1 -113.925 -74.1015 -5.29964 2.14753 -0.449732 -31.4108 -0.449732 0.921968 11.0272 -31.4108 11.0272 705.824 
-26 -17 -1 -105.974 -69.868 -5.0245 1.07897 0.0599947 -5.00107 0.0599947 0.778088 -1.66869 -5.00107 -1.66869 70.5089 
-32 -21 -1 -129.762 -85.7488 -5.90523 0.782862 0.0743338 -0.744762 0.0743338 0.859248 -1.22501 -0.744762 -1.22501 8.76038 
-25 -24 -2 -102.705 -98.712 -8.37818 1549.55 -61.2365 121.017 -61.2365 4.40463 -1.15593 121.017 -1.15593 42.3757 
-17 -17 -1 -70.1146 -70.4962 -4.41561 1.22112 -0.35084 4.97487 -0.35084 1.76422 -3.87458 4.97487 -3.87458 58.6527 
-32 -15 -1 -129.979 -61.9998 -5.96247 0.956539 0.411757 -7.9606 0.411757 1.6454 -16.8447 -7.9606 -16.8447 359.279 
-33 -22 -1 -133.885 -89.5255 -5.60841 0.863185 0.119588 0.113808 0.119588 0.841873 -0.2013 0.113808 -0.2013 2.81388 
-35 -12 -1 -142.054 -50.9887 -6.5685 1.59497 0.413565 22.5095 0.413565 3.24667 11.0783 22.5095 11.0783 574.359 
-37 -13 -1 -149.063 -53.8646 -6.40854 3.51404 -0.158145 0.982735 -0.158145 0.753736 -0.468575 0.982735 -0.468575 3.80027 
-13 -19 -1 -54.0003 -78.0061 -4.116 1.05959 -0.829701 -13.3414 -0.829701 2.85673 35.8456 -13.3414 35.8456 620.774 
-36 -15 -1 -146.012 -61.9973 -6.57993 0.771496 0.00587866 -4.4106 0.00587866 0.752841 -1.51241 -4.4106 -1.51241 743.692 
-22 -23 0 -90.6507 -94.7266 -1.97885 26.6722 60.4815 -5.74751 60.4815 173.756 -10.4168 -5.74751 -10.4168 2.78088 
-35 -16 -1 -141.997 -65.9737 -6.5157 1.33989 -0.168193 -20.8926 -0.168193 0.815064 5.13757 -20.8926 5.13757 732.793 
-35 -21 -1 -141.953 -86.3895 -6.37441 0.935851 0.0250808 -0.858477 0.0250808 0.935635 1.19793 -0.858477 1.19793 7.48494 
-29 -19 -1 -118.001 -77.962 -5.47681 3.81855 -0.340951 -46.6908 -0.340951 0.822853 5.83345 -46.6908 5.83345 709.489 
-27 -21 0 -110.203 -85.3483 -0.765199 1.01605 0.0892267 -0.0100048 0.0892267 1.21978 -0.118508 -0.0100048 -0.118508 0.266739 
-35 -17 -1 -142.139 -70.226 -5.94652 0.975845 0.211182 0.80875 0.211182 1.36372 1.33536 0.80875 1.33536 3.64036 
-28 -19 0 -113.728 -79.4769 -2.93092 3.80091 -0.385975 -3.82102 -0.385975 7.79037 0.0151577 -3.82102 0.0151577 7.23034 
-12 -16 0 -50.8696 -66.2039 -1.36141 3.0226 -0.239094 -0.255876 -0.239094 0.964062 0.0385209 -0.255876 0.0385209 0.70355 
-34 -17 -1 -138.226 -69.9882 -5.89662 0.730643 -0.115472 -0.272283 -0.115472 1.08273 0.87533 -0.272283 0.87533 4.43689 
-34 -15 -1 -138.065 -62.0513 -6.31366 1.71502 0.968499 -21.8478 0.968499 1.77772 -21.6732 -21.8478 -21.6732 484.064 
-12 -17 -1 -51.1281 -70.9547 -4.22003 4.20961 0.312984 -13.3479 0.312984 3.66556 -16.5639 -13.3479 -16.5639 337.297 
-32 -16 -1 -129.82 -65.8604 -6.0341 1.71447 -0.108918 -21.6827 -0.108918 0.797606 0.466957 -21.6827 0.466957 513.743 
-26 -23 0 -106.483 -94.273 -1.54335 0.926005 3.57273 -0.214183 3.57273 102.426 -3.42137 -0.214183 -3.42137 1.50681 
-27 -22 -1 -108.656 -90.1798 -4.97244 747.946 -30.8069 6.39076 -30.8069 2.06625 -0.605746 6.39076 -0.605746 3.30612 
-37 -30 -1 -148.947 -121.901 -7.3751 3.04176 -0.0143607 3.2665 -0.0143607 1.75048 -19.1818 3.2665 -19.1818 338.74 
-37 -32 -2 -149.077 -131.193 -8.06199 4.24507 0.230319 -41.4031 0.230319 5.81583 -5.34438 -41.4031 -5.34438 1045.11 
-23 -36 0 -93.3691 -145.808 -0.32483 119.433 -14.6565 0.172431 -14.6565 7.52131 -0.270403 0.172431 -0.270403 0.258422 
-33 -23 -1 -134.218 -93.8662 -5.88829 0.845146 -0.0721646 0.459629 -0.0721646 0.811632 -0.594327 0.459629 -0.594327 8.00399 
-31 -19 -1 -126.18 -77.8575 -5.72087 0.96185 -0.16551 2.34233 -0.16551 1.07024 -2.66533 2.34233 -2.66533 27.777 
-24 -33 -2 -97.8392 -133.356 -8.67693 1.75507 -1.98561 -1.69857 -1.98561 4.36279 0.478911 -1.69857 0.478911 5.2746 
-25 -17 0 -101.297 -68.555 -2.49022 2.68047 0.00634013 -0.767593 0.00634013 4.00175 -0.849331 -0.767593 -0.849331 1.20008 
-36 -20 -1 -146.114 -82.2882 -6.72143 0.811676 0.0188336 -0.637712 0.0188336 0.868378 -2.42521 -0.637712 -2.42521 81.4916 
-22 -34 -1 -91.2359 -137.146 -6.25569 8.46543 19.5527 -3.07137 19.5527 276.756 -7.34503 -3.07137 -7.34503 2.5328 
-28 -16 -1 -114.051 -66.172 -5.15962 1.00203 -0.0841176 0.173566 -0.0841176 1.00695 0.602528 0.173566 0.602528 16.0681 
-17 -21 0 -70.1716 -86.9106 -1.91759 1.44337 -0.794997 -1.78392 -0.794997 1.33908 2.00146 -1.78392 2.00146 11.116 
-32 -28 -1 -130.108 -114.432 -7.22027 0.932435 -0.0493474 -1.39418 -0.0493474 1.57608 8.48432 -1.39418 8.48432 93.1763 
-31 -19 0 -127.012 -77.2773 -2.26148 2.97397 0.191425 0.519195 0.191425 2.32284 -0.506954 0.519195 -0.506954 1.63014 
-23 -33 -1 -95.6101 -132.664 -7.10585 133.523 -3.95809 -8.62967 -3.95809 8.68741 -3.35753 -8.62967 -3.35753 5.26694 
-37 -15 -1 -148.971 -62.1035 -6.57471 2.9281 -0.121532 1.77766 -0.121532 0.742553 1.46438 1.77766 1.46438 326.565 
-25 -18 0 -101.119 -73.8048 -2.56741 70.5198 -41.5677 3.58859 -41.5677 27.4436 -0.549976 3.58859 -0.549976 1.81234 
-28 -17 -1 -113.987 -69.9603 -5.3212 1.56582 0.0931358 -24.4283 0.0931358 0.776006 -2.00315 -24.4283 -2.00315 729.111 
-36 -22 -1 -145.866 -90.0375 -6.84485 3.8627 0.344369 -19.9489 0.344369 0.776104 -1.97295 -19.9489 -1.97295 131.637 
-37 -22 -1 -148.993 -90.0101 -6.97559 3.27882 -0.339104 13.3837 -0.339104 1.24201 -19.1712 13.3837 -19.1712 752.122 
-37 -19 -1 -149.033 -78.0645 -6.64602 3.697 0.587474 -21.2905 0.587474 1.46872 -23.095 -21.2905 -23.095 706.344 
-36 -19 -1 -145.595 -77.8285 -6.29412 0.91646 0.0262416 -0.706333 0.0262416 0.868286 -0.480989 -0.706333 -0.480989 2.77569 
-35 -23 -1 -142.031 -93.6816 -6.18285 0.927468 0.144098 -0.754641 0.144098 1.10897 -1.84606 -0.754641 -1.84606 7.97281 
-32 -30 -1 -129.435 -121.279 -7.33984 0.985744 -0.342461 -0.521806 -0.342461 2.09891 -7.21773 -0.521806 -7.21773 42.0544 
-20 -18 -1 -81.9522 -74.0665 -4.52844 0.782633 -0.00020617 0.614497 -0.00020617 2.35208 34.349 0.614497 34.349 752.382 
-22 -25 -1 -91.9187 -102.865 -6.713 1768.74 -10.4477 -181.837 -10.4477 1.85069 1.27373 -181.837 1.27373 106.553 
-34 -29 -1 -137.933 -117.967 -7.15339 0.802479 -0.259641 4.45284 -0.259641 1.02351 -8.4371 4.45284 -8.4371 265.106 
-27 -16 -1 -109.732 -65.8391 -4.97719 1.19302 0.189319 -2.54605 0.189319 0.79452 -1.44795 -2.54605 -1.44795 18.478 
-25 -23 -1 -102.624 -94.7049 -5.57754 11.1775 14.3508 -1.15798 14.3508 22.1338 -1.55784 -1.15798 -1.55784 1.28711 
-33 -17 -1 -133.752 -69.6435 -5.59472 0.68302 0.100698 -0.199998 0.100698 0.805407 0.537432 -0.199998 0.537432 4.40534 
-25 -22 0 -103.373 -89.2231 -2.99073 7.80595 0.892884 -2.00076 0.892884 2.03112 -0.94654 -2.00076 -0.94654 3.57442 
-36 -23 -1 -145.85 -94.0832 -6.94015 3.18027 0.524557 -15.6406 0.524557 0.838192 -3.50041 -15.6406 -3.50041 102.946 
-31 -25 -1 -126.61 -103.473 -7.47565 4.76021 -2.46974 9.28973 -2.46974 7.48055 -5.19318 9.28973 -5.19318 21.331 
-32 -24 -1 -130.105 -97.9184 -6.48593 0.762724 0.110553 0.486127 0.110553 0.779475 -0.63247 0.486127 -0.63247 4.97243 
-37 -24 -1 -148.928 -98.1445 -7.14309 3.13307 -0.139282 7.73517 -0.139282 0.78621 -3.42832 7.73517 -3.42832 365.369 
-35 -25 -1 -141.844 -101.987 -6.64017 0.640682 -0.106028 0.0546272 -0.106028 0.921453 -0.22807 0.0546272 -0.22807 1.63994 
-27 -28 -2 -110.495 -114.351 -8.18954 1.652 2.70454 -3.32006 2.70454 5.96386 0.769678 -3.32006 0.769678 313.935 
-36 -25 -1 -146.136 -102.05 -7.21096 0.781777 0.0994514 -2.31469 0.0994514 0.929616 -4.86818 -2.31469 -4.86818 177.996 
-37 -31 -1 -149.082 -125.861 -7.61555 3.36415 -0.563094 9.41657 -0.563094 1.60301 -13.5842 9.41657 -13.5842 244.721 
-36 -37 0 -145.79 -149.173 2.44031 1.01674 1.16504 -0.112346 1.16504 4.54842 0.00836008 -0.112346 0.00836008 0.459234 
-37 -25 -1 -148.894 -102.003 -7.15097 3.9248 0.0354516 11.9909 0.0354516 0.7465 0.581903 11.9909 0.581903 268.847 
-35 -26 -1 -142.102 -106.066 -7.36672 1.47215 0.585106 18.6573 0.585106 1.25715 15.8543 18.6573 15.8543 478.137 
-26 -16 0 -105.369 -64.9993 -3.49995 1.86209 1.8005 -0.21589 1.8005 4.49107 0.955968 -0.21589 0.955968 11.6226 
-37 -26 -1 -148.937 -106.09 -7.14869 3.48009 -0.161045 3.5015 -0.161045 0.78208 -1.32088 3.5015 -1.32088 269.972 
-31 -12 -1 -126.684 -50.8679 -6.17249 2.12624 -1.29489 -32.8287 -1.29489 3.89836 37.0905 -32.8287 37.0905 1150.76 
-30 -22 -1 -122.132 -89.7539 -5.62957 0.903989 0.0434149 0.11932 0.0434149 1.23008 -8.83938 0.11932 -8.83938 259.509 
-36 -36 -2 -145.236 -146.301 -8.65701 2.48998 -0.63834 -2.80694 -0.63834 0.658061 2.24758 -2.80694 2.24758 41.231 
-37 -34 -2 -148.935 -138.693 -8.27538 4.95656 0.611518 16.3425 0.611518 2.22083 -7.95851 16.3425 -7.95851 248.237 
-23 -37 -1 -93.9766 -149.38 -6.28216 169.266 -38.1844 9.61215 -38.1844 26.3607 -7.0074 9.61215 -7.0074 2.55224 
-30 -14 -1 -122.11 -57.7504 -5.68078 1.23115 -0.412577 -11.7425 -0.412577 1.89777 28.1332 -11.7425 28.1332 648.174 
-16 -19 1 -67.075 -78.696 4.24807 10.2651 62.7177 -91.6954 62.7177 456.28 -640.7 -91.6954 -640.7 956.312 
-32 -12 -1 -130.323 -51.1155 -6.29222 1.90551 -0.35648 -29.2536 -0.35648 3.81117 17.5791 -29.2536 17.5791 796.398 
-19 -20 0 -77.6995 -81.268 -2.21385 0.958347 -0.432109 -0.0602481 -0.432109 2.17877 0.141431 -0.0602481 0.141431 0.808089 
-19 -15 0 -76.0932 -62.0308 -0.964642 753.897 -25.3583 16.111 -25.3583 1.61082 -0.563031 16.111 -0.563031 1.32163 
-34 -12 -1 -138.095 -51.0486 -6.58989 1.35456 -0.67408 -21.3802 -0.67408 3.86471 21.8592 -21.3802 21.8592 670.325 
-34 -24 -1 -137.948 -98.2112 -6.27076 1.01642 -0.107655 -0.493116 -0.107655 1.21942 0.884867 -0.493116 0.884867 2.67366 
-14 -21 0 -59.2128 -86.2669 -1.94356 5.34704 0.555952 1.44747 0.555952 0.854774 0.978389 1.44747 0.978389 6.9831 
-37 -14 -1 -148.926 -57.7888 -6.58937 3.47532 0.0842544 -15.2082 0.0842544 0.877068 6.46137 -15.2082 6.46137 807.105 
-36 -18 -1 -145.669 -74.0149 -6.23068 0.960652 1.71381e-05 -0.793776 1.71381e-05 0.745977 0.0190053 -0.793776 0.0190053 3.20278 
-24 -20 -1 -97.8164 -80.7779 -4.3531 0.900268 -0.957828 -1.38464 -0.957828 10.0851 2.6427 -1.38464 2.6427 22.8275 
-36 -13 -1 -145.99 -54.0213 -6.55374 0.809703 -0.013838 -1.11781 -0.013838 0.757835 0.665879 -1.11781 0.665879 18.6902 
-32 -27 -1 -130.457 -110.425 -7.59748 1.19176 -0.0234405 1.36998 -0.0234405 0.550734 0.298957 1.36998 0.298957 15.3998 
-37 -33 -2 -148.712 -134.495 -8.18555 2.85134 -0.0854705 7.32344 -0.0854705 1.08935 -3.69414 7.32344 -3.69414 146.91 
-36 -21 -1 -145.877 -85.804 -6.83023 0.966849 0.097563 -6.12329 0.097563 0.771837 -1.83485 -6.12329 -1.83485 177.367 
-36 -18 0 -144.437 -74.0087 -2.97806 21.005 -0.232017 -2.29663 -0.232017 0.432848 0.28082 -2.29663 0.28082 2.02034 
-33 -13 -1 -134.295 -54.0514 -6.29455 2.3554 -2.01598 -33.1864 -2.01598 3.56326 45.7614 -33.1864 45.7614 746.187 
-30 -13 -1 -122.502 -53.9403 -5.8971 0.907161 -0.727429 -10.257 -0.727429 2.58303 32.4597 -10.257 32.4597 525.68 
-35 -20 -1 -142.037 -82.0534 -6.60851 0.812686 -0.0952603 -2.76902 -0.0952603 0.755187 1.89563 -2.76902 1.89563 102.368 
-30 -23 -1 -122.609 -93.4406 -5.73662 1.60853 0.197895 3.13161 0.197895 1.23813 0.930499 3.13161 0.930499 35.0582 
-37 -12 -1 -149.149 -51.2327 -6.36109 3.51348 -0.1946 0.950697 -0.1946 3.84298 2.32949 0.950697 2.32949 5.18753 
-18 -16 0 -74.025 -67.2552 -1.32378 0.827012 -0.245967 0.0506209 -0.245967 16.3739 -3.13239 0.0506209 -3.13239 1.34567 
-23 -34 -1 -94.1417 -137.106 -6.09471 1.31844 -1.01685 0.054677 -1.01685 34.6055 -1.43136 0.054677 -1.43136 1.0181 
-31 -23 0 -126.503 -95.1335 -3.41679 38.1452 -2.02738 -0.731073 -2.02738 7.19906 2.96966 -0.731073 2.96966 24.2843 
-18 -20 0 -73.9781 -81.2079 -2.3148 0.722932 -0.0141102 0.0643219 -0.0141102 1.56004 -0.0283899 0.0643219 -0.0283899 1.18522 
-32 -23 -1 -129.95 -94.0458 -6.01168 1.42435 -0.876189 -13.894 -0.876189 2.0029 18.2712 -13.894 18.2712 299.396 
-31 -20 -1 -126.059 -82.0859 -5.91364 1.45969 -0.0590679 -22.8564 -0.0590679 0.732146 1.08646 -22.8564 1.08646 676.86 
-33 -21 -1 -134.127 -86.3663 -6.10137 0.75907 -0.0499197 0.17293 -0.0499197 0.896656 1.81069 0.17293 1.81069 12.4701 
-34 -31 -1 -137.297 -125.998 -7.697 1.11571 -0.954105 13.5427 -0.954105 3.85239 -32.5051 13.5427 -32.5051 401.351 
-26 -13 -1 -106.725 -53.7966 -4.50144 3.1059 0.331185 -5.56069 0.331185 0.780558 -1.14841 -5.56069 -1.14841 23.2171 
-36 -35 -2 -146.283 -142.369 -8.54908 12.2695 0.456794 46.5813 0.456794 0.548122 0.75639 46.5813 0.75639 281.291 
-25 -16 -1 -103.578 -67.1547 -4.02408 14.1397 3.15255 -71.622 3.15255 5.36331 30.9005 -71.622 30.9005 3529.65 
-18 -12 0 -75.7254 -50.8528 -0.461043 132.76 3.57645 -3.05866 3.57645 3.28347 -1.21804 -3.05866 -1.21804 2.1938 
-31 -34 -1 -125.946 -136.32 -7.54862 6.1047 0.619509 -1.18557 0.619509 13.3197 -1.17277 -1.18557 -1.17277 11.7863 
-13 -18 -1 -53.9341 -73.9404 -4.27222 1.1409 -0.0288169 -17.1631 -0.0288169 0.730256 0.870164 -17.1631 0.870164 722.205 
-37 -20 -1 -149.037 -82.1297 -6.75648 3.3095 0.338924 -7.32184 0.338924 0.960253 -5.99348 -7.32184 -5.99348 239.18 
-36 -32 -2 -145.781 -130.799 -8.09489 0.824564 -0.494523 4.17451 -0.494523 1.65503 -11.616 4.17451 -11.616 349.99 
-13 -17 -1 -53.8762 -71.0359 -4.15843 0.847316 -0.309966 4.18873 -0.309966 3.40618 -10.3338 4.18873 -10.3338 229.486 
-34 -18 -1 -138.095 -73.909 -5.84683 0.6351 0.0713238 0.0598138 0.0713238 0.930537 -0.52655 0.0598138 -0.52655 3.32416 
-34 -13 -1 -137.874 -53.8828 -6.45307 1.64977 -1.32483 -25.4772 -1.32483 2.72758 37.6506 -25.4772 37.6506 712.94 
-35 -35 -2 -142.114 -142.181 -8.74648 1.06375 -0.0713519 10.6328 -0.0713519 2.02891 -24.6484 10.6328 -24.6484 692.738 
-36 -17 -1 -145.805 -70.1447 -6.36696 1.01382 -0.0740763 -1.53032 -0.0740763 0.877311 0.969862 -1.53032 0.969862 9.27377 
-27 -17 -1 -110.07 -69.8984 -5.19455 1.56455 -0.188377 -22.7107 -0.188377 0.780368 5.23021 -22.7107 5.23021 736.696 
-30 -26 -2 -121.561 -104.762 -8.09175 3.53332 -28.8646 46.725 -28.8646 596.403 -828.982 46.725 -828.982 1310.91 
-20 -16 0 -81.8831 -66.6568 -3.18581 0.820683 0.261101 -1.8212 0.261101 2.71843 -5.77752 -1.8212 -5.77752 47.5159 
-29 -22 -1 -117.646 -89.7379 -4.47902 1.56027 0.233177 -0.281573 0.233177 1.89573 -0.413326 -0.281573 -0.413326 6.92382 
-13 -18 0 -54.2813 -74.6229 0.581997 1.23267 -0.562338 0.00246912 -0.562338 1.62723 0.552599 0.00246912 0.552599 0.492011 
-37 -17 -1 -149.002 -70.0074 -6.56698 3.45928 -0.0331705 -16.1631 -0.0331705 0.753824 2.78746 -16.1631 2.78746 742.666 
-35 -28 -1 -142.011 -114.035 -7.01111 1.2864 -0.0362867 13.4528 -0.0362867 0.757145 -3.13122 13.4528 -3.13122 326.644 
-35 -15 -1 -141.921 -61.9677 -6.47864 1.56329 0.728298 -23.7948 0.728298 1.40661 -20.6495 -23.7948 -20.6495 675.74 
-32 -17 -1 -129.975 -70.0992 -5.60402 0.814716 0.227119 0.32733 0.227119 1.14401 1.16249 0.32733 1.16249 5.62653 
-14 -18 -1 -58.0749 -73.9564 -4.40785 1.37769 -0.130497 -15.0255 -0.130497 0.696604 1.14163 -15.0255 1.14163 377.574 
-19 -19 0 -77.9939 -78.8468 -2.4423 0.88608 0.63707 -0.25429 0.63707 2.66636 0.261855 -0.25429 0.261855 1.52956 
-25 -15 0 -102.681 -62.9721 -1.98412 3.28198 1.34234 -3.59347 1.34234 3.66275 -2.1522 -3.59347 -2.1522 7.12401 
-33 -18 -1 -133.721 -73.7777 -5.64878 0.63381 -0.104837 -0.441584 -0.104837 1.37004 -0.35293 -0.441584 -0.35293 3.98531 
-34 -35 -2 -138.853 -142.41 -8.87234 8.25525 -5.55233 60.7096 -5.55233 6.82919 -75.7064 60.7096 -75.7064 1092.22 
-19 -14 0 -76.0177 -59.1107 -0.129727 1718.48 -30.5142 29.054 -30.5142 3.64389 -2.09095 29.054 -2.09095 4.00511 
-27 -18 -1 -110.132 -74.0294 -5.1223 2.19584 -1.1455 -32.4463 -1.1455 1.74462 25.774 -32.4463 25.774 716.059 
-33 -12 -1 -134.002 -51.0192 -6.42948 3.22466 -1.65998 -45.2557 -1.65998 3.75408 27.4014 -45.2557 27.4014 895.966 
-29 -13 0 -118.245 -54.1069 -2.6863 40.7937 45.1223 1.59333 45.1223 215.379 -0.341204 1.59333 -0.341204 3.13955 
-13 -16 0 -53.1515 -66.2402 -1.96948 1.48062 0.299665 -0.512389 0.299665 0.914768 -0.345133 -0.512389 -0.345133 2.7922 
-14 -17 1 -59.257 -71.0965 4.09691 206.344 49.9123 -28.6302 49.9123 16.89 17.4415 -28.6302 17.4415 430.382 
-33 -27 -1 -134.434 -110.343 -7.47044 0.99678 0.569641 7.56536 0.569641 1.8998 18.974 7.56536 18.974 297.411 
-37 -21 -1 -149.015 -85.7396 -6.83904 3.13056 0.069172 -1.68201 0.069172 1.08272 -9.14125 -1.68201 -9.14125 337.313 
-25 -25 -2 -102.811 -101.491 -8.22689 706.6 -11.7548 96.3237 -11.7548 1.16183 1.50705 96.3237 1.50705 53.3071 
-29 -21 -1 -118.331 -85.0136 -5.27442 1.76268 -1.56303 -5.7746 -1.56303 3.08937 7.9508 -5.7746 7.9508 33.7146 
-13 -21 0 -52.8362 -85.7456 -1.75694 3.09131 -0.451832 0.594256 -0.451832 0.939513 -0.23905 0.594256 -0.23905 0.859189 
-37 -37 -2 -149.138 -149.293 -8.90093 1361.57 987.731 -180.19 987.731 726.162 -70.7292 -180.19 -70.7292 590.896 
-35 -14 -1 -142.249 -57.8461 -5.91111 0.935693 -0.0583991 0.625842 -0.0583991 0.833261 -0.407069 0.625842 -0.407069 1.90202 
-19 -20 -1 -78.0291 -80.9865 -4.16763 0.728828 0.0140842 0.531068 0.0140842 3.11467 2.43293 0.531068 2.43293 157.149 
-37 -37 0 -149.137 -149.031 -1.51251 4.85439 -1.40003 0.109577 -1.40003 4.85703 0.479044 0.109577 0.479044 0.668831 
-30 -21 -1 -122.204 -85.886 -5.56993 1.00323 -0.0192786 -4.22008 -0.0192786 0.765828 0.670018 -4.22008 0.670018 109.571 
-33 -20 -1 -133.929 -82.2521 -6.04066 0.839128 0.0381746 -0.489457 0.0381746 0.930257 0.985791 -0.489457 0.985791 6.59793 
-36 -16 -1 -146.003 -66.0057 -6.59307 0.820458 -0.0612266 -6.94339 -0.0612266 0.786641 5.77407 -6.94339 5.77407 738.472 
-25 -27 -2 -101.572 -108.733 -8.42315 229.548 218.107 210.845 218.107 211.527 158.442 210.845 158.442 1183.6 
-22 -20 0 -90.0208 -81.323 -2.43264 0.851314 0.651576 0.0620611 0.651576 3.30095 0.12054 0.0620611 0.12054 0.949277 
-35 -33 -2 -142.484 -133.949 -8.25224 1.20603 -0.156564 -1.61345 -0.156564 1.87819 -14.7161 -1.61345 -14.7161 212.592 
-36 -28 -1 -146.347 -113.877 -7.02264 1.5821 -0.327472 -6.80328 -0.327472 0.797172 1.59734 -6.80328 1.59734 70.9214 
-28 -20 0 -113.393 -81.4581 -2.94315 1.4236 0.531152 -0.0728003 0.531152 1.74843 0.60193 -0.0728003 0.60193 3.09069 
-32 -20 -1 -130.203 -82.1459 -5.90334 0.845165 -0.0930295 0.4779 -0.0930295 0.636125 0.716945 0.4779 0.716945 7.13609 
-23 -37 -2 -94.0502 -149.137 -9.30671 774.726 -36.9697 -198.025 -36.9697 17.8331 21.1999 -198.025 21.1999 62.1194 
-36 -29 -1 -146.254 -118.016 -7.12088 1.28894 0.313497 -8.2909 0.313497 0.93455 -4.53677 -8.2909 -4.53677 131.252 
-32 -19 -1 -130.097 -78.1487 -5.59106 1.06125 -0.0854098 0.0805608 -0.0854098 0.78911 -0.508178 0.0805608 -0.508178 5.9991 
-36 -26 -1 -146.115 -106.069 -7.21455 0.99569 0.174473 6.31018 0.174473 0.833547 3.69658 6.31018 3.69658 218.708 
-36 -12 -1 -146.008 -50.9956 -6.60767 1.45031 -0.26187 -22.9051 -0.26187 3.11835 8.41494 -22.9051 8.41494 734.214 
-33 -36 -2 -134.052 -145.008 -8.94937 6.70806 -15.9087 -12.5145 -15.9087 43.5549 40.3291 -12.5145 40.3291 61.4896 
-28 -20 -1 -113.881 -81.4242 -4.86429 0.901585 0.215598 -1.56456 0.215598 1.012 -0.40891 -1.56456 -0.40891 8.94792 
-23 -19 0 -92.9685 -79.1077 -2.90579 3.29288 -0.712102 0.0865453 -0.712102 2.44119 0.226323 0.0865453 0.226323 2.98388 
-36 -33 -2 -145.701 -134.034 -8.24517 0.74285 -0.00707327 4.02801 -0.00707327 1.32843 -9.39527 4.02801 -9.39527 159.777 
-22 -33 -1 -91.2246 -133.873 -6.87183 34.0794 -29.6425 29.0849 -29.6425 34.1867 -41.5203 29.0849 -41.5203 61.0488 
-21 -14 0 -85.8693 -58.2506 -1.49827 566.461 -26.7027 -8.49464 -26.7027 2.60161 0.108054 -8.49464 0.108054 1.18489 
-30 -12 -1 -122.137 -50.9844 -6.0328 1.11428 -1.39932 -15.5377 -1.39932 5.66517 25.0526 -15.5377 25.0526 555.04 
-31 -13 -1 -125.808 -54.0105 -5.99648 1.55251 -1.22646 -21.2394 -1.22646 2.63208 35.4374 -21.2394 35.4374 630.36 
-17 -20 0 -69.8959 -81.1141 -2.01621 0.757314 0.0988429 -0.145435 0.0988429 1.72573 -0.198388 -0.145435 -0.198388 0.625039 
-16 -18 0 -66.0832 -75.0007 0.198996 1.0471 -0.292776 0.0791863 -0.292776 1.44846 -0.0564825 0.0791863 -0.0564825 0.472853 
-14 -18 0 -58.1181 -73.6737 0.420361 0.92249 0.285993 -0.0522672 0.285993 0.858072 0.158162 -0.0522672 0.158162 0.42921 
-32 -18 -1 -130.014 -73.9059 -5.59588 1.15246 0.0790511 -0.374552 0.0790511 0.861265 -0.482529 -0.374552 -0.482529 4.99627 
-20 -28 -1 -81.5323 -115.165 -6.70223 1.44759 1.26011 1.00346 1.26011 10.0938 4.11938 1.00346 4.11938 4.43149 
-35 -34 -2 -142.02 -136.716 -8.38085 1.02408 -0.126631 9.40941 -0.126631 11.5337 -63.7762 9.40941 -63.7762 523.447 
-24 -33 -1 -98.3724 -134.064 -6.43929 3.82064 -3.42002 0.208668 -3.42002 5.15177 0.04572 0.208668 0.04572 0.885887 
-34 -32 -1 -139.16 -129.539 -7.92996 138.74 72.921 -359.022 72.921 59.0933 -453.385 -359.022 -453.385 6068.23 
-23 -25 -1 -93.2932 -101.394 -6.60909 43.5453 24.0109 19.9877 24.0109 13.7305 8.64445 19.9877 8.64445 94.3055 
-31 -28 -1 -127.367 -114.952 -7.18727 6.8475 2.78191 11.0885 2.78191 2.7356 7.24052 11.0885 7.24052 31.8781 
-27 -23 -1 -108.749 -93.4561 -5.17747 111.366 3.6164 -2.02634 3.6164 1.69531 0.118568 -2.02634 0.118568 2.14461 
-36 -14 0 -144.518 -57.624 -1.95677 7.5292 0.470568 -0.37483 0.470568 1.42674 -0.177605 -0.37483 -0.177605 1.43825 
-34 -16 -1 -138.139 -65.9505 -6.3675 2.41614 -0.025728 -34.2731 -0.025728 0.770746 1.62893 -34.2731 1.62893 731.652 
-28 -16 0 -114.876 -65.7388 -2.52281 110.936 64.1446 1.48305 64.1446 81.2651 -1.41896 1.48305 -1.41896 1.59657 
-33 -26 -1 -134.431 -105.827 -7.44339 1.10362 0.163389 0.822312 0.163389 1.21264 -2.27905 0.822312 -2.27905 14.8318 
-35 -36 -2 -142.462 -145.009 -8.85039 2.26271 -4.24111 24.7753 -4.24111 11.7503 -46.2506 24.7753 -46.2506 460.701 
-31 -21 -1 -126.204 -86.1574 -5.61545 0.793287 0.0265804 0.48565 0.0265804 0.789528 0.406339 0.48565 0.406339 6.46092 
-23 -16 0 -94.2433 -66.8887 -2.80694 1.11975 0.937302 -1.16292 0.937302 3.47415 -2.32756 -1.16292 -2.32756 4.47263 
-31 -24 -1 -126.388 -97.3745 -6.66447 2.64338 9.43497 -16.0772 9.43497 79.9146 -141.944 -16.0772 -141.944 253.989 
-32 -22 -1 -129.894 -89.9404 -6.07248 2.02067 0.2038 -30.3805 0.2038 0.772528 -4.53552 -30.3805 -4.53552 702.154 
-29 -18 -1 -117.94 -74.0859 -5.47312 2.47047 0.187873 -35.057 0.187873 0.752916 -3.97064 -35.057 -3.97064 695.737 
-22 -17 -1 -89.9534 -69.941 -4.58095 0.708144 0.115837 -0.652209 0.115837 1.36723 -2.4187 -0.652209 -2.4187 21.2326 
-31 -33 -1 -125.844 -135.154 -7.15572 6.02023 -3.13824 -2.27758 -3.13824 8.1827 2.01693 -2.27758 2.01693 4.09409 
-29 -14 -1 -117.081 -59.4682 -5.21277 4.78508 6.22462 -0.553058 6.22462 12.6393 4.70175 -0.553058 4.70175 12.8909 
-34 -23 -1 -137.728 -93.8792 -6.04446 0.930888 0.208869 -1.31313 0.208869 1.17271 -2.20125 -1.31313 -2.20125 11.2642 
-33 -23 0 -133.97 -94.097 -0.151173 60.4145 -4.58264 0.475421 -4.58264 7.47989 0.10781 0.475421 0.10781 0.256406 
-36 -17 0 -144.531 -71.2889 -2.97959 8.62 -0.0482783 -0.144845 -0.0482783 5.58701 0.857549 -0.144845 0.857549 3.40802 
-35 -13 -1 -142.098 -54.2229 -6.37889 0.784144 0.0348656 0.583667 0.0348656 0.749985 0.762228 0.583667 0.762228 5.93877 
-23 -34 0 -94.1307 -137.098 -3.85087 1.76438 -3.88713 1.73216 -3.88713 32.4094 6.85628 1.73216 6.85628 113.177 
-35 -32 -1 -142.434 -129.921 -7.91931 1.19774 -1.14304 14.7068 -1.14304 3.92516 -45.6187 14.7068 -45.6187 750.587 
-32 -18 0 -128.317 -72.8762 -2.08292 29.5823 -0.652819 1.77019 -0.652819 1.11406 -0.283204 1.77019 -0.283204 1.54382 
-30 -19 -1 -122.049 -77.9334 -5.72859 3.28072 0.414685 -41.8265 0.414685 0.796205 -7.45822 -41.8265 -7.45822 695.742 
-30 -20 -1 -121.906 -82.0754 -5.71379 3.28946 -1.03207 -37.2434 -1.03207 1.22007 15.571 -37.2434 15.571 548.081 
-34 -21 -1 -137.808 -86.2205 -6.30228 1.07815 -0.134597 -1.90614 -0.134597 0.839603 1.66075 -1.90614 1.66075 16.1216 
-36 -30 -1 -146.073 -121.948 -7.32718 1.1448 0.460432 -5.66902 0.460432 1.54753 -9.98997 -5.66902 -9.98997 118.478 
-34 -25 -1 -137.945 -102.289 -6.24737 0.879682 -0.0567813 -0.149889 -0.0567813 0.825452 -0.255903 -0.149889 -0.255903 1.16663 
-32 -29 -1 -129.861 -117.651 -7.13286 0.944849 0.317553 -2.7848 0.317553 0.67697 -1.286 -2.7848 -1.286 48.1537 
-29 -20 -1 -117.985 -82.0138 -5.39391 4.12117 -1.39452 -40.6321 -1.39452 1.36361 17.3475 -40.6321 17.3475 484.527 
-21 -16 0 -86.0896 -66.2819 -2.99334 0.93641 -0.211095 0.485315 -0.211095 1.77693 -2.00363 0.485315 -2.00363 5.83283 
-26 -23 -1 -106.331 -94.5596 -4.73906 11.1232 -0.258657 -24.6868 -0.258657 6.79889 2.43361 -24.6868 2.43361 58.4018 
-36 -31 -1 -146.06 -125.879 -7.66275 1.24249 0.857087 -7.20861 0.857087 2.11806 -14.6651 -7.20861 -14.6651 185.717 
-35 -31 -1 -142.454 -125.681 -7.61283 1.33559 0.12966 -2.755 0.12966 2.93814 -19.4075 -2.755 -19.4075 207.699 
-25 -26 -1 -102.727 -104.766 -7.26539 4.0077 -2.86302 -0.786832 -2.86302 7.16968 0.070755 -0.786832 0.070755 5.35995 
-15 -20 0 -62.6206 -81.4957 -2.23901 1.10814 0.639902 0.238331 0.639902 2.0729 0.221214 0.238331 0.221214 0.811351 
-37 -18 -1 -149.003 -74.0022 -6.57358 4.02911 0.139739 -26.7046 0.139739 0.75186 -3.04224 -26.7046 -3.04224 737.947 
-33 -30 -1 -134.514 -120.853 -7.34337 0.583196 -0.622412 0.649885 -0.622412 7.27433 -25.9946 0.649885 -25.9946 253.203 
-20 -17 0 -81.8636 -68.9255 -3.62862 0.870142 1.17461 -2.62956 1.17461 14.4232 -31.3916 -2.62956 -31.3916 119.281 
-29 -12 -1 -117.496 -50.4179 -6.11184 1.90154 -0.459112 -29.4661 -0.459112 10.0122 -1.05438 -29.4661 -1.05438 844.412 
-34 -32 -2 -139.519 -130.152 -8.07933 32.793 -2.53437 -5.3368 -2.53437 1.25454 -2.20359 -5.3368 -2.20359 648.51 
-36 -27 -1 -146.013 -109.938 -7.14834 0.781667 -0.00464645 -0.545231 -0.00464645 0.824244 3.35906 -0.545231 3.35906 135.855 
-16 -19 0 -66.2176 -78.118 -0.280806 0.965774 0.106498 0.0929773 0.106498 0.728158 -0.0456984 0.0929773 -0.0456984 0.314484 
-32 -14 -1 -130.236 -58.3257 -5.92267 1.39496 -0.681336 -19.135 -0.681336 1.55741 21.2555 -19.135 21.2555 617.093 
-34 -14 -1 -138.011 -58.0779 -6.27478 2.27962 -0.737061 -32.2971 -0.737061 1.06857 13.7498 -32.2971 13.7498 652.69 
-13 -20 -1 -54.9577 -80.6447 -4.02934 2.16142 -1.39303 -24.3987 -1.39303 4.53836 17.4924 -24.3987 17.4924 1326.67 
-36 -34 -2 -145.907 -137.562 -8.32422 0.972964 -0.823148 -8.34762 -0.823148 3.76879 -5.43333 -8.34762 -5.43333 596.98 
-31 -17 0 -127.141 -71.6006 -2.34093 4.76862 1.00247 -0.391143 1.00247 15.4666 2.16598 -0.391143 2.16598 2.38421 
-34 -27 -1 -138.124 -110.146 -7.36468 1.06764 0.343346 7.17571 0.343346 1.24144 9.97337 7.17571 9.97337 184.741 
-36 -14 -1 -145.842 -57.9709 -6.47255 0.790155 -0.0571915 -0.86325 -0.0571915 0.77042 0.186882 -0.86325 0.186882 7.12292 
-34 -26 -1 -137.909 -105.717 -7.25959 0.817029 0.0256758 -0.334238 0.0256758 0.940148 -1.69716 -0.334238 -1.69716 8.87923 
-29 -17 -1 -118.075 -69.9596 -5.45099 2.67329 0.175826 -34.109 0.175826 0.754348 -2.5142 -34.109 -2.5142 597.667 
-25 -25 -1 -102.748 -102.218 -7.2374 7.40381 0.617047 -1.03989 0.617047 0.870522 -0.17007 -1.03989 -0.17007 7.06283 
-25 -24 -1 -102.738 -98.4087 -7.24542 705.306 -17.9391 -21.1802 -17.9391 1.25728 2.08204 -21.1802 2.08204 26.6296 
-26 -21 0 -105.966 -85.8339 -2.60804 1.06915 -0.134279 0.00473082 -0.134279 2.00803 -0.317311 0.00473082 -0.317311 3.52371 
-35 -30 -1 -142.03 -121.819 -7.32154 0.64894 -0.0628373 0.515534 -0.0628373 2.28149 -18.9968 0.515534 -18.9968 225.308 
-33 -25 -1 -134.601 -101.874 -7.16071 1.3439 -0.66581 0.283986 -0.66581 1.00487 -0.909952 0.283986 -0.909952 3.7021 
-25 -19 0 -101.481 -78.8406 -2.92179 0.936717 -0.876235 0.294135 -0.876235 4.23648 0.954679 0.294135 0.954679 1.91944 
-18 -15 0 -75.9855 -60.6839 -1.06409 741.587 4.02579 0.098233 4.02579 3.76114 1.16566 0.098233 1.16566 1.19449 
-34 -30 -1 -138.465 -121.835 -7.33753 0.882801 -0.181716 3.69262 -0.181716 2.26616 -19.1917 3.69262 -19.1917 249.074 
-30 -18 -1 -121.886 -73.9833 -5.68951 2.86661 0.18665 -39.2077 0.18665 0.770813 -3.27672 -39.2077 -3.27672 717.079 
-28 -27 -2 -115.376 -110.858 -8.27943 22.3024 25.8772 150.65 25.8772 52.9883 297.082 150.65 297.082 1725.67 
-37 -27 -1 -148.988 -109.96 -7.15712 3.17961 -0.0113619 -2.06849 -0.0113619 0.743048 -1.4988 -2.06849 -1.4988 413.472 
-33 -29 -1 -134.186 -117.623 -7.17403 1.06713 0.310401 4.28691 0.310401 1.07195 -0.983311 4.28691 -0.983311 151.976 
-31 -33 -2 -125.924 -135.103 -8.31814 4.28392 1.55995 4.10865 1.55995 3.18549 -1.07797 4.10865 -1.07797 29.1848 
-17 -19 0 -69.7954 -78.2147 -0.759131 0.885892 -0.0484663 -0.158407 -0.0484663 0.994704 -0.191601 -0.158407 -0.191601 0.408854 
-31 -27 -1 -126.092 -111.005 -7.81187 1.09686 1.19679 12.3173 1.19679 2.20541 20.9777 12.3173 20.9777 321.865 
-36 -36 -1 -145.701 -147.708 -6.14833 519.414 -273.155 10.7291 -273.155 500.921 -16.0493 10.7291 -16.0493 1.30939 
-34 -28 -1 -138.031 -113.739 -7.17054 0.969027 0.0856405 4.8397 0.0856405 0.859434 4.07783 4.8397 4.07783 172.324 
-20 -20 0 -81.8071 -81.6347 -2.40725 0.775105 0.115571 -0.0796165 0.115571 3.40965 0.129027 -0.0796165 0.129027 0.962906 
-37 -28 -1 -149.004 -114.039 -7.1333 3.22444 0.167925 0.549647 0.167925 0.724209 0.0413984 0.549647 0.0413984 324.828 
-37 -35 -2 -149.211 -142.158 -8.62136 7.7915 2.92338 -22.0944 2.92338 3.50975 -23.2075 -22.0944 -23.2075 216.521 
-33 -28 -1 -134.052 -114.123 -7.2485 0.80604 0.0613561 1.38278 0.0613561 1.17224 7.81511 1.38278 7.81511 209.855 
-36 -32 -1 -146.148 -129.531 -7.88477 0.652656 -0.011864 -3.72027 -0.011864 2.18439 -19.1799 -3.72027 -19.1799 369.329 
-35 -27 -1 -142.205 -109.987 -7.21728 0.986517 0.430165 6.17008 0.430165 1.32278 9.39817 6.17008 9.39817 178.181 
-30 -16 -1 -121.869 -66.0193 -5.7042 3.54262 0.766741 -38.312 0.766741 1.01781 -10.6598 -38.312 -10.6598 524.559 
-29 -16 -1 -118.004 -66.0396 -5.45323 2.63956 -0.192251 -37.3403 -0.192251 0.759682 3.75385 -37.3403 3.75385 738.122 
-37 -23 -1 -148.995 -93.9968 -7.01651 3.10243 -0.00511927 -0.0451964 -0.00511927 0.75905 -0.523584 -0.0451964 -0.523584 26.3468 
-19 -19 -1 -78.053 -78.0577 -4.37166 0.887442 0.261327 3.76968 0.261327 1.24786 6.89539 3.76968 6.89539 131.609 
-21 -13 0 -86.2168 -54.8689 -2.15688 32.3292 12.349 25.1972 12.349 13.8411 -13.0783 25.1972 -13.0783 80.2103 
-28 -14 -1 -113.489 -58.2636 -5.34218 1.20761 -0.245383 -2.11668 -0.245383 1.54069 1.45889 -2.11668 1.45889 8.681 
-25 -23 0 -102.498 -94.7193 -1.43141 8.66856 5.75655 -0.0430686 5.75655 10.9559 -0.117912 -0.0430686 -0.117912 0.511936 
-28 -13 -1 -113.282 -53.5577 -5.74939 2.09128 -0.434197 -20.8974 -0.434197 1.04468 7.68182 -20.8974 7.68182 366.513 
-27 -21 -1 -110.336 -85.689 -4.66564 0.747247 0.103996 0.0133601 0.103996 0.820951 -0.181044 0.0133601 -0.181044 6.18897 
-28 -21 -1 -112.561 -85.2495 -4.79984 1.56501 0.653936 -0.831972 0.653936 2.03306 -0.344271 -0.831972 -0.344271 4.80683 
-27 -20 -1 -109.987 -82.2657 -4.51986 0.71289 -0.0128195 -0.250076 -0.0128195 0.837294 -0.471201 -0.250076 -0.471201 8.4893 
-31 -29 -1 -126.777 -117.542 -6.83873 2.41154 0.860656 0.0346868 0.860656 1.68639 0.0867012 0.0346868 0.0867012 5.60702 
-35 -13 0 -143.027 -55.3394 -2.1296 2.32962 0.48109 0.380503 0.48109 5.53606 0.199 0.380503 0.199 1.31604 
-28 -19 -1 -113.982 -78.0355 -5.1575 1.0078 -0.227577 -2.5562 -0.227577 0.9433 2.68019 -2.5562 2.68019 34.0478 
-28 -14 0 -112.126 -58.2976 -3.74693 521.913 -150.998 -281.83 -150.998 60.4294 91.4982 -281.83 91.4982 188.843 
-29 -15 -1 -118.021 -61.8781 -5.10617 1.23067 -0.764302 1.18843 -0.764302 1.53621 -1.81796 1.18843 -1.81796 10.4853 
-28 -15 -1 -114.322 -62.1604 -5.36781 0.793902 0.189487 1.5515 0.189487 0.699323 -0.838004 1.5515 -0.838004 42.2655 
-17 -18 -1 -69.9831 -74.0798 -4.58681 0.779408 -0.00774295 0.436376 -0.00774295 1.40482 13.5682 0.436376 13.5682 281.394 
-27 -15 -1 -110.283 -62.4702 -4.8649 1.19566 -0.105513 -0.997388 -0.105513 0.488331 0.049311 -0.997388 0.049311 5.29099 
-27 -14 -1 -110.101 -58.6443 -4.72263 0.829978 -0.18391 -0.10798 -0.18391 2.07457 0.214461 -0.10798 0.214461 5.0565 
-35 -18 -1 -142.125 -74.079 -6.15343 0.816038 -0.00202736 0.223392 -0.00202736 0.716586 -0.0141502 0.223392 -0.0141502 3.93421 
-37 -16 -1 -149.001 -66.0144 -6.5929 3.27915 -0.123736 -10.4826 -0.123736 0.841345 7.82635 -10.4826 7.82635 760.38 
-27 -12 -1 -109.724 -50.9661 -5.17608 1.43965 -0.37485 -3.36639 -0.37485 4.34945 2.02546 -3.36639 2.02546 13.487 
-27 -19 -1 -110.04 -78.2154 -4.86514 0.862569 -0.378614 -2.78761 -0.378614 1.91964 9.995 -2.78761 9.995 83.5743 
-26 -19 -1 -105.999 -77.9982 -4.80441 1.04647 -0.748884 -13.5029 -0.748884 2.94778 38.078 -13.5029 38.078 689.939 
-25 -19 -1 -102.04 -77.9695 -4.58083 1.03538 -0.28441 -3.05403 -0.28441 1.17329 3.83164 -3.05403 3.83164 38.8035 
-24 -19 0 -98.7115 -78.129 -3.40449 1.30943 -0.168879 1.30503 -0.168879 1.61885 0.559724 1.30503 0.559724 6.48513 
-26 -18 -1 -105.973 -74.0493 -4.97003 1.49699 -0.743551 -23.4051 -0.743551 1.47846 22.9164 -23.4051 22.9164 741.661 
-25 -18 -1 -101.726 -74.0099 -4.7925 1.00236 -0.122282 -2.9558 -0.122282 0.791654 0.012233 -2.9558 0.012233 40.7399 
-17 -18 0 -69.1499 -75.22 -0.306763 1.85718 -0.287283 -0.546408 -0.287283 3.35537 -0.422957 -0.546408 -0.422957 0.694797 
-15 -15 0 -62.0386 -62.7414 1.37642 67.8795 5.25563 2.39814 5.25563 2.42685 -0.52109 2.39814 -0.52109 16.8312 
-17 -17 0 -70.3527 -69.0814 -3.05515 1.14003 -1.05124 0.686808 -1.05124 4.30064 -3.56075 0.686808 -3.56075 6.39446 
-24 -16 0 -98.1191 -66.7704 -2.32288 0.904491 -0.0265037 0.129373 -0.0265037 2.13468 -0.00994906 0.129373 -0.00994906 1.16626 
-29 -13 -1 -118.265 -53.921 -5.40345 11.6596 10.1012 1.64111 10.1012 9.93913 1.87959 1.64111 1.87959 2.21179 
-23 -18 -1 -93.9555 -74.3 -4.59776 0.709528 -0.0500904 -0.376693 -0.0500904 3.06916 13.0613 -0.376693 13.0613 76.4247 
-25 -17 -1 -102.133 -69.8284 -4.66679 1.36176 0.563869 -1.87959 0.563869 1.29513 -2.39674 -1.87959 -2.39674 16.6067 
-24 -17 -1 -97.9085 -70.1163 -4.5358 1.00907 -0.188201 0.506169 -0.188201 1.4318 -3.0098 0.506169 -3.0098 19.4122 
-23 -17 -1 -94.0962 -69.8898 -4.62903 0.867418 -0.0414886 -0.231276 -0.0414886 1.34956 -2.01241 -0.231276 -2.01241 17.3504 
-26 -16 -1 -106.489 -66.257 -4.58101 1.58601 1.05516 -2.63374 1.05516 1.66651 -2.76433 -2.63374 -2.76433 11.2108 
-36 -24 -1 -146.338 -97.9953 -7.12055 1.33081 0.174894 -11.0294 0.174894 0.814464 -3.79584 -11.0294 -3.79584 234.77 
-26 -15 -1 -107.119 -61.8073 -4.48737 2.50518 -0.171794 -3.58831 -0.171794 0.79612 -0.044017 -3.58831 -0.044017 12.8736 
-26 -14 -1 -107.128 -58.2026 -4.44975 2.55212 -0.463747 -3.89018 -0.463747 0.756589 1.47179 -3.89018 1.47179 17.1181 
-23 -21 0 -93.6394 -86.0306 -2.41896 0.673935 -0.287185 -0.113203 -0.287185 1.47411 1.03861 -0.113203 1.03861 4.92647 
-23 -17 0 -93.5119 -68.7216 -3.47187 1.36445 0.345627 -1.47864 0.345627 3.33443 -2.62047 -1.47864 -2.62047 9.65164 
-13 -19 0 -54.4507 -78.204 0.688456 0.922127 0.0248823 0.0831697 0.0248823 0.796359 -0.0428522 0.0831697 -0.0428522 0.316588 
-26 -12 -1 -107.248 -51.1341 -4.51501 1.39808 0.243675 -1.87112 0.243675 3.0717 -1.72624 -1.87112 -1.72624 20.3167 
-13 -14 0 -53.4421 -58.872 -1.3381 10.1276 -4.39613 -2.00204 -4.39613 2.87844 1.08386 -2.00204 1.08386 2.52776 
-35 -37 0 -141.92 -149.221 1.50609 1.573 0.636921 2.05669 0.636921 11.1791 4.03841 2.05669 4.03841 7.43288 
-34 -19 -1 -137.887 -78.0019 -5.97596 0.790259 -0.0456781 -0.0913725 -0.0456781 1.07932 -0.522435 -0.0913725 -0.522435 3.81678 
-21 -21 0 -85.9988 -86.5015 -2.19855 0.894092 -0.418406 0.619468 -0.418406 1.73902 0.624543 0.619468 0.624543 4.79156 
-13 -13 0 -52.5615 -53.59 -1.54691 276.143 117.953 94.3549 117.953 51.1017 41.0681 94.3549 41.0681 34.369 
-28 -22 -1 -115.798 -90.1112 -4.43362 59.3047 -11.7523 -20.3842 -11.7523 24.859 -7.74596 -20.3842 -7.74596 28.2387 
-31 -14 -1 -125.71 -58.0345 -5.80403 2.65413 -0.61209 -30.2292 -0.61209 0.933689 8.44622 -30.2292 8.44622 537.783 
-14 -19 -1 -58.1541 -77.9094 -4.29812 1.76466 -1.12646 -26.1092 -1.12646 2.12801 29.9467 -26.1092 29.9467 650.315 
-34 -22 -1 -138.036 -89.7199 -5.87381 0.953612 0.0529966 -0.519335 0.0529966 0.843616 -0.0678561 -0.519335 -0.0678561 3.26509 
-26 -22 -1 -104.487 -89.999 -4.37419 23.1867 88.0504 -32.9474 88.0504 11888.8 1428.85 -32.9474 1428.85 365.029 
-20 -17 -1 -82.008 -70.3237 -4.44072 0.921002 0.654652 -4.46066 0.654652 2.62414 -12.079 -4.46066 -12.079 123.366 
-25 -21 -1 -103.532 -85.1388 -4.34663 128.199 1.01868 -86.7314 1.01868 0.87708 -0.63084 -86.7314 -0.63084 102.199 
-18 -18 -1 -73.9721 -73.9995 -4.57934 0.729281 0.0344983 1.24263 0.0344983 1.5704 24.3936 1.24263 24.3936 723.914 
-25 -20 -1 -102.573 -81.2726 -4.42716 0.994575 -0.523168 -0.976759 -0.523168 1.35912 2.13177 -0.976759 2.13177 37.8613 
-26 -20 -1 -105.702 -80.7652 -4.46469 0.856555 0.469909 -0.0554292 0.469909 2.51668 1.54943 -0.0554292 1.54943 26.6573 
-16 -18 -1 -65.9882 -73.9887 -4.5927 0.737906 0.073379 1.48673 0.073379 2.28802 33.623 1.48673 33.623 728.635 
-22 -20 -1 -90.2359 -80.8153 -4.14756 0.87121 0.246683 -2.15179 0.246683 5.70935 -0.290469 -2.15179 -0.290469 58.8072 
-24 -19 -1 -97.9355 -77.8278 -4.45176 0.782654 0.0918557 -0.145861 0.0918557 0.769838 0.288379 -0.145861 0.288379 18.9625 
-23 -19 -1 -93.6667 -78.0398 -4.43033 0.942537 -0.038846 -2.39303 -0.038846 0.596372 -0.272542 -2.39303 -0.272542 39.7262 
-18 -19 -1 -74.0611 -78.0911 -4.3931 0.864286 0.196618 3.73014 0.196618 1.18807 7.40874 3.73014 7.40874 167.994 
-15 -19 -1 -61.9478 -78.0993 -4.42083 0.892086 -0.414064 -10.2461 -0.414064 1.70084 25.67 -10.2461 25.67 711.598 
-24 -20 0 -98.1432 -81.4755 -2.51522 0.590325 -0.0879207 -0.0220984 -0.0879207 1.52306 -0.27645 -0.0220984 -0.27645 1.38373 
-17 -19 -1 -69.9515 -78.0581 -4.40438 0.856329 -0.524664 -8.21891 -0.524664 3.36525 42.7135 -8.21891 42.7135 746.103 
-16 -20 0 -66.0587 -81.1276 -1.78024 0.748365 0.011687 0.0804882 0.011687 1.94048 -0.165229 0.0804882 -0.165229 0.503806 
-16 -19 -1 -65.9879 -78.0411 -4.38757 1.01329 0.634674 11.3735 0.634674 2.2111 27.0163 11.3735 27.0163 543.433 
-12 -19 -1 -51.0133 -77.873 -4.09317 3.65934 -1.05852 -18.3848 -1.05852 3.27104 45.2424 -18.3848 45.2424 847.106 
-15 -18 0 -61.8267 -73.1458 0.130871 0.911646 -0.0404464 -0.0597189 -0.0404464 1.9628 -0.0337562 -0.0597189 -0.0337562 0.438887 
-20 -19 -1 -81.9494 -77.5963 -4.30621 0.795842 -0.364621 -2.60465 -0.364621 3.04527 13.6636 -2.60465 13.6636 101.971 
-22 -18 -1 -90.0313 -74.1432 -4.64598 0.739728 -0.0244664 0.977685 -0.0244664 1.39025 9.17528 0.977685 9.17528 124.865 
-31 -16 -1 -125.944 -66.0399 -5.91087 1.33789 -0.154677 -20.9681 -0.154677 0.760994 5.50195 -20.9681 5.50195 708.336 
-21 -18 -1 -86.0379 -74.0489 -4.57781 1.05515 -0.5735 -11.6712 -0.5735 1.7921 21.6082 -11.6712 21.6082 456.846 
-35 -24 -1 -141.721 -97.9878 -6.98224 0.698894 0.133551 -0.617458 0.133551 0.679444 -0.247972 -0.617458 -0.247972 21.9638 
-19 -18 -1 -77.9781 -74.0522 -4.53735 0.757714 0.163453 2.69422 0.163453 2.68959 35.9622 2.69422 35.9622 672.432 
-13 -22 0 -53.9494 -88.8487 -1.67104 1.53372 1.52311 0.411278 1.52311 2.62698 0.305384 0.411278 0.305384 2.9677 
-15 -17 1 -61.9431 -69.7305 4.15218 5.47083 1.01905 0.912486 1.01905 1.06996 -3.50756 0.912486 -3.50756 59.1294 
-30 -17 -1 -121.966 -70.0145 -5.71093 2.95699 -0.480168 -39.8602 -0.480168 0.86749 8.96061 -39.8602 8.96061 713.174 
-15 -18 -1 -61.8064 -74.2074 -4.52332 1.49455 -0.735461 -21.6903 -0.735461 1.56094 24.5082 -21.6903 24.5082 707.943 
-24 -27 -2 -98.7437 -109.124 -8.36604 13.2617 -16.5506 32.9834 -16.5506 22.7848 -60.7868 32.9834 -60.7868 522.397 
-16 -17 -1 -65.9084 -70.1533 -4.53908 0.935498 -0.433588 2.84461 -0.433588 1.55036 -6.83864 2.84461 -6.83864 80.9533 
-15 -17 -1 -62.1598 -70.4115 -4.43847 1.11319 0.750262 -4.61361 0.750262 1.80593 -5.97481 -4.61361 -5.97481 71.4832 
-14 -17 -1 -58.3973 -70.907 -4.2516 1.83156 0.911919 -8.043 0.911919 2.39425 -7.17786 -8.043 -7.17786 90.3606 
-21 -20 0 -86.002 -81.486 -2.38913 0.838815 0.614333 -0.0749231 0.614333 4.35371 -0.487264 -0.0749231 -0.487264 0.965273 
-15 -16 -1 -63.5657 -67.6309 -4.38871 37.1572 18.3777 -11.1234 18.3777 46.8583 -16.2284 -11.1234 -16.2284 33.9905 
-15 -20 -1 -61.9622 -81.1843 -4.13084 0.745486 0.098952 0.682709 0.098952 6.40595 57.1718 0.682709 57.1718 738.697 
-33 -24 -1 -134.364 -97.2549 -6.42686 0.831035 0.173507 0.010052 0.173507 1.11667 -0.430596 0.010052 -0.430596 4.19073 
-27 -15 0 -110.308 -60.2859 -2.73918 4.19936 0.240949 -2.12904 0.240949 30.7153 5.38105 -2.12904 5.38105 5.4303 
-17 -20 -1 -70.0018 -81.1727 -4.20141 0.819732 -0.407269 -7.0747 -0.407269 4.25551 35.1965 -7.0747 35.1965 585.556 
-35 -29 -1 -142.349 -117.844 -7.0385 0.916264 -0.220042 3.13822 -0.220042 1.05706 -5.51045 3.13822 -5.51045 90.4042 
-12 -17 0 -51.0385 -69.8878 -2.32606 2.68842 0.0310749 -0.0423861 0.0310749 0.793854 -0.239066 -0.0423861 -0.239066 1.24881 
-16 -20 -1 -66.0189 -81.199 -4.16222 0.731469 0.0134635 0.645884 0.0134635 4.27947 39.5036 0.645884 39.5036 728.415 
-35 -19 -1 -142.039 -78.0463 -5.90722 0.818263 0.181716 0.28867 0.181716 0.93159 -0.238202 0.28867 -0.238202 1.96379 
-34 -20 -1 -138.032 -82.0444 -6.40779 0.977073 -0.0503711 -1.12465 -0.0503711 0.770025 0.331643 -1.12465 0.331643 34.5988 
-13 -12 0 -54.227 -51.0155 -0.423518 1.77053 -0.495511 0.89853 -0.495511 6.15161 -0.0913505 0.89853 -0.0913505 1.38832 
-14 -20 -1 -58.0599 -81.0621 -4.07371 1.29086 -1.17558 -19.7356 -1.17558 5.17275 48.3542 -19.7356 48.3542 799.55 
-37 -29 -1 -149.006 -118.047 -7.19075 3.16316 -0.0946096 0.945538 -0.0946096 1.04492 -7.44971 0.945538 -7.44971 207.47 
-18 -20 -1 -73.9365 -80.9823 -4.2407 0.745222 0.154765 1.66371 0.154765 4.65963 26.7224 1.66371 26.7224 367.945 
-21 -20 -1 -86.1337 -81.2146 -4.05146 0.778832 0.409361 8.3342 0.409361 10.0827 -2.23477 8.3342 -2.23477 651.669 
-12 -18 -1 -51.0298 -74.0298 -4.20439 3.36485 -0.0134206 -12.8772 -0.0134206 0.746473 4.21414 -12.8772 4.21414 719.93 
-22 -19 -1 -90.007 -77.636 -4.27682 0.77493 0.0609177 1.15891 0.0609177 0.947866 2.76275 1.15891 2.76275 36.1786 
-20 -29 0 -82.9794 -116.76 0.649666 23.759 18.7294 -8.4702 18.7294 23.3536 -8.85772 -8.4702 -8.85772 3.72037 
-27 -23 0 -108.778 -93.3214 -2.12806 92.891 2.09159 -1.17888 2.09159 2.1939 -0.0603036 -1.17888 -0.0603036 0.945822 
-13 -20 1 -54.9997 -80.5489 4.491 11.2303 2.99942 7.27586 2.99942 11.3028 -0.819148 7.27586 -0.819148 10.1833 
-26 -22 0 -104.464 -89.989 -3.06669 18.0621 59.806 -1.13455 59.806 2215.63 -71.4823 -1.13455 -71.4823 4.57273 
-25 -21 0 -102.685 -85.6956 -2.66261 1.24698 0.918315 -0.159408 0.918315 2.33096 0.980771 -0.159408 0.980771 3.93282 
-28 -21 0 -112.26 -85.1982 -2.52407 40.8366 3.82925 -2.83338 3.82925 3.97276 -0.573965 -2.83338 -0.573965 0.778882 
-27 -20 0 -110.009 -82.4064 -2.0144 0.844085 -0.0750842 -0.011222 -0.0750842 1.10463 0.300618 -0.011222 0.300618 0.632453 
-25 -20 0 -102.265 -81.1397 -2.29285 0.954847 -0.489287 0.006829 -0.489287 1.9215 -0.520039 0.006829 -0.520039 1.22464 
-33 -34 -1 -133.631 -138.298 -7.56254 1.86187 0.12924 -1.28712 0.12924 7.42821 -0.969319 -1.28712 -0.969319 13.6927 
-12 -20 0 -50.8844 -82.1846 -2.49746 3.22759 0.0184287 0.0565422 0.0184287 0.729683 0.000995618 0.0565422 0.000995618 0.630707 
-31 -26 -1 -126.611 -105.232 -7.64171 1.41019 -0.697165 2.99248 -0.697165 1.1467 -2.22753 2.99248 -2.22753 12.7059 
-24 -17 0 -97.8903 -69.2383 -2.75807 1.49307 0.116568 0.250196 0.116568 1.39193 -0.577249 0.250196 -0.577249 1.65462 
-13 -20 0 -54.121 -81.6872 -0.771921 0.915317 0.38045 0.0201092 0.38045 1.33888 -0.183592 0.0201092 -0.183592 0.229821 
-14 -14 0 -59.0304 -58.0737 0.0251507 27.1492 -1.88099 4.97507 -1.88099 0.968594 -0.164685 4.97507 -0.164685 1.88321 
-31 -22 -1 -126.483 -89.7414 -5.49423 0.799471 -0.0672079 0.409677 -0.0672079 0.804445 -0.45877 0.409677 -0.45877 5.55809 
-26 -20 0 -105.856 -81.021 -2.32229 0.834254 0.164508 0.0808758 0.164508 1.65934 -0.474157 0.0808758 -0.474157 1.3516 
-14 -20 0 -57.7523 -81.3684 -1.63162 0.990084 -0.188644 -0.0839846 -0.188644 1.65353 -0.193802 -0.0839846 -0.193802 0.373453 
-23 -20 0 -93.6956 -81.3254 -2.5499 0.619619 -0.111717 0.0695703 -0.111717 1.39846 -0.136299 0.0695703 -0.136299 1.34773 
-27 -19 0 -111.62 -79.6905 -2.14792 154.668 -17.9122 2.79929 -17.9122 208.393 -10.0463 2.79929 -10.0463 1.65281 
-28 -12 -1 -113.791 -51.2287 -5.82206 7.17225 -2.68326 -66.0695 -2.68326 4.58882 23.0169 -66.0695 23.0169 693.99 
-22 -19 0 -89.367 -77.6128 -0.172304 1.09267 0.0172687 -0.221636 0.0172687 0.942928 -0.0810091 -0.221636 -0.0810091 0.31567 
-21 -19 0 -86.3725 -77.529 -0.31029 0.957298 -0.0821628 0.0841144 -0.0821628 0.95738 -0.0575322 0.0841144 -0.0575322 0.347628 
-21 -19 -1 -86.0731 -77.7408 -4.34472 0.851096 0.109895 0.831332 0.109895 2.51833 9.70036 0.831332 9.70036 67.6464 
-20 -19 0 -82.3092 -78.0645 -2.31049 0.856665 -0.106917 0.385552 -0.106917 1.45665 -0.397757 0.385552 -0.397757 0.498927 
-18 -19 0 -74.0168 -78.5406 -2.32188 0.816585 0.0403378 -0.064065 0.0403378 1.20216 0.306502 -0.064065 0.306502 1.30221 
-16 -16 -1 -64.6015 -67.6067 -4.40948 15.1642 -17.4482 10.6599 -17.4482 66.8714 -24.9757 10.6599 -24.9757 40.1222 
-15 -19 0 -63.3706 -79.1938 -1.50365 1.5218 -0.142341 -0.192942 -0.142341 1.12726 -0.364951 -0.192942 -0.364951 0.773546 
-31 -15 -1 -125.972 -62.0162 -5.83715 1.81312 0.756212 -23.6088 0.756212 1.25838 -17.1282 -23.6088 -17.1282 522.642 
-14 -19 0 -57.4672 -78.1204 0.453884 0.998292 0.0633567 0.05031 0.0633567 0.860668 -0.107837 0.05031 -0.107837 0.309914 
-12 -19 0 -51.0799 -79.1726 -0.495957 3.31548 1.12685 0.107258 1.12685 2.48119 -0.211732 0.107258 -0.211732 0.428158 
-35 -19 0 -143.377 -77.3572 -2.65251 6.64846 0.501981 0.480236 0.501981 2.26909 0.191805 0.480236 0.191805 1.5957 
-23 -18 0 -94.8169 -75.1417 -3.45817 3.6472 2.61852 -4.01422 2.61852 6.02169 -2.51415 -4.01422 -2.51415 5.17893 
-22 -18 0 -89.441 -75.2513 -0.483446 1.15507 0.260006 -0.0876564 0.260006 3.7697 0.0255988 -0.0876564 0.0255988 0.434479 
-24 -18 -1 -98.1621 -73.9993 -4.65307 0.786627 0.134618 0.601339 0.134618 1.00585 1.58116 0.601339 1.58116 18.4619 
-21 -18 0 -86.1581 -74.8274 0.212021 0.952794 0.0612857 0.00304009 0.0612857 1.40617 -0.245347 0.00304009 -0.245347 0.484404 
-20 -21 0 -81.6783 -86.3506 -2.29958 1.54909 -0.318012 -1.02219 -0.318012 0.914795 0.85765 -1.02219 0.85765 5.03545 
-33 -18 0 -135.826 -74.2917 -1.918 117.273 -0.010732 0.177757 -0.010732 116.848 7.04753 0.177757 7.04753 0.543034 
-31 -18 0 -127.313 -73.0559 -2.13375 7.83968 0.132155 0.146789 0.132155 0.763605 0.0107586 0.146789 0.0107586 1.41539 
-32 -31 -1 -130.462 -126.508 -7.52076 29.3708 -49.0093 -0.398012 -49.0093 84.0314 2.93286 -0.398012 2.93286 5.8355 
-35 -17 0 -143.414 -71.2829 -2.93559 7.71557 1.10081 -0.608319 1.10081 6.44464 0.703741 -0.608319 0.703741 2.40086 
-18 -17 0 -73.8783 -69.5009 -3.1837 0.937788 0.367162 -0.0753886 0.367162 1.42623 -1.49066 -0.0753886 -1.49066 5.60279 
-14 -17 0 -58.2986 -70.6629 -0.327841 1.00749 0.167635 0.21422 0.167635 1.63477 0.0788589 0.21422 0.0788589 0.248336 
-36 -19 0 -144.506 -77.1621 -2.72961 11.1683 0.362862 -1.57658 0.362862 2.41534 -0.173053 -1.57658 -0.173053 1.62566 
-13 -17 0 -53.4507 -70.1233 -2.52443 1.00854 -0.162021 -0.165225 -0.162021 1.14885 -0.392723 -0.165225 -0.392723 1.4846 
-13 -23 0 -53.1451 -92.4221 -2.59243 74.3289 140.535 8.20523 140.535 1165.03 37.5752 8.20523 37.5752 3.77825 
-21 -17 0 -85.6612 -69.1415 -3.73234 1.15667 1.43297 -5.50468 1.43297 6.58975 -27.5739 -5.50468 -27.5739 158.594 
-25 -26 -2 -102.841 -105.954 -8.39685 2.63632 1.3971 -9.18645 1.3971 2.75933 -10.9417 -9.18645 -10.9417 69.3265 
-27 -12 0 -108.196 -50.9001 -2.64848 44.6655 5.38027 -1.86752 5.38027 3.72725 -0.293102 -1.86752 -0.293102 1.19041 
-15 -17 0 -62.0107 -70.1177 0.253326 0.835482 0.152711 0.0110684 0.152711 0.948755 -0.0800992 0.0110684 -0.0800992 0.250347 
-35 -22 -1 -141.859 -90.0146 -5.918 1.01589 -0.106805 -0.372851 -0.106805 0.750454 -0.0445423 -0.372851 -0.0445423 2.61234 
-12 -18 0 -51.18 -72.294 -2.29177 2.24716 -1.69916 0.0544456 -1.69916 24.5271 -1.3957 0.0544456 -1.3957 3.85755 
-22 -17 0 -90.2826 -68.9075 -3.69837 0.78169 0.0473419 1.76667 0.0473419 1.51231 -1.39072 1.76667 -1.39072 16.0944 
-35 -18 0 -143.405 -73.0096 -2.80685 5.68717 -0.308674 0.256141 -0.308674 0.750586 0.430295 0.256141 0.430295 3.34588 
-19 -17 0 -77.7369 -68.698 -3.22908 0.954331 0.536415 -0.79558 0.536415 10.9558 -5.81001 -0.79558 -5.81001 8.03861 
-12 -15 0 -51.1912 -61.8106 -2.27119 2.49098 -0.667942 2.0488 -0.667942 2.02338 -4.27302 2.0488 -4.27302 17.0413 
-16 -17 0 -64.8938 -69.9924 -0.547066 3.00642 0.719945 -0.967552 0.719945 0.936168 -0.165672 -0.967552 -0.165672 0.542002 
-33 -15 -1 -133.948 -61.8908 -6.11671 1.32338 0.791657 -17.4475 0.791657 1.7401 -20.0668 -17.4475 -20.0668 445.201 
-25 -16 0 -101.623 -66.6617 -2.30105 1.25559 0.274715 -0.360517 0.274715 1.55408 0.0368797 -0.360517 0.0368797 1.02232 
-22 -16 0 -90.2204 -66.8702 -2.85548 0.896679 -0.629282 0.956075 -0.629282 4.79315 -4.52954 0.956075 -4.52954 7.4555 
-19 -21 0 -77.9144 -86.2494 -2.1718 1.50175 0.0135806 0.52336 0.0135806 0.903494 0.97958 0.52336 0.97958 5.91677 
-18 -17 -1 -73.9951 -70.6196 -4.3376 0.861694 0.233983 -2.30206 0.233983 1.5447 -1.953 -2.30206 -1.953 34.1042 
-22 -21 0 -89.436 -86.0665 -2.37101 1.30638 -0.790047 0.108046 -0.790047 1.3051 -0.298745 0.108046 -0.298745 5.86061 
-19 -16 0 -77.5026 -66.4496 -1.77202 1.22739 -0.432225 -0.799765 -0.432225 1.38184 -0.372707 -0.799765 -0.372707 1.51968 
-16 -16 0 -66.113 -67.3279 -1.39927 0.831492 2.11627 -0.0432717 2.11627 42.2706 -1.16553 -0.0432717 -1.16553 0.423718 
-32 -26 -1 -130.079 -106.368 -7.68305 1.03356 -0.158477 1.431 -0.158477 0.769116 -1.55181 1.431 -1.55181 17.2393 
-15 -16 0 -62.3175 -67.4853 0.570552 0.85733 0.223448 -0.220953 0.223448 7.17776 -0.079158 -0.220953 -0.079158 0.33974 
-27 -14 0 -109.989 -58.8692 -3.12258 1.10571 -0.615906 -0.144077 -0.615906 2.2045 0.667238 -0.144077 0.667238 3.02351 
-26 -14 0 -106.489 -58.9164 -2.43166 1.17731 -0.056969 -0.224083 -0.056969 1.2787 0.375364 -0.224083 0.375364 0.993848 
-35 -14 0 -142.941 -57.4019 -2.20272 2.0836 -0.414621 0.406945 -0.414621 1.33522 -0.0595107 0.406945 -0.0595107 0.956391 
-27 -13 -1 -109.956 -53.8594 -5.32109 14.9542 1.13298 -93.4892 1.13298 0.809865 -7.66963 -93.4892 -7.66963 611.435 
-26 -13 0 -105.52 -53.7562 -0.206595 4.1056 2.20988 -1.22672 2.20988 2.30298 -0.701935 -1.22672 -0.701935 0.601581 
-25 -13 0 -103.531 -54.129 1.53446 7.56761 -1.03513 0.652605 -1.03513 2.42499 -0.688185 0.652605 -0.688185 0.700728 
-31 -23 -1 -126.067 -93.9983 -5.7085 0.79048 -0.121203 -0.148133 -0.121203 1.08772 1.19234 -0.148133 1.19234 10.1411 
-27 -22 0 -108.683 -90.0835 -2.16119 719.926 -28.0146 8.07537 -28.0146 1.81742 -0.283503 8.07537 -0.283503 1.00131 
-26 -12 0 -107.092 -51.1185 -0.300303 3.87806 0.852777 -0.937017 0.852777 3.29791 -0.354766 -0.937017 -0.354766 0.688423 
-20 -18 0 -83.5242 -75.0428 -0.265518 6.87323 0.58509 1.0227 0.58509 2.979 -0.474785 1.0227 -0.474785 2.35712 
-19 -17 -1 -78.0663 -70.3347 -4.3865 0.80339 -0.169281 1.45863 -0.169281 2.92312 -15.5789 1.45863 -15.5789 158.608 
-20 -28 0 -82.9633 -113.968 1.26189 8.32159 -3.55442 -1.46153 -3.55442 2.28607 0.706286 -1.46153 0.706286 0.47824 
-12 -22 0 -51.0944 -90.5291 -2.14714 9.1442 93.1578 -2.94828 93.1578 1443.8 -39.6005 -2.94828 -39.6005 2.62916 
-30 -15 -1 -121.804 -62.0487 -5.62859 1.32951 0.176604 -8.04593 0.176604 0.816123 -1.12538 -8.04593 -1.12538 139.98 
-24 -21 0 -98.1448 -85.5448 -2.44189 0.384402 -0.138972 -0.126406 -0.138972 1.18713 0.221167 -0.126406 0.221167 3.41401 
-37 -32 -1 -149.103 -129.781 -7.8722 3.26434 -0.16952 6.60356 -0.16952 1.42241 -18.1969 6.60356 -18.1969 441.166 
-12 -21 0 -51.0514 -85.6068 -2.24661 3.64827 0.867642 -0.746799 0.867642 4.15461 -0.575801 -0.746799 -0.575801 1.26861 
-32 -25 -1 -129.962 -102.77 -7.08249 2.02754 -0.276871 6.40689 -0.276871 0.773973 -4.62916 6.40689 -4.62916 54.9117 
-32 -19 0 -128.407 -76.9991 -2.16845 12.603 0.861221 -1.49658 0.861221 3.91806 0.0671596 -1.49658 0.0671596 1.81501 
-20 -20 -1 -81.3922 -81.2151 -4.13433 1.66299 -0.300167 13.7809 -0.300167 4.63364 9.99487 13.7809 9.99487 243.133 
-13 -15 0 -53.5512 -62.1545 -1.84302 1.44706 -0.398315 1.17756 -0.398315 0.978883 -0.844059 1.17756 -0.844059 6.58433 
-32 -17 0 -128.139 -71.7968 -2.45947 778.961 -59.8448 -46.2236 -59.8448 31.9879 3.58553 -46.2236 3.58553 4.41971 
-17 -16 0 -69.7049 -67.2823 -1.24285 0.81036 0.447574 0.00773871 0.447574 27.2231 -2.83018 0.00773871 -2.83018 0.93985 
-36 -13 0 -144.366 -55.5532 -1.95194 13.6669 -3.17853 0.39507 -3.17853 11.3895 1.32202 0.39507 1.32202 1.24976 
-23 -37 0 -93.6246 -149.727 -0.244773 180.764 -55.738 5.63875 -55.738 98.1298 -4.08262 5.63875 -4.08262 0.453105 
-20 -22 0 -81.8086 -89.3595 -2.64335 0.970027 14.2719 -1.06905 14.2719 331.727 -14.5381 -1.06905 -14.5381 9.73186 
-26 -19 0 -105.996 -79.428 -1.95573 0.748344 0.0191938 0.0411444 0.0191938 12.4341 12.6955 0.0411444 12.6955 39.5329 
-18 -21 0 -74.3292 -86.5968 -2.10914 1.26324 -0.0326137 0.303623 -0.0326137 0.829988 1.27059 0.303623 1.27059 7.89383 
-21 -15 0 -86.062 -62.1916 -2.33297 715.319 -25.4535 6.01122 -25.4535 1.65202 -0.704231 6.01122 -0.704231 9.01742 
-25 -14 0 -103.068 -57.5282 -1.2075 5.39107 1.3019 0.466731 1.3019 2.67783 -1.21849 0.466731 -1.21849 1.81205 
-12 -13 0 -50.8437 -53.8718 -1.5736 3.86222 -0.407661 1.18706 -0.407661 0.642905 0.222482 1.18706 0.222482 2.7642 
-12 -12 0 -50.9537 -51.022 -2.15848 4.04794 0.0252924 0.622509 0.0252924 4.01888 2.21939 0.622509 2.21939 4.44841 
-24 -23 0 -96.8434 -94.639 -1.45737 1.83579 -2.4063 0.37873 -2.4063 125.717 -3.7327 0.37873 -3.7327 2.4779 
-14 -22 0 -57.6894 -88.3376 -1.65074 1.01349 -0.512329 -0.0278453 -0.512329 4.66956 -0.231559 -0.0278453 -0.231559 4.91901 
-18 -14 0 -75.942 -57.9305 -0.953744 806.123 -27.4134 17.0269 -27.4134 1.78493 -0.720014 17.0269 -0.720014 1.61202 
-12 -14 0 -50.6225 -57.6702 -1.21919 3.68 0.661883 -0.621125 0.661883 0.775197 -0.430878 -0.621125 -0.430878 3.56727 
-17 -22 0 -68.9326 -89.7577 -1.74812 2.77068 -7.30194 -0.732784 -7.30194 218.039 -4.68704 -0.732784 -4.68704 15.2523 
-16 -21 0 -65.8595 -85.7931 -1.6936 7.22622 -0.358058 1.15004 -0.358058 0.828305 1.38136 1.15004 1.38136 17.6505 
-14 -16 0 -58.7595 -66.1622 -0.584008 2.17777 0.297501 1.1241 0.297501 1.0016 0.187117 1.1241 0.187117 1.49962 
-18 -13 0 -75.8192 -54.2365 -0.815126 724.074 -25.059 17.6602 -25.059 1.59456 -0.584857 17.6602 -0.584857 1.84023 
-29 -22 0 -117.462 -89.3429 -3.14497 2.19605 -0.276052 -0.212491 -0.276052 2.30416 0.160041 -0.212491 0.160041 3.64387 
-14 -13 0 -58.7496 -54.1447 -0.512556 350.472 -16.3662 9.91231 -16.3662 1.57164 -0.223688 9.91231 -0.223688 1.99481 
-14 -12 0 -57.7541 -51.2641 -0.211623 1.47622 -2.19961 -0.192116 -2.19961 20.1562 -1.85775 -0.192116 -1.85775 1.87865 
-16 -22 0 -66.3702 -89.8928 -1.57778 45.5719 444.907 -140.238 444.907 7383.76 -1424.11 -140.238 -1424.11 550.123 
-14 -15 0 -58.9595 -62.1148 -0.454492 10.0038 0.185248 1.16867 0.185248 0.769075 -0.127827 1.16867 -0.127827 1.38461 
