-14 16 0 -59.0127 64.7379 -2.69605 48.6957 -20.6008 0.0140508 -20.6008 38.029 -4.97754 0.0140508 -4.97754 2.21059 
-13 16 0 -53.8248 65.2464 -2.57328 27.7345 -15.1498 4.37835 -15.1498 26.28 5.01575 4.37835 5.01575 12.903 
-17 14 0 -68.2635 58.669 -2.63521 66.419 -25.987 -9.09929 -25.987 16.5401 2.56349 -9.09929 2.56349 2.61576 
-19 13 -1 -77.4558 53.9234 -4.37011 3.45533 -1.86411 -48.056 -1.86411 3.80368 26.0322 -48.056 26.0322 1167.61 
-15 14 0 -62.3518 59.5104 -2.01904 3.05667 -3.3665 0.49966 -3.3665 23.0056 -3.68918 0.49966 -3.68918 1.88538 
-34 16 0 -136.359 64.9724 -1.9741 50.8097 -65.433 10.0315 -65.433 1039.46 -9.93345 10.0315 -9.93345 8.72832 
-25 15 0 -103.138 61.0463 -2.69562 1154.38 -1002.89 338.2 -1002.89 892.405 -313.844 338.2 -313.844 152.928 
-16 15 0 -67.0059 60.4137 -1.76332 7.16075 6.16569 0.94182 6.16569 20.8621 3.26663 0.94182 3.26663 2.19513 
-16 14 0 -67.0472 59.1667 -1.97511 3.78422 -2.52937 1.21185 -2.52937 6.15091 -1.96575 1.21185 -1.96575 1.34322 
-15 15 0 -62.1836 60.3087 -1.49945 4.24713 -3.27935 -0.369626 -3.27935 40.7539 9.55667 -0.369626 9.55667 3.3022 
-32 15 -1 -129.681 63.3701 -4.28201 46.6903 -147.94 -17.076 -147.94 481.554 -5.25834 -17.076 -5.25834 526.504 
-17 13 0 -70.5465 52.8363 -2.46339 9.24777 -3.64404 -8.06364 -3.64404 7.57241 2.66368 -8.06364 2.66368 8.55899 
-34 16 -1 -137.79 64.9772 -4.37682 4.83241 1.88761 -25.8473 1.88761 3.40551 -7.70726 -25.8473 -7.70726 167.261 
