-46 -43 4 -185.233 -173.848 18.1074 4.74068 -5.30962 -2.18304 -5.30962 7.79399 3.06588 -2.18304 3.06588 1.79791 
-51 -42 3 -205.319 -169.566 14.0129 17.8858 26.0305 -8.6911 26.0305 45.5296 -9.95652 -8.6911 -9.95652 9.72857 
-45 -43 3 -182.929 -172.998 13.9514 2.46319 -0.91566 1.38734 -0.91566 2.12106 -0.86594 1.38734 -0.86594 1.83162 
-54 -39 3 -218.955 -157.771 12.9768 6.6669 -6.94162 -9.72582 -6.94162 9.81718 13.5026 -9.72582 13.5026 21.5439 
-54 -37 3 -219.14 -151.034 13.0062 624.876 -82.3538 -165.919 -82.3538 13.7431 20.4644 -165.919 20.4644 46.1738 
-55 -39 3 -221.81 -158.723 13.1186 1.53781 1.01558 -0.137198 1.01558 1.21541 -0.252229 -0.137198 -0.252229 3.30565 
-50 -42 3 -203.516 -170.891 12.9771 33.9663 3.22123 8.49321 3.22123 4.26832 -2.76564 8.49321 -2.76564 8.34321 
-46 -43 3 -185.717 -174.347 14.3549 0.863943 -0.475666 0.343605 -0.475666 1.05163 -0.187638 0.343605 -0.187638 0.558726 
-56 -38 3 -225.368 -153.65 12.8821 86.9635 30.5784 11.8698 30.5784 11.3784 4.11994 11.8698 4.11994 2.93684 
-57 -38 2 -230.559 -155.623 10.8755 4.15904 1.29119 -4.22495 1.29119 9.02546 -5.72478 -4.22495 -5.72478 7.9716 
-43 -38 2 -173.706 -153.443 10.7808 1.2814 -1.18213 0.264295 -1.18213 1.69389 -0.744724 0.264295 -0.744724 1.46449 
-54 -39 2 -218.338 -157.372 9.95906 0.262274 -0.0724082 -0.0840914 -0.0724082 1.18795 -1.02114 -0.0840914 -1.02114 1.8498 
-62 -38 2 -249.322 -155.52 10.7054 509.037 18.8326 -23.4487 18.8326 14.8041 2.25478 -23.4487 2.25478 2.30951 
-45 -39 2 -182.189 -156.752 9.7168 1.57573 -0.47648 0.134925 -0.47648 6.8992 1.11901 0.134925 1.11901 1.95951 
-43 -37 2 -172.765 -151.181 9.08192 22.8008 9.70298 3.23993 9.70298 41.6804 33.3163 3.23993 33.3163 29.7111 
-53 -37 2 -214.135 -150.933 9.2948 1.09216 -0.146164 0.514054 -0.146164 3.29638 0.598841 0.514054 0.598841 1.48777 
-40 -37 2 -162.79 -151.447 9.67837 1.38269 1.17865 -0.713704 1.17865 7.76487 -1.20189 -0.713704 -1.20189 1.63584 
-46 -37 2 -186.311 -150.882 9.32827 1.53629 0.248876 -0.774655 0.248876 1.98141 -0.642921 -0.774655 -0.642921 1.36295 
-54 -37 2 -217.08 -151.027 9.77794 2.10686 0.174064 0.214237 0.174064 2.92459 -0.21663 0.214237 -0.21663 0.473194 
-41 -38 2 -165.141 -153.702 9.78062 90.657 -35.0521 29.9535 -35.0521 17.1224 -12.0177 29.9535 -12.0177 10.8074 
-44 -38 2 -177.67 -153.445 9.80991 1.39135 0.9893 -0.142711 0.9893 1.73352 -0.0235652 -0.142711 -0.0235652 0.827305 
-56 -38 2 -225.196 -154.754 10.2873 1.57951 0.87068 0.460499 0.87068 3.35998 -0.707963 0.460499 -0.707963 1.51263 
-52 -38 2 -211.39 -155.206 9.19423 69.567 -94.8079 -43.201 -94.8079 150.922 72.4263 -43.201 72.4263 36.6147 
-54 -38 2 -218.093 -153.266 9.88194 1.2487 0.0939809 0.363872 0.0939809 1.04243 -0.0157915 0.363872 -0.0157915 1.06634 
-55 -38 2 -223.458 -155.737 10.3822 65.1582 -1.9469 -11.2883 -1.9469 25.3381 0.919052 -11.2883 0.919052 2.38443 
-53 -39 2 -213.22 -157.559 9.46457 1.50755 -0.975058 -0.545626 -0.975058 4.4606 1.28441 -0.545626 1.28441 1.20734 
-44 -39 2 -177.264 -158.173 8.62717 37.9576 27.5635 21.5726 27.5635 22.8772 16.4963 21.5726 16.4963 16.1141 
-56 -39 2 -226.108 -158.369 9.27577 0.980261 0.0116714 -0.53094 0.0116714 0.597601 -0.174119 -0.53094 -0.174119 1.23803 
-51 -41 2 -204.845 -167.487 9.49441 18.5175 64.9987 17.9643 64.9987 520.764 137.659 17.9643 137.659 37.0533 
-55 -39 2 -222.185 -157.158 9.6836 0.988597 0.317224 -0.323282 0.317224 1.12021 -0.173885 -0.323282 -0.173885 0.972232 
-43 -37 1 -172.917 -150.227 7.70295 15.8071 -5.576 -16.3611 -5.576 131.843 97.1842 -16.3611 97.1842 106.785 
-53 -38 1 -215.392 -152.345 7.76635 4.28945 5.08169 -2.43289 5.08169 33.4812 -21.3983 -2.43289 -21.3983 77.6048 
-45 -43 2 -182.445 -173.79 10.5409 8.10701 0.113019 1.90724 0.113019 1.3774 -1.36776 1.90724 -1.36776 3.97523 
-45 -40 1 -183.24 -160.631 5.93465 7.54579 -7.63432 12.8541 -7.63432 29.4116 -18.8787 12.8541 -18.8787 59.3344 
-51 -44 1 -204.767 -179.381 7.1429 333.449 -405.926 -171.884 -405.926 499.724 212.506 -171.884 212.506 91.9635 
-47 -38 1 -188.324 -153.679 6.17136 88.6909 -229.795 166.249 -229.795 895.012 -655.466 166.249 -655.466 482.43 
-44 -39 1 -176.941 -156.717 5.9946 221.111 206.958 153.015 206.958 234.686 135.183 153.015 135.183 110.164 
-46 -37 1 -184.629 -151.104 6.45634 6.66197 -4.15596 5.00039 -4.15596 5.49221 -4.45174 5.00039 -4.45174 5.32064 
-44 -38 3 -177.77 -153.049 12.3896 52.6956 -90.7485 -94.5076 -90.7485 165.902 156.776 -94.5076 156.776 203.891 
-46 -38 1 -186.12 -152.774 6.56532 1.94919 -2.14299 0.351344 -2.14299 7.42839 -3.25931 0.351344 -3.25931 3.21536 
-48 -40 1 -194.037 -163.602 7.02389 2.27085 -7.61029 -2.86752 -7.61029 37.2731 12.9999 -2.86752 12.9999 5.5002 
-49 -41 1 -196.451 -166.043 5.80201 51.4422 -28.738 36.9235 -28.738 19.6269 -24.3158 36.9235 -24.3158 31.8778 
-41 -38 0 -165.488 -154.427 -2.92724 1.13005 -0.222339 1.06381 -0.222339 0.663399 0.0605148 1.06381 0.0605148 1.95669 
-45 -37 2 -182.276 -150.691 9.76518 2.01545 -2.39751 -0.678344 -2.39751 8.95687 1.68886 -0.678344 1.68886 1.12081 
-60 -38 0 -242.933 -153.16 -0.382485 1.64565 0.0958625 0.117114 0.0958625 1.85376 -0.145067 0.117114 -0.145067 0.214951 
-44 -38 0 -178.189 -153.158 0.50751 0.935071 -0.122954 0.0464583 -0.122954 1.20337 -0.0186446 0.0464583 -0.0186446 0.281683 
-41 -39 0 -165.51 -156.933 -2.02433 2.71067 -4.81368 -0.118009 -4.81368 13.0563 0.795493 -0.118009 0.795493 0.861223 
-55 -39 0 -222.8 -157.108 0.581518 2.44798 -2.33657 -0.018122 -2.33657 9.39717 0.335054 -0.018122 0.335054 0.15216 
-52 -43 1 -209.975 -173.171 5.70759 102.143 -95.9909 -48.9555 -95.9909 93.831 45.1304 -48.9555 45.1304 24.5287 
-57 -39 0 -229.602 -158.946 -2.68335 0.596095 -0.191947 -0.153988 -0.191947 0.503434 0.134094 -0.153988 0.134094 0.189032 
-62 -39 0 -249.111 -159.366 -3.60973 1.54683 -0.637016 1.60495 -0.637016 2.24874 3.29036 1.60495 3.29036 24.4182 
-54 -39 0 -218.113 -157.265 3.10933 2.1169 1.38913 -0.803806 1.38913 2.00339 0.388803 -0.803806 0.388803 2.72294 
-62 -40 0 -249.215 -161.883 -2.55595 3.7345 -0.0712258 0.573031 -0.0712258 0.761571 0.0671199 0.573031 0.0671199 0.625034 
-53 -42 1 -212.612 -168.658 4.93464 465.06 74.7865 -308.04 74.7865 52.492 -61.3317 -308.04 -61.3317 208.538 
-61 -40 0 -245.681 -162.158 -3.42004 1.21255 0.558109 2.60005 0.558109 2.0319 9.16862 2.60005 9.16862 57.791 
-50 -42 0 -201.936 -169.451 -1.25394 0.894658 0.553313 0.157164 0.553313 1.04833 0.108321 0.157164 0.108321 0.181298 
-45 -38 0 -181.332 -153.256 0.357488 1.18825 -0.232968 -0.0316598 -0.232968 1.30293 0.148268 -0.0316598 0.148268 0.241752 
-45 -37 -1 -182.065 -150.973 -5.89528 2.33829 0.421746 0.409091 0.421746 4.33071 -0.411681 0.409091 -0.411681 0.989288 
-52 -37 0 -209.73 -151.089 0.409345 3.69731 -0.349657 1.45076 -0.349657 3.90943 -0.796703 1.45076 -0.796703 1.06664 
-49 -43 0 -197.206 -174.129 1.65028 72.7602 41.8451 -3.09333 41.8451 25.8672 -1.53978 -3.09333 -1.53978 0.264001 
-47 -43 0 -188.973 -175.261 2.031 186.745 55.5403 -60.091 55.5403 28.8275 -17.5626 -60.091 -17.5626 19.5919 
-54 -38 0 -218.998 -154.859 1.00153 3.34682 -1.52818 0.0266764 -1.52818 2.13721 -0.0372161 0.0266764 -0.0372161 0.188557 
-58 -40 0 -234.046 -161.614 -3.27727 1.41698 -0.528616 -1.34459 -0.528616 0.908497 1.19615 -1.34459 1.19615 4.74604 
-56 -39 1 -225.56 -158.095 6.14997 1.14321 0.709494 0.608881 0.709494 1.09992 0.451135 0.608881 0.451135 1.05679 
-58 -39 -1 -234.614 -157.935 -4.11678 2.84214 5.57596 17.8624 5.57596 28.2693 140.872 17.8624 140.872 870.088 
-56 -38 -1 -226.66 -153.502 -4.40351 1.69047 0.229943 3.10842 0.229943 4.39734 18.0207 3.10842 18.0207 99.5681 
-62 -39 2 -249.396 -156.686 10.5157 5.97272 0.204592 2.30993 0.204592 32.2602 -18.9271 2.30993 -18.9271 14.2398 
-60 -42 0 -242.141 -169.694 -2.10159 1.96022 -0.262314 2.66145 -0.262314 2.51997 6.73548 2.66145 6.73548 60.2283 
-53 -38 0 -215.306 -153.657 2.41411 50.5741 2.67293 24.8852 2.67293 6.58594 5.41979 24.8852 5.41979 16.1374 
-56 -37 -1 -225.326 -150.795 -4.82829 0.720729 -0.137069 -1.3903 -0.137069 3.26262 4.7776 -1.3903 4.7776 56.9921 
-58 -39 0 -234.466 -158.238 -3.65077 0.841147 0.629076 1.41586 0.629076 2.25777 1.11606 1.41586 1.11606 6.36812 
-42 -38 0 -169.612 -153.915 -2.27836 3.24536 -0.612905 1.63687 -0.612905 1.38628 -1.72503 1.63687 -1.72503 5.92388 
-48 -38 -1 -194.23 -153.755 -6.80134 1.19266 0.773809 4.54128 0.773809 8.84552 8.68416 4.54128 8.68416 66.4746 
-62 -38 -1 -249.007 -154.492 -4.34022 3.56189 0.133469 -2.46429 0.133469 7.21565 51.6055 -2.46429 51.6055 395.069 
-37 -38 -2 -150.642 -153.439 -8.81265 35.8087 7.05904 18.5936 7.05904 2.30874 5.61667 18.5936 5.61667 21.4526 
-38 -38 -1 -154.167 -155.357 -4.77326 119.423 293.421 -111.892 293.421 727.688 -277.298 -111.892 -277.298 108.983 
-60 -38 -1 -242.268 -153.306 -4.267 1.19621 1.02768 4.36168 1.02768 2.37518 8.86763 4.36168 8.86763 76.6208 
-44 -37 -1 -178.354 -151.083 -6.03307 0.763853 -0.0820316 0.00425251 -0.0820316 3.94497 -0.324996 0.00425251 -0.324996 0.714287 
-61 -39 0 -246.126 -158.428 -3.89023 1.40571 1.12686 16.7708 1.12686 2.80333 25.1751 16.7708 25.1751 389.014 
-44 -38 -1 -177.493 -152.983 -6.42943 1.24047 -0.79841 0.123559 -0.79841 3.0716 0.105732 0.123559 0.105732 1.09689 
-47 -41 -1 -191.593 -164.408 -4.42976 25.6893 -20.3069 -14.6446 -20.3069 30.071 -5.76511 -14.6446 -5.76511 65.8827 
-45 -38 -1 -181.75 -152.851 -6.06591 0.844445 -0.0101994 -0.291137 -0.0101994 1.79332 0.00429804 -0.291137 0.00429804 1.12712 
-55 -38 -1 -222.14 -154.278 -4.32857 0.942531 -0.393655 -0.589812 -0.393655 0.907299 1.35906 -0.589812 1.35906 32.5738 
-61 -39 -1 -246.682 -157.404 -4.1399 0.698297 0.89845 5.89951 0.89845 4.95505 33.9466 5.89951 33.9466 284.605 
-37 -37 -2 -151.721 -151.173 -8.91777 59.973 113.38 63.3953 113.38 304.585 95.7275 63.3953 95.7275 168.106 
-39 -37 1 -159.511 -151.813 4.87562 37.6454 4.53142 -32.8851 4.53142 31.7083 -0.240073 -32.8851 -0.240073 31.6051 
-62 -39 -1 -248.576 -156.628 -4.06457 5.93813 0.108851 86.5352 0.108851 4.23208 -8.06009 86.5352 -8.06009 1908.98 
-38 -37 -1 -152.296 -150.914 -6.12033 39.0389 -57.4979 -1.37339 -57.4979 148.565 7.01791 -1.37339 7.01791 1.2285 
-46 -43 0 -186.567 -174.285 2.37107 1.87465 1.18625 0.295889 1.18625 1.63498 0.147496 0.295889 0.147496 0.621663 
-43 -37 -1 -174.852 -150.812 -5.63837 0.812907 -0.274457 0.235492 -0.274457 3.59926 -0.255857 0.235492 -0.255857 0.583217 
-48 -40 2 -194.228 -162.529 8.61717 2.28345 -2.0051 1.73025 -2.0051 3.81087 -3.79568 1.73025 -3.79568 7.95904 
-50 -42 1 -203.258 -169.558 5.99384 5.18066 -0.873577 1.24876 -0.873577 9.92468 0.443122 1.24876 0.443122 1.58019 
-42 -37 0 -169.714 -150.476 -2.99754 1.01629 -0.823255 0.335616 -0.823255 4.50102 -1.5066 0.335616 -1.5066 2.18519 
-56 -40 1 -225.495 -160.871 7.05391 660.748 -481.627 106.577 -481.627 412.4 -2.62676 106.577 -2.62676 112.872 
-43 -37 0 -175.017 -150.779 -0.41536 1.6858 0.29525 0.271682 0.29525 3.85361 -0.0760618 0.271682 -0.0760618 0.215743 
-49 -43 1 -197.475 -173.776 6.2331 0.628467 -0.0211638 -0.0163677 -0.0211638 2.03596 0.424124 -0.0163677 0.424124 0.801218 
-55 -38 3 -223.305 -154.359 13.1683 637.706 -280.002 255.698 -280.002 130.056 -123.677 255.698 -123.677 124.378 
-41 -38 1 -164.322 -153.86 6.39258 24.9537 -3.26416 1.69865 -3.26416 110.476 17.0164 1.69865 17.0164 3.69341 
-38 -37 -2 -152.609 -150.976 -8.68768 2.17648 -0.993718 -1.80676 -0.993718 3.99353 0.865132 -1.80676 0.865132 26.0306 
-57 -39 -1 -228.602 -157.94 -4.08126 15.5016 0.796584 -11.3712 0.796584 1.09013 15.2502 -11.3712 15.2502 392.893 
-46 -43 1 -185.561 -175.029 6.00932 0.975536 0.617843 0.0623831 0.617843 2.6078 0.0320897 0.0623831 0.0320897 0.813403 
-45 -39 1 -182.007 -157.709 6.24251 1.94931 0.187599 1.303 0.187599 0.848296 -0.411159 1.303 -0.411159 2.14979 
-61 -38 -1 -245.699 -154.121 -4.2936 1.21284 -0.339998 -5.95247 -0.339998 0.927385 4.74834 -5.95247 4.74834 81.1456 
-46 -37 0 -185.365 -150.472 0.0698954 2.10908 -1.381 -0.47544 -1.381 10.7242 -0.0956216 -0.47544 -0.0956216 0.363984 
-46 -38 -1 -185.162 -152.779 -6.67367 1.02417 0.154227 -0.57134 0.154227 2.47019 0.280376 -0.57134 0.280376 2.1969 
-60 -40 0 -241.814 -161.883 -2.87895 1.10991 -0.412403 -0.389621 -0.412403 1.38819 0.712711 -0.389621 0.712711 1.21904 
-57 -40 0 -228.766 -161.047 -2.3197 6.54341 5.31607 -1.28109 5.31607 10.4882 -2.11355 -1.28109 -2.11355 0.623232 
-41 -39 -1 -164.976 -156.268 -5.49713 9.3249 -2.60996 -3.91614 -2.60996 49.0303 3.93783 -3.91614 3.93783 2.28069 
-46 -39 0 -185.144 -158.939 3.63947 11.9509 -17.8657 -28.3853 -17.8657 30.4212 44.2753 -28.3853 44.2753 75.6863 
-56 -40 0 -226.15 -160.594 -0.359882 2.48695 3.59624 0.257304 3.59624 7.86422 0.205125 0.257304 0.205125 0.197215 
-46 -43 2 -186.07 -174.381 10.5985 0.559092 -0.1142 -0.816541 -0.1142 4.48883 2.52526 -0.816541 2.52526 5.01115 
-42 -37 -1 -170.012 -150.674 -5.09452 1.38776 -0.783736 -0.431105 -0.783736 3.1318 0.211268 -0.431105 0.211268 0.832076 
-40 -38 -1 -162.146 -154.616 -6.35454 26.4245 -22.0624 9.10401 -22.0624 19.231 -7.54634 9.10401 -7.54634 3.41131 
-48 -40 -1 -193.736 -161.538 -5.35386 2.94146 -0.915619 2.41073 -0.915619 2.36822 0.389356 2.41073 0.389356 6.42761 
-39 -37 0 -159.065 -151.574 3.47739 1.27783 -1.07707 1.50371 -1.07707 9.6745 1.82274 1.50371 1.82274 13.4292 
-55 -38 1 -222.331 -154.047 5.46976 2.54798 -1.2183 -0.275653 -1.2183 1.26547 0.762296 -0.275653 0.762296 1.66911 
-49 -41 -1 -198.454 -166.959 -5.58214 10.5599 11.2711 105.954 11.2711 23.4865 162.341 105.954 162.341 1349.97 
-46 -39 1 -185.181 -158.238 5.44825 7.33689 5.61648 -7.01837 5.61648 12.949 -14.1938 -7.01837 -14.1938 16.1479 
-43 -38 -1 -174.124 -153.783 -7.0849 0.983027 0.183086 0.297004 0.183086 1.05135 0.0045287 0.297004 0.0045287 1.17837 
-58 -38 -1 -234.517 -154.804 -4.29404 12.7322 2.09522 -72.1455 2.09522 0.988743 -10.4726 -72.1455 -10.4726 443.748 
-49 -43 2 -197.809 -173.97 8.90313 9.75162 -10.8584 1.20594 -10.8584 17.674 0.231727 1.20594 0.231727 1.50648 
-60 -39 0 -242.438 -157.829 -3.81063 2.46111 1.97204 -10.7137 1.97204 1.96775 -8.07812 -10.7137 -8.07812 101.792 
-59 -38 0 -237.836 -152.682 -0.906588 1.35187 -0.271161 -0.0539355 -0.271161 3.91997 -0.296787 -0.0539355 -0.296787 0.251137 
-41 -37 0 -165.84 -150.644 -2.91999 6.09672 1.98001 -2.41245 1.98001 16.9448 6.08058 -2.41245 6.08058 4.33399 
-53 -38 2 -214.492 -154.608 9.34137 2.49283 -0.263931 -1.76101 -0.263931 0.587886 0.561216 -1.76101 0.561216 3.3908 
-37 -37 -1 -151.468 -150.723 -5.40244 4.78881 2.05626 -0.101902 2.05626 6.73024 -1.27767 -0.101902 -1.27767 1.61999 
-55 -37 1 -221.834 -151.32 5.28046 1.7394 0.939136 -0.344768 0.939136 5.72828 -0.745595 -0.344768 -0.745595 1.38542 
-47 -40 -1 -190.341 -160.474 -5.67549 3.96698 1.03155 0.87138 1.03155 5.17539 -0.814162 0.87138 -0.814162 2.2211 
-55 -37 0 -222.924 -151.292 2.37039 2.60744 -1.77247 0.0865873 -1.77247 7.53388 -1.85191 0.0865873 -1.85191 1.39065 
-49 -40 -1 -198.055 -161.881 -6.21096 2.13338 0.546358 9.42302 0.546358 1.77036 10.9943 9.42302 10.9943 113.492 
-40 -37 1 -161.941 -151.754 6.55477 37.0169 -72.8985 30.063 -72.8985 162.626 -60.1066 30.063 -60.1066 24.797 
-42 -38 -1 -169.602 -154.48 -5.44675 0.655523 0.133729 -0.128324 0.133729 0.716744 -0.183351 -0.128324 -0.183351 0.569342 
-50 -41 -1 -201.698 -166.225 -5.48348 4.69632 4.82784 53.3101 4.82784 11.3758 96.0115 53.3101 96.0115 936.963 
-52 -38 0 -210.467 -152.629 1.32146 15.2362 0.489631 9.34274 0.489631 2.57097 0.1557 9.34274 0.1557 6.12629 
-54 -37 1 -219.055 -150.934 6.44568 4.50132 1.90914 -1.01598 1.90914 4.52555 -0.233201 -1.01598 -0.233201 0.81974 
-38 -39 -1 -152.486 -156.674 -5.52329 10.3047 9.02575 -1.76221 9.02575 16.0005 -1.3116 -1.76221 -1.3116 0.734682 
-55 -37 -1 -222.172 -150.863 -4.72527 0.977816 -1.15876 0.470014 -1.15876 5.18253 2.19003 0.470014 2.19003 12.2521 
-61 -38 0 -244.737 -153.253 -0.618599 4.13874 -0.558537 -0.312406 -0.558537 1.92152 -0.091898 -0.312406 -0.091898 0.274936 
-48 -39 -1 -192.614 -159.218 -5.02158 6.29111 -3.87963 -0.531034 -3.87963 8.80531 -3.7284 -0.531034 -3.7284 16.4862 
-56 -39 0 -225.57 -158.496 -0.0409726 2.16811 -2.0075 -0.225958 -2.0075 3.3921 0.464094 -0.225958 0.464094 0.211192 
-39 -38 1 -159.193 -153.555 6.12735 4.68186 0.762294 5.63845 0.762294 0.82154 2.47874 5.63845 2.47874 13.2052 
-59 -38 -1 -237.672 -152.907 -4.17339 1.37234 -0.471949 -0.234134 -0.471949 1.4567 0.804547 -0.234134 0.804547 34.2123 
-45 -38 1 -182.187 -155.118 5.61845 1.49082 0.302282 0.316433 0.302282 1.33333 0.37878 0.316433 0.37878 1.17028 
-48 -41 -1 -194.697 -165.152 -4.93523 8.16634 -35.0385 -5.29499 -35.0385 168.628 18.7756 -5.29499 18.7756 8.10781 
-46 -38 2 -186.574 -152.793 9.50534 3.7493 -4.54992 0.973923 -4.54992 11.5332 -0.658665 0.973923 -0.658665 1.39995 
-43 -38 0 -175.079 -153.453 0.972598 2.07524 -0.35319 0.540383 -0.35319 2.98977 0.348383 0.540383 0.348383 0.67179 
-56 -39 -1 -225.813 -156.952 -4.20179 1.16564 0.68916 2.6879 0.68916 4.93699 6.71797 2.6879 6.71797 85.2275 
-45 -37 1 -182.825 -150.678 5.84758 3.31734 0.416791 -0.400745 0.416791 8.76719 -1.81016 -0.400745 -1.81016 1.11923 
-40 -38 0 -162.181 -154.341 0.655027 0.903366 -0.153354 -0.00427967 -0.153354 0.867569 -0.068578 -0.00427967 -0.068578 0.246287 
-55 -38 0 -221.973 -153.818 0.812386 1.13338 0.127787 0.0925106 0.127787 1.56969 -0.500669 0.0925106 -0.500669 0.370286 
-44 -37 1 -178.112 -151.775 5.19127 5.7135 41.55 -7.84354 41.55 512.285 -77.6806 -7.84354 -77.6806 14.4227 
-46 -38 0 -184.917 -153.304 -3.21119 57.9815 2.25618 -53.8937 2.25618 4.36829 4.60335 -53.8937 4.60335 63.4118 
-59 -40 0 -237.525 -161.8 -3.20861 2.42794 -1.59957 -1.66064 -1.59957 2.10898 3.92478 -1.66064 3.92478 12.9453 
-38 -37 0 -152.775 -150.783 -0.0152912 2.00242 -0.626677 -0.0814233 -0.626677 5.14051 -0.028788 -0.0814233 -0.028788 0.264785 
-61 -37 0 -244.589 -151.441 -1.13036 9.93387 -2.43542 -0.260378 -2.43542 8.19063 0.400063 -0.260378 0.400063 0.44162 
-37 -38 0 -151.205 -154.932 1.06875 16.137 7.7376 -5.12584 7.7376 12.5678 -9.79132 -5.12584 -9.79132 9.59397 
-44 -37 0 -178.261 -151.287 -0.623806 0.877893 -0.543184 0.028908 -0.543184 3.80576 -0.198456 0.028908 -0.198456 0.27698 
-37 -37 0 -151.345 -150.659 -0.43149 3.60759 0.751535 -0.255551 0.751535 5.57022 -0.523688 -0.255551 -0.523688 0.322509 
-59 -37 0 -237.712 -151.452 -0.339158 2.14676 0.579634 -0.237167 0.579634 8.78173 0.196084 -0.237167 0.196084 0.482001 
-45 -37 0 -182.09 -150.885 0.25529 1.20473 -0.319413 0.105159 -0.319413 4.25197 0.143585 0.105159 0.143585 0.208422 
-53 -41 1 -212.539 -166.888 6.15132 458.128 134.886 53.2161 134.886 41.7121 15.5608 53.2161 15.5608 6.70329 
-39 -39 0 -158.651 -156.242 2.10795 10.0909 10.9985 -5.84636 10.9985 64.3022 0.492432 -5.84636 0.492432 5.92247 
-45 -39 0 -182.186 -157.544 1.90105 0.71543 0.268823 -0.0927645 0.268823 1.57389 -0.0174796 -0.0927645 -0.0174796 0.26407 
-48 -41 0 -194.088 -165.287 1.3994 1.32249 1.22767 -0.157707 1.22767 3.64038 -0.221839 -0.157707 -0.221839 0.345481 
-47 -40 1 -190.481 -163.81 7.29366 279.998 -137.892 378.057 -137.892 111.241 -186.543 378.057 -186.543 513.607 
-37 -39 0 -151.691 -158.101 -0.734759 75.4105 1.74203 5.22109 1.74203 0.46959 0.292662 5.22109 0.292662 0.634141 
-53 -37 0 -213.589 -150.404 2.04699 6.2054 0.358406 1.46495 0.358406 21.2461 -2.35791 1.46495 -2.35791 0.815869 
-61 -41 0 -245.686 -166.003 -2.77261 0.81858 -0.173189 -2.05395 -0.173189 3.77085 19.9788 -2.05395 19.9788 134.387 
-57 -38 -1 -229.5 -154.416 -4.38674 1.51488 -0.263776 -3.02703 -0.263776 1.09574 5.11985 -3.02703 5.11985 65.8602 
-60 -41 0 -243.125 -165.647 -2.86496 5.9159 -0.89831 19.0673 -0.89831 4.82968 23.536 19.0673 23.536 425.885 
-53 -44 0 -215.8 -176.422 2.30504 832.182 -235.624 -19.645 -235.624 297.639 -10.2122 -19.645 -10.2122 2.46879 
-40 -39 0 -163 -156.808 1.09926 10.9733 -3.6354 -1.70064 -3.6354 4.15454 0.925374 -1.70064 0.925374 0.662539 
-38 -38 0 -154.236 -154.093 -1.23246 1.89472 -1.3927 0.490143 -1.3927 2.40455 -0.80252 0.490143 -0.80252 0.848673 
-46 -37 -1 -185.955 -150.795 -6.09773 0.842849 -0.274329 0.110282 -0.274329 3.33729 0.0888837 0.110282 0.0888837 1.1498 
-42 -39 0 -169.559 -159.181 0.59827 2.25189 0.293196 -0.230098 0.293196 6.28164 -1.60201 -0.230098 -1.60201 1.36005 
-37 -40 0 -151.286 -160.204 -0.859612 29.7122 42.1906 -2.28533 42.1906 68.8104 -2.75668 -2.28533 -2.75668 0.763375 
-39 -38 0 -158.132 -153.047 0.966624 2.28614 -1.60215 -0.828317 -1.60215 3.20803 0.687966 -0.828317 0.687966 0.65153 
-40 -41 0 -162.273 -165.082 2.10054 2.97798 -0.885852 1.54978 -0.885852 1.73275 -0.724187 1.54978 -0.724187 1.60178 
-51 -42 0 -205.937 -170.949 -0.309654 71.9297 60.1339 -2.36509 60.1339 252.899 -15.0088 -2.36509 -15.0088 1.189 
-62 -40 2 -249.367 -160.817 9.55442 193.337 -24.3505 -223.823 -24.3505 4.77528 27.3288 -223.823 27.3288 264.152 
-59 -39 0 -237.297 -158.053 -3.35128 0.84933 0.154748 -0.788303 0.154748 1.50782 0.580497 -0.788303 0.580497 3.78048 
-38 -40 0 -155.114 -163.04 0.443746 109.509 -57.2529 -2.80801 -57.2529 60.6255 0.259137 -2.80801 0.259137 0.436502 
-52 -43 0 -211.08 -172.979 1.82156 63.3176 -12.9693 -9.78793 -12.9693 4.60882 1.76765 -9.78793 1.76765 1.92301 
-40 -38 2 -161.986 -153.653 9.04981 2.38796 0.570323 -0.22962 0.570323 0.741899 0.142249 -0.22962 0.142249 3.18543 
-41 -37 -1 -166.492 -150.547 -4.45741 5.3246 7.96447 -6.58248 7.96447 15.6437 -7.41969 -6.58248 -7.41969 42.9857 
-39 -40 0 -158.721 -162.175 0.435648 2.68052 3.32586 0.176209 3.32586 6.12603 0.079751 0.176209 0.079751 0.600526 
-50 -42 2 -203.001 -170.429 9.54564 3.20196 0.962544 0.0511283 0.962544 1.46779 0.369198 0.0511283 0.369198 1.07276 
-39 -41 0 -156.735 -165.217 2.26452 11.1546 -18.5859 -6.21634 -18.5859 36.787 12.8263 -6.21634 12.8263 5.17499 
-49 -41 0 -197.115 -165.608 1.75366 43.7501 -110.574 -72.5427 -110.574 285.584 188.67 -72.5427 188.67 126.231 
-40 -40 0 -161.12 -163.26 1.66628 159.787 -234.979 -66.8231 -234.979 394.441 142.276 -66.8231 142.276 72.8004 
-50 -42 -1 -202.494 -170.423 -4.65458 2.12152 -0.637173 -4.10533 -0.637173 1.64253 9.83303 -4.10533 9.83303 121.307 
-52 -42 0 -210.553 -170.454 3.00952 86.2154 -44.2255 105.739 -44.2255 23.5246 -53.797 105.739 -53.797 130.943 
-40 -39 1 -162.45 -157.185 5.41941 2.4178 -0.322945 -0.552833 -0.322945 2.16918 0.074474 -0.552833 0.074474 1.03375 
-45 -38 2 -180.807 -153.367 9.9063 4.37234 2.34724 1.39627 2.34724 3.37171 0.525852 1.39627 0.525852 1.16075 
-57 -39 2 -229.502 -157.507 9.34379 1.80744 0.116027 0.448109 0.116027 0.646665 -0.1445 0.448109 -0.1445 1.23289 
-40 -37 0 -161.623 -151.632 0.962305 1.16625 -1.63787 -0.766535 -1.63787 12.048 2.22915 -0.766535 2.22915 0.933588 
-51 -42 1 -205.387 -170.114 5.81547 2.89589 0.435724 -0.817856 0.435724 0.982955 -0.155384 -0.817856 -0.155384 0.984503 
-48 -41 1 -194.026 -165.236 5.43412 0.993812 -0.101871 -0.0894702 -0.101871 1.81483 -0.23366 -0.0894702 -0.23366 0.950109 
-38 -40 1 -154.945 -163.095 5.48398 314.77 331.233 -33.7834 331.233 771.665 -29.0202 -33.7834 -29.0202 4.68886 
-55 -40 1 -222.065 -161.685 4.70856 3.54057 -2.84014 -1.09043 -2.84014 7.26396 -3.86002 -1.09043 -3.86002 6.90325 
-55 -39 1 -222.523 -157.461 5.901 1.15786 0.714445 -0.189433 0.714445 2.01947 -0.453526 -0.189433 -0.453526 0.780449 
-40 -40 1 -162.317 -160.411 5.95068 1.94906 -2.2934 -0.689286 -2.2934 7.34712 1.09345 -0.689286 1.09345 1.21421 
-54 -39 1 -218.98 -158.144 5.49634 2.13276 1.60156 0.199872 1.60156 3.55245 1.07012 0.199872 1.07012 1.62498 
-38 -39 1 -152.459 -159.031 5.46535 141.081 -208.464 87.7352 -208.464 387.051 -155.03 87.7352 -155.03 64.5966 
-40 -38 1 -162.251 -154.157 5.86793 4.41351 5.0748 -1.62955 5.0748 6.7338 -2.08333 -1.62955 -2.08333 1.4089 
-54 -38 1 -217.937 -153.677 6.33506 2.83306 1.40844 -1.30607 1.40844 2.46196 -1.18669 -1.30607 -1.18669 1.50277 
-38 -38 -2 -153.469 -153.034 -8.95855 16.8858 -1.74291 -33.8183 -1.74291 58.1027 122.4 -33.8183 122.4 549.552 
-44 -38 1 -177.592 -153.229 6.23528 4.85417 0.941602 -0.0247392 0.941602 1.24583 -0.0938059 -0.0247392 -0.0938059 0.745233 
-47 -41 1 -190.881 -164.776 6.31905 8.54605 -4.06931 1.55381 -4.06931 3.73258 -2.06655 1.55381 -2.06655 1.81513 
-60 -37 0 -243.005 -151.548 -0.0861527 3.70108 0.0776356 -0.106031 0.0776356 9.77492 0.574356 -0.106031 0.574356 0.477395 
-51 -42 2 -205.18 -170.341 9.68669 136.094 45.698 78.7292 45.698 17.716 24.6235 78.7292 24.6235 47.399 
-53 -37 1 -214.635 -151.314 6.61145 11.9812 -22.6334 -8.37235 -22.6334 61.6984 24.0983 -8.37235 24.0983 9.837 
-46 -44 1 -186.376 -176.914 5.65342 2.06094 -3.0396 -1.35007 -3.0396 8.16266 3.05509 -1.35007 3.05509 2.29136 
-45 -43 4 -183.527 -172.76 17.1001 182.43 141.228 96.7378 141.228 164.053 103.7 96.7378 103.7 67.0452 
-38 -39 0 -152.261 -158.702 1.23721 35.1881 6.88172 3.12609 6.88172 3.25135 1.66167 3.12609 1.66167 1.00546 
-43 -39 1 -175.477 -157.891 5.02576 106.272 108.707 -51.0026 108.707 274.863 -242.846 -51.0026 -242.846 260.186 
-45 -43 1 -182.798 -174.776 6.03192 1.36239 0.222179 0.0562343 0.222179 1.66312 0.103408 0.0562343 0.103408 1.28061 
-53 -39 1 -213.282 -157.743 6.50729 1.00762 -0.0843478 -0.803799 -0.0843478 2.1361 -1.01558 -0.803799 -1.01558 1.79271 
