-43 -36 3 -173.044 -146.911 12.6518 1.26419 0.129373 0.370319 0.129373 2.13012 -0.21832 0.370319 -0.21832 3.24838 
-46 -36 2 -184.982 -146.417 9.15051 16.5125 9.57136 -25.0154 9.57136 10.0164 -22.0522 -25.0154 -22.0522 94.47 
-48 -17 2 -195.969 -70.7976 8.3573 5709.87 -98.4865 -3.02494 -98.4865 7.53103 -2.00215 -3.02494 -2.00215 41.1746 
-49 -18 2 -196.036 -72.4731 8.38745 7706.75 -87.0318 -320.35 -87.0318 9.2051 -0.85133 -320.35 -0.85133 61.048 
-51 -34 2 -207.002 -138.612 9.10983 11.3023 -3.58025 0.432119 -3.58025 3.28023 1.72265 0.432119 1.72265 2.89299 
-53 -34 2 -214.56 -139.367 9.05405 0.564431 0.478778 -0.131687 0.478778 14.2192 6.23417 -0.131687 6.23417 8.94618 
-52 -34 2 -210.164 -139.474 8.55955 2.73976 -1.08962 -1.28094 -1.08962 5.92503 1.22199 -1.28094 1.22199 4.15887 
-57 -34 2 -229.206 -139.731 8.49096 4.3251 11.9215 -11.1197 11.9215 100.022 -73.5363 -11.1197 -73.5363 96.4882 
-57 -35 2 -229.334 -140.875 8.50835 20.4423 -22.1856 -23.283 -22.1856 40.5151 37.4351 -23.283 37.4351 43.2894 
-52 -35 2 -208.968 -141.288 9.01364 2.81416 0.165891 -1.10192 0.165891 1.51706 0.204242 -1.10192 0.204242 2.09622 
-51 -35 2 -207.404 -141.466 9.04039 90.218 36.6737 -13.487 36.6737 16.1732 -6.21637 -13.487 -6.21637 3.07685 
-43 -36 2 -173.27 -146.746 9.89446 1.69132 0.611944 -0.598985 0.611944 2.01631 -0.284025 -0.598985 -0.284025 0.979976 
-44 -36 2 -177.276 -146.325 9.60312 1.31001 -0.287865 0.184201 -0.287865 7.545 -3.32044 0.184201 -3.32044 2.82422 
-44 -37 2 -177.442 -149.273 9.42952 19.8084 34.2883 16.3451 34.2883 157.068 40.7587 16.3451 40.7587 16.0651 
-45 -37 2 -182.88 -149.471 9.74157 2.26869 -0.342433 -1.2061 -0.342433 4.04284 -0.0861155 -1.2061 -0.0861155 1.48537 
-48 -17 1 -195.957 -70.9471 6.7541 1050.64 -32.6588 -2.01197 -32.6588 3.91747 0.419075 -2.01197 0.419075 1.12422 
-48 -18 1 -195.778 -72.7449 6.96614 6.41659 2.3497 1.34091 2.3497 9.57962 -1.4144 1.34091 -1.4144 1.72106 
-55 -36 1 -220.299 -144.415 4.98186 42.1144 -14.7057 -0.495529 -14.7057 24.5252 -0.346316 -0.495529 -0.346316 4.72816 
-39 -36 1 -158.897 -146.256 6.57632 3.11277 1.26865 -0.640677 1.26865 1.51407 0.442918 -0.640677 0.442918 1.97182 
-55 -37 1 -220.667 -149.188 6.00016 7.67083 -7.02742 -1.27153 -7.02742 11.4317 0.415822 -1.27153 0.415822 2.71573 
-53 -13 1 -213.568 -54.2025 4.31498 100.127 -1.76195 6.30318 -1.76195 0.621615 0.115253 6.30318 0.115253 8.55628 
-45 -14 1 -182.659 -57.3823 4.67707 20.6939 0.511747 -2.2766 0.511747 2.03648 0.886193 -2.2766 0.886193 12.5784 
-53 -14 1 -213.656 -57.6238 4.42053 105.634 -0.398172 16.4471 -0.398172 0.78476 -0.486445 16.4471 -0.486445 8.92573 
-53 -15 1 -213.959 -61.7977 4.69598 114.106 -4.24233 66.4641 -4.24233 0.796274 -1.71956 66.4641 -1.71956 54.5439 
-53 -16 1 -214.063 -65.662 4.7473 144.254 2.27223 17.2579 2.27223 0.552025 -0.727596 17.2579 -0.727596 8.89552 
-42 -24 1 -170.075 -98.9106 4.30282 3.25011 0.319613 1.48583 0.319613 1.54385 0.990524 1.48583 0.990524 33.6838 
-50 -34 1 -200.642 -139.567 5.11844 12.8571 -7.51488 8.21047 -7.51488 18.8861 -6.96593 8.21047 -6.96593 8.56607 
-51 -34 1 -207.238 -138.928 6.65588 12.3447 -7.79805 -0.665958 -7.79805 6.93358 0.0414485 -0.665958 0.0414485 1.38489 
-59 -34 1 -238.795 -139.724 4.41648 610.43 966.701 -591.341 966.701 2798.72 -1578.17 -591.341 -1578.17 918.617 
-61 -34 1 -246.871 -139.309 4.59998 0.921988 0.731714 -1.51016 0.731714 4.54784 -1.03324 -1.51016 -1.03324 12.3071 
-62 -35 1 -249.202 -141.861 5.18916 1.96775 0.0755253 0.0214945 0.0755253 1.01873 0.209517 0.0214945 0.209517 2.04423 
-42 -35 1 -170.273 -142.75 4.96872 4.45029 2.79927 -1.52726 2.79927 5.24735 2.18764 -1.52726 2.18764 4.84215 
-41 -35 1 -165.006 -141.821 5.49027 4.7969 0.0695487 1.04279 0.0695487 1.52457 0.734687 1.04279 0.734687 1.23173 
-43 -35 1 -172.6 -142.817 4.62304 7.19762 -0.308881 -2.05026 -0.308881 5.77934 -0.25176 -2.05026 -0.25176 6.41513 
-42 -36 3 -169.044 -147.827 13.2468 7.19683 34.7421 17.8545 34.7421 219.786 86.6716 17.8545 86.6716 46.3962 
-50 -35 1 -200.87 -142.495 5.00091 2.95315 -0.293745 0.360105 -0.293745 1.12596 0.406187 0.360105 0.406187 3.02279 
-53 -35 1 -214.623 -141.71 5.27276 1.15466 0.663136 0.283056 0.663136 1.76174 0.281296 0.283056 0.281296 0.844286 
-55 -35 1 -221.577 -141.529 5.09453 3.70276 0.508679 1.03803 0.508679 1.38866 -0.0942133 1.03803 -0.0942133 1.73988 
-40 -35 1 -163.024 -142.488 4.90708 1.79636 0.917088 0.101447 0.917088 0.936257 0.0218122 0.101447 0.0218122 1.57972 
-55 -34 1 -221.117 -139.007 5.44829 1.39724 -0.651888 -0.178689 -0.651888 4.22519 -1.71249 -0.178689 -1.71249 1.35667 
-48 -35 1 -194.074 -142.362 5.07695 1.03901 0.219492 0.112128 0.219492 0.745837 -0.23196 0.112128 -0.23196 1.89188 
-49 -35 1 -198.421 -141.654 5.06141 0.828499 -0.314715 -0.397689 -0.314715 0.778256 0.0544111 -0.397689 0.0544111 1.92213 
-51 -35 1 -206.54 -141.933 5.31642 2.05171 1.33334 -0.467003 1.33334 2.50822 -0.931455 -0.467003 -0.931455 1.28745 
-56 -35 1 -226.249 -141.796 5.47991 1.47489 0.471133 -0.0287062 0.471133 0.938272 -0.294605 -0.0287062 -0.294605 1.04784 
-57 -35 1 -229.801 -141.662 5.34293 0.920853 0.140882 -0.266525 0.140882 1.07851 -0.368842 -0.266525 -0.368842 1.23536 
-40 -36 1 -161.98 -145.261 5.95322 0.736541 0.192927 0.274101 0.192927 2.23788 0.561635 0.274101 0.561635 1.05622 
-41 -36 1 -165.026 -145.139 6.27449 4.19235 -1.25741 0.547907 -1.25741 1.79002 -0.130902 0.547907 -0.130902 0.754672 
-49 -36 1 -198.909 -144.584 4.99933 1.76526 0.0981564 -0.120491 0.0981564 5.94339 0.587384 -0.120491 0.587384 1.39703 
-56 -36 1 -226.239 -144.346 4.77968 1.05937 -0.961616 0.460794 -0.961616 10.3339 -2.29988 0.460794 -2.29988 3.13675 
-42 -37 2 -169.266 -148.767 11.0035 0.925107 1.57818 1.92658 1.57818 5.77526 5.57923 1.92658 5.57923 8.06456 
-61 -36 1 -247.075 -145.09 4.90941 1.9544 -0.148356 -0.146597 -0.148356 2.65379 0.724015 -0.146597 0.724015 2.29382 
-57 -36 1 -230.485 -144.841 4.6626 0.854609 0.261919 -0.141709 0.261919 3.81942 -0.700909 -0.141709 -0.700909 5.64146 
-53 -36 1 -213.56 -145.396 4.85371 0.852367 -0.137124 0.0936288 -0.137124 1.21768 0.100053 0.0936288 0.100053 1.86755 
-60 -36 1 -241.792 -144.954 4.98969 0.69883 0.0735911 0.328238 0.0735911 1.91468 -0.407125 0.328238 -0.407125 3.72011 
-61 -35 1 -246.392 -141.844 5.05612 0.502448 -0.103375 -0.0202735 -0.103375 0.896094 0.00530658 -0.0202735 0.00530658 1.67999 
-46 -36 1 -185.551 -146.176 4.32677 1.96374 2.51809 1.39552 2.51809 3.87233 2.9441 1.39552 2.9441 14.6485 
-60 -34 1 -242.021 -138.939 4.73602 0.944404 0.253504 0.100478 0.253504 1.9931 1.04678 0.100478 1.04678 3.77792 
-50 -36 1 -202.616 -145.684 5.08989 1.38259 -0.89003 1.12928 -0.89003 1.6561 -0.976794 1.12928 -0.976794 2.54174 
-52 -36 1 -209.991 -146.283 5.58895 1.83138 0.752297 -0.310334 0.752297 1.30519 0.029344 -0.310334 0.029344 1.18241 
-41 -37 1 -167.096 -148.39 4.85576 2.2991 0.756215 -0.831342 0.756215 9.7476 1.28927 -0.831342 1.28927 8.37361 
-44 -37 1 -177.937 -148.381 6.72495 2.87109 11.9691 3.09963 11.9691 58.6204 14.2058 3.09963 14.2058 4.00558 
-43 -37 1 -173.894 -148.713 5.68324 2.51223 5.93918 2.65211 5.93918 23.3764 10.2483 2.65211 10.2483 5.54786 
-45 -37 1 -182.322 -148.781 5.50845 1.3096 -1.29222 -0.09512 -1.29222 3.69802 0.565482 -0.09512 0.565482 0.707839 
-45 -14 0 -182.463 -57.557 3.33408 129.528 -7.17332 8.18184 -7.17332 2.4104 -0.463467 8.18184 -0.463467 7.27609 
-55 -28 0 -223.242 -115.991 -0.0499491 2.14447 -4.0636 1.56861 -4.0636 1085.01 2.06824 1.56861 2.06824 3.4687 
-57 -14 0 -231.204 -56.2714 -0.61874 5.90416 -9.08853 2.6999 -9.08853 53.1755 2.29635 2.6999 2.29635 3.63471 
-53 -32 0 -214.498 -131.925 -1.50705 30.6659 270.355 -7.93035 270.355 4390.95 -256.48 -7.93035 -256.48 36.6234 
-59 -32 0 -236.414 -131.9 -1.43141 248.431 563.91 -93.6665 563.91 2361.47 -553.129 -93.6665 -553.129 159.51 
-43 -16 0 -174.049 -66.0428 -1.64784 3.96618 -0.292309 -3.36534 -0.292309 0.884403 0.446081 -3.36534 0.446081 24.9645 
-39 -24 0 -159.249 -99.0869 0.268953 5.31104 2.57109 -0.274011 2.57109 5.29689 0.86533 -0.274011 0.86533 1.07898 
-40 -34 0 -162.214 -139.44 -0.804106 1.71447 -0.893452 0.559031 -0.893452 8.22903 0.12411 0.559031 0.12411 0.958287 
-41 -34 0 -165.749 -139.602 0.949967 1.17573 -0.912056 0.388778 -0.912056 13.9283 -0.142284 0.388778 -0.142284 0.549981 
-43 -12 0 -173.281 -50.869 -2.05416 10.524 1.97568 -5.82564 1.97568 4.16445 1.47945 -5.82564 1.47945 16.3591 
-43 -14 0 -173.614 -57.9634 -1.85578 3.31766 -0.327812 -4.29605 -0.327812 0.758194 0.358274 -4.29605 0.358274 21.8846 
-42 -26 0 -168.534 -104.642 -1.0013 5.10732 2.02952 -0.467931 2.02952 4.91236 -0.263128 -0.467931 -0.263128 1.00984 
-62 -37 0 -249.084 -148.56 -0.931067 5.62983 -1.35954 -0.644855 -1.35954 14.3585 -0.640814 -0.644855 -0.640814 0.409323 
-55 -19 0 -222.641 -78.0548 -2.96894 160.964 78.5285 373.727 78.5285 192.319 150.421 373.727 150.421 881.809 
-44 -22 0 -177.309 -91.0365 -0.414319 1.15872 -0.0418026 -0.474638 -0.0418026 1.44684 0.359015 -0.474638 0.359015 4.24697 
-43 -22 0 -173.199 -90.4628 -1.10045 0.873974 -0.242882 0.718573 -0.242882 0.962193 -0.0769964 0.718573 -0.0769964 1.85157 
-48 -37 0 -194.81 -148.379 -1.78076 3.07381 -2.14381 -1.37692 -2.14381 18.792 1.57146 -1.37692 1.57146 0.954917 
-53 -37 0 -212.437 -148.917 0.50667 2.17954 0.658305 0.0645155 0.658305 6.44181 0.501166 0.0645155 0.501166 0.258585 
-40 -12 0 -162.49 -51.2175 -0.300982 3.97392 -1.93544 0.150473 -1.93544 4.00241 -0.0841223 0.150473 -0.0841223 0.247879 
-41 -12 0 -166.053 -51.2143 -0.0778714 0.743726 0.122526 -0.0173949 0.122526 4.24519 -0.215065 -0.0173949 -0.215065 0.301682 
-42 -12 0 -168.58 -51.3933 0.179836 6.75691 -1.97564 0.225782 -1.97564 6.67161 -0.309382 0.225782 -0.309382 0.358008 
-57 -12 0 -230.397 -51.5477 -2.11681 0.908353 0.290391 0.432757 0.290391 12.8195 -0.415244 0.432757 -0.415244 1.45917 
-39 -13 0 -157.151 -52.5226 -3.96661 5.96418 -24.9831 8.88861 -24.9831 114.19 -48.1337 8.88861 -48.1337 462.376 
-43 -13 0 -173.601 -54.2076 -2.16431 2.0023 -0.030834 -0.748412 -0.030834 0.933241 0.12135 -0.748412 0.12135 4.02925 
-51 -37 0 -206.113 -148.419 1.247 1.7676 -1.2408 -0.464306 -1.2408 18.906 -1.30824 -0.464306 -1.30824 0.602982 
-57 -13 0 -230.305 -54.3884 -1.46667 1.78263 -0.508751 0.23468 -0.508751 0.974755 0.0278256 0.23468 0.0278256 0.36734 
-42 -13 0 -169.843 -54.5168 -1.80553 4.5059 -5.65215 4.67379 -5.65215 8.74198 -7.36606 4.67379 -7.36606 6.96168 
-44 -13 0 -178.767 -54.2285 -1.10579 222.4 -6.59415 1.42603 -6.59415 0.998798 -0.0722918 1.42603 -0.0722918 0.233305 
-53 -13 0 -213.603 -54.3974 -0.361481 118.558 -7.36676 0.595338 -7.36676 1.3144 -0.0882215 0.595338 -0.0882215 0.163148 
-40 -14 0 -161.998 -57.4308 -3.42842 0.742783 0.0232257 -0.0983005 0.0232257 0.685479 -0.00166824 -0.0983005 -0.00166824 11.4005 
-42 -14 0 -169.562 -58.0193 -3.63898 1.25384 -0.655827 -0.670378 -0.655827 1.69659 1.58068 -0.670378 1.58068 27.6378 
-39 -14 0 -157.705 -57.5907 -3.3757 0.962769 0.0123486 -0.151211 0.0123486 0.923069 0.023309 -0.151211 0.023309 8.57636 
-43 -15 0 -173.82 -62.1394 -1.99282 2.59717 -0.0619518 -0.578831 -0.0619518 0.851884 -0.390584 -0.578831 -0.390584 3.24667 
-41 -24 1 -165.977 -98.6602 4.88662 1.21604 0.678641 -0.560797 0.678641 1.34066 0.0501096 -0.560797 0.0501096 3.61852 
-60 -35 1 -242.261 -142.071 5.04844 0.798427 0.0234671 -0.125336 0.0234671 0.854678 0.140016 -0.125336 0.140016 2.2466 
-44 -15 0 -178.772 -62.0796 -1.30867 3.11277 -0.232959 0.267517 -0.232959 0.807133 0.0359397 0.267517 0.0359397 0.29897 
-43 -19 0 -174.411 -78.4906 -1.25002 1.84544 -0.203811 -0.436588 -0.203811 0.669074 0.298609 -0.436588 0.298609 4.28906 
-44 -16 0 -179.172 -66.1519 -0.665372 286.933 -9.93148 2.45808 -9.93148 1.15197 -0.113193 2.45808 -0.113193 0.309887 
-53 -17 0 -214.156 -69.0928 -0.943023 141.736 1.38196 -0.598519 1.38196 8.30432 0.331012 -0.598519 0.331012 0.158207 
-43 -17 0 -174.097 -70.3615 -1.84109 2.18547 0.0808593 -0.117663 0.0808593 0.799662 -0.570125 -0.117663 -0.570125 2.84915 
-44 -17 0 -179.21 -69.9101 -0.921728 4.34782 -0.21415 0.102502 -0.21415 0.764121 0.0272478 0.102502 0.0272478 0.296176 
-60 -17 0 -241.512 -71.1391 -2.18275 1.31699 -0.962263 -0.650277 -0.962263 6.79131 1.63612 -0.650277 1.63612 0.880173 
-59 -18 0 -238.473 -73.0136 -1.25615 1.79185 -0.0528447 0.631525 -0.0528447 1.25511 -0.17747 0.631525 -0.17747 0.52624 
-44 -18 0 -179.295 -73.9896 -0.746176 5.69141 0.309682 0.400863 0.309682 0.820726 0.0494755 0.400863 0.0494755 0.319451 
-56 -19 0 -226.497 -77.9993 -2.82758 0.941397 -0.0568367 0.265104 -0.0568367 95.0397 2.61741 0.265104 2.61741 4.7424 
-57 -19 0 -230.174 -77.9524 -3.14067 1.11952 2.73607 0.536841 2.73607 179.751 -1.29285 0.536841 -1.29285 3.19533 
-42 -19 0 -171.584 -79.8929 -1.99998 28.2466 -122.323 1.9709 -122.323 583.198 -5.58347 1.9709 -5.58347 0.988878 
-44 -19 0 -179.122 -78.347 -0.714504 1.76657 0.316281 0.268043 0.316281 0.785403 -0.0790652 0.268043 -0.0790652 0.343988 
-41 -20 0 -166.026 -80.8512 -1.92513 0.927937 -0.224545 -0.0434938 -0.224545 1.38672 0.0974488 -0.0434938 0.0974488 0.750762 
-43 -20 0 -173.741 -80.1902 -2.1309 0.905612 0.258744 -0.304098 0.258744 5.04443 -0.360641 -0.304098 -0.360641 1.01678 
-44 -20 0 -178.014 -80.3356 -1.55485 3.45713 1.07346 1.64488 1.07346 7.69983 0.45669 1.64488 0.45669 0.920077 
-41 -21 0 -165.852 -85.4519 -2.72798 1.47778 0.142734 0.816583 0.142734 1.33798 0.459688 0.816583 0.459688 1.39061 
-42 -21 0 -170.414 -86.0428 -2.02706 0.666843 0.110445 0.253519 0.110445 0.659119 -0.0410804 0.253519 -0.0410804 0.822601 
-45 -22 0 -180.65 -90.012 -1.93107 3.03015 0.423556 -0.302896 0.423556 0.542243 0.0106306 -0.302896 0.0106306 0.272161 
-39 -22 0 -159.87 -90.0014 -1.80967 627.994 -16.6762 8.27838 -16.6762 1.1885 -0.219113 8.27838 -0.219113 0.737791 
-40 -22 0 -161.029 -90.5304 -0.615101 1.17245 -0.130146 0.109756 -0.130146 0.886587 -0.36324 0.109756 -0.36324 1.18348 
-42 -22 0 -169.778 -90.2074 -2.13588 0.554028 0.000794841 0.189544 0.000794841 0.57812 0.0124707 0.189544 0.0124707 0.779866 
-39 -23 0 -159.928 -92.3902 -1.89042 572.335 -25.7236 4.66652 -25.7236 19.8889 -0.888454 4.66652 -0.888454 0.637009 
-40 -23 0 -162.127 -92.6163 -1.62347 0.82052 -0.482502 -0.0338317 -0.482502 2.27699 0.553139 -0.0338317 0.553139 0.598032 
-53 -37 1 -213.045 -149.102 5.78313 83.2603 12.2316 25.425 12.2316 12.6116 3.46546 25.425 3.46546 8.61909 
-42 -23 0 -169.654 -93.9313 -0.654635 0.918827 0.0950138 -0.0631852 0.0950138 0.501603 0.105439 -0.0631852 0.105439 0.274319 
-43 -23 0 -172.857 -93.0879 -1.99884 1.71071 0.326374 0.645655 0.326374 1.12979 -0.58583 0.645655 -0.58583 1.34378 
-40 -24 0 -162.065 -98.5686 -0.641603 1.12074 0.172569 -0.116706 0.172569 1.29593 0.0379463 -0.116706 0.0379463 0.233911 
-41 -24 0 -166.018 -98.2303 -0.628654 0.935653 0.10775 -0.0200508 0.10775 0.757522 -0.00509479 -0.0200508 -0.00509479 0.229122 
-43 -24 0 -172.295 -98.3585 -1.30233 17.3132 -1.18721 -0.311256 -1.18721 0.792188 0.0548422 -0.311256 0.0548422 0.244524 
-53 -15 0 -213.923 -61.9199 -0.281404 120.244 -5.51131 -0.111461 -5.51131 0.955646 -0.00124334 -0.111461 -0.00124334 0.213044 
-60 -25 0 -241.895 -102.137 -1.75037 0.839866 -2.18346 -0.140315 -2.18346 69.1368 3.83356 -0.140315 3.83356 0.815736 
-40 -25 0 -161.763 -101.659 -1.05936 0.829708 0.112175 -0.0622791 0.112175 0.924549 -0.0784468 -0.0622791 -0.0784468 0.271495 
-41 -25 0 -166.099 -101.925 -0.626446 0.999788 -0.16797 0.0811501 -0.16797 0.753807 -0.0249685 0.0811501 -0.0249685 0.248395 
-43 -25 0 -172.428 -101.871 -1.54962 19.5844 -0.429381 0.802285 -0.429381 0.857225 -0.0747739 0.802285 -0.0747739 0.542005 
-42 -20 0 -170.254 -81.1468 -2.16466 0.64861 -0.0865049 -0.0385319 -0.0865049 0.768216 -0.0642561 -0.0385319 -0.0642561 0.864408 
-39 -26 0 -159.679 -104.209 -1.05613 18.7568 -10.9023 0.683143 -10.9023 145.797 -3.00735 0.683143 -3.00735 0.222064 
-43 -26 0 -174.317 -105.567 -1.63886 17.8912 -22.8135 -1.49297 -22.8135 30.6414 2.00071 -1.49297 2.00071 0.674698 
-44 -26 0 -176.62 -107.527 -1.30662 179.227 -230.361 7.70169 -230.361 309.064 -9.87124 7.70169 -9.87124 0.815909 
-40 -36 2 -163.058 -145.749 9.12728 3.39611 -0.559518 0.293537 -0.559518 1.15704 0.277951 0.293537 0.277951 1.20894 
-42 -25 0 -169.508 -101.712 -0.345221 1.28352 0.449845 0.0354904 0.449845 0.86597 -0.0450992 0.0354904 -0.0450992 0.305435 
-61 -26 0 -245.598 -106.001 -1.8821 352.537 -11.9044 5.01044 -11.9044 1.23021 -0.211167 5.01044 -0.211167 0.767756 
-44 -27 0 -178.589 -109.078 -1.44854 178.283 -229.822 8.64664 -229.822 298.782 -11.1473 8.64664 -11.1473 0.897683 
-62 -34 1 -248.571 -139.527 4.73852 8.52211 -5.68363 9.28529 -5.68363 10.7195 -6.39668 9.28529 -6.39668 25.3579 
-45 -27 0 -181.309 -111.166 -1.39197 24.4337 -34.1078 0.042102 -34.1078 51.0106 -0.178184 0.042102 -0.178184 0.452405 
-58 -27 0 -235.492 -109.965 -2.33425 698.186 -19.5871 3.52294 -19.5871 1.31175 -0.256235 3.52294 -0.256235 1.10968 
-62 -28 0 -249.025 -113.953 -2.6974 2.97145 0.199343 0.155135 0.199343 3.98643 0.68669 0.155135 0.68669 1.18509 
-52 -34 1 -209.275 -139.42 6.05522 1.45992 -1.60891 0.668452 -1.60891 6.52989 -1.72219 0.668452 -1.72219 1.09492 
-52 -37 1 -210.422 -148.968 5.69829 0.607114 -0.502743 -0.230716 -0.502743 5.51646 0.642797 -0.230716 0.642797 1.0576 
-50 -28 0 -202.638 -115.944 -3.65028 18.9865 -34.1259 3.85523 -34.1259 168.39 -23.6466 3.85523 -23.6466 92.2152 
-58 -28 0 -234.555 -114.973 -1.82418 1.09357 0.625542 -0.0369545 0.625542 1.1517 0.237263 -0.0369545 0.237263 0.57857 
-59 -28 0 -238.051 -115.611 -0.969854 1.15353 5.23866 0.175549 5.23866 92.3238 0.248463 0.175549 0.248463 0.612715 
-60 -28 0 -242.035 -115.49 -1.25736 0.932773 -0.750146 -0.351037 -0.750146 45.7581 1.53661 -0.351037 1.53661 0.768245 
-61 -28 0 -245.911 -114.417 -1.7631 1.65679 0.579474 -0.154666 0.579474 1.03234 0.0100681 -0.154666 0.0100681 0.485647 
-46 -29 0 -187.739 -116.246 -1.47209 196.299 -215.931 5.69504 -215.931 278.557 -7.05778 5.69504 -7.05778 0.638178 
-42 -25 1 -168.269 -102.077 4.43525 468.793 75.3725 -114.461 75.3725 13.6982 -18.3559 -114.461 -18.3559 64.5415 
-53 -29 0 -213.938 -116.387 -1.51589 1.17235 12.7935 -0.442505 12.7935 465.511 -11.3607 -0.442505 -11.3607 0.791356 
-47 -29 0 -189.763 -116.997 -1.45831 1.08468 -3.36645 0.102251 -3.36645 31.121 -0.938535 0.102251 -0.938535 0.445604 
-61 -29 0 -247.191 -118.434 -3.91336 5.97091 -5.81358 -16.0578 -5.81358 66.6752 -119.149 -16.0578 -119.149 974.099 
-56 -29 0 -225.983 -116.153 -1.81645 0.834655 -0.562197 -0.113716 -0.562197 5.21375 -0.519316 -0.113716 -0.519316 0.571296 
-57 -29 0 -229.122 -116.962 -3.22996 1.7212 -0.180715 -0.426248 -0.180715 0.993792 -0.432699 -0.426248 -0.432699 1.20017 
-40 -29 0 -162.73 -118.031 -3.18901 1.39809 -0.519787 -0.582613 -0.519787 1.14149 -0.166295 -0.582613 -0.166295 2.69861 
-43 -37 2 -174.132 -148.322 10.7469 1.6903 3.88597 -4.40984 3.88597 91.3487 -11.3483 -4.40984 -11.3483 15.1961 
-41 -29 0 -165.344 -118.689 -3.44393 1.45791 -1.0431 -0.576729 -1.0431 1.87972 0.2448 -0.576729 0.2448 8.88177 
-48 -29 0 -194.165 -117.062 -1.41183 0.768901 -0.385974 -0.00619802 -0.385974 5.28837 -0.788929 -0.00619802 -0.788929 0.536491 
-52 -29 0 -210.126 -116.564 -1.15131 0.84211 0.678018 0.00669319 0.678018 5.51855 -0.511141 0.00669319 -0.511141 0.4785 
-53 -30 0 -213.899 -120.721 -3.97051 0.843048 -1.331 -4.10632 -1.331 32.9811 -24.0823 -4.10632 -24.0823 751.755 
-38 -30 0 -154.374 -121.569 -1.94196 126.574 -100.651 -2.45428 -100.651 386.765 -4.89839 -2.45428 -4.89839 0.622553 
-48 -16 1 -195.816 -66.0318 4.6885 374.138 -5.03047 63.8757 -5.03047 2.05548 14.0728 63.8757 14.0728 150.963 
-44 -12 0 -178.657 -51.0088 -0.901885 234.863 -5.65751 0.997773 -5.65751 2.77481 -0.0971609 0.997773 -0.0971609 0.241472 
-41 -30 0 -165.349 -122.05 -2.56304 2.05732 1.25171 -0.321507 1.25171 1.78313 0.447876 -0.321507 0.447876 1.27568 
-40 -30 0 -162.998 -122.771 -1.8521 2.53134 -0.136719 0.0460502 -0.136719 2.25487 0.124927 0.0460502 0.124927 0.590716 
-37 -36 0 -151.035 -147.405 -1.75186 4.1768 3.16592 0.306805 3.16592 5.86704 0.64223 0.306805 0.64223 0.807305 
-43 -31 0 -173.127 -125.222 -3.34791 2.61281 0.147542 -0.433413 0.147542 2.02848 -0.191406 -0.433413 -0.191406 7.00877 
-40 -31 0 -161.094 -125.903 -2.17975 1.6488 0.774348 -0.270053 0.774348 1.36613 -0.0775692 -0.270053 -0.0775692 0.703128 
-42 -31 0 -169.185 -126.238 -2.30468 1.53081 0.547038 -0.4186 0.547038 1.4093 0.00500791 -0.4186 0.00500791 0.868513 
-41 -32 0 -167.594 -128.47 -3.07619 18.8322 -4.74581 0.718337 -4.74581 9.9776 -3.40598 0.718337 -3.40598 4.0855 
-60 -18 0 -242.046 -73.2129 -1.20995 1.25918 -0.478826 -0.290672 -0.478826 1.68903 -0.244464 -0.290672 -0.244464 0.751598 
-42 -32 0 -168.792 -128.542 -3.14143 5.49648 1.28687 1.05586 1.28687 5.8346 -0.350866 1.05586 -0.350866 3.78122 
-40 -32 0 -160.799 -129.779 -3.4515 6.28188 0.181855 1.04086 0.181855 0.339806 -0.430012 1.04086 -0.430012 4.30621 
-41 -26 0 -166.611 -104.974 -1.26347 1.49128 -0.0426499 0.341388 -0.0426499 2.30862 -0.137894 0.341388 -0.137894 0.63032 
-46 -32 0 -184.293 -130.917 -3.30267 31.4109 -0.223354 0.739655 -0.223354 3.32202 -0.63499 0.739655 -0.63499 6.87938 
-49 -32 0 -196.947 -131.907 -3.7254 34.0416 -40.9879 2.90425 -40.9879 500.489 -225.052 2.90425 -225.052 201.625 
-39 -33 0 -159.226 -132.673 -2.39777 3.84086 0.103711 0.177744 0.103711 6.28244 -0.415996 0.177744 -0.415996 1.09104 
-49 -33 0 -197.203 -133.358 -2.46304 3.25985 0.341855 -0.0348059 0.341855 2.2115 0.350659 -0.0348059 0.350659 0.692975 
-61 -27 0 -245.803 -110.027 -1.39249 83.2274 -3.68103 7.27314 -3.68103 0.957193 -0.282554 7.27314 -0.282554 1.11309 
-59 -33 0 -236.707 -133.839 -1.23874 1.68236 -0.18738 -0.763532 -0.18738 1.71599 -0.116081 -0.763532 -0.116081 1.5661 
-41 -33 0 -167.518 -135.187 -3.26148 9.76198 0.431349 1.18149 0.431349 5.50487 0.669985 1.18149 0.669985 4.31946 
-49 -17 1 -196.785 -70.1903 6.47752 13.4945 7.56277 0.861794 7.56277 4.63143 0.392009 0.861794 0.392009 1.06568 
-48 -33 0 -195.275 -134.509 -1.65376 6.97687 8.32991 3.95652 8.32991 10.8763 5.09321 3.95652 5.09321 2.52746 
-53 -33 0 -214.532 -133.498 -2.02626 1.90318 0.432114 0.0765632 0.432114 2.16058 -0.0703949 0.0765632 -0.0703949 1.24315 
-54 -33 0 -218.709 -135.289 -2.53239 3.9895 -5.73076 0.316312 -5.73076 9.49981 -0.485315 0.316312 -0.485315 1.66117 
-55 -33 0 -222.209 -135.379 -2.90393 0.808178 1.35059 -0.228921 1.35059 5.98028 -0.490642 -0.228921 -0.490642 2.16659 
-57 -33 0 -229.252 -135.349 -1.62605 2.26856 -0.417817 -0.131976 -0.417817 5.98382 0.4684 -0.131976 0.4684 0.498555 
-60 -33 0 -241.275 -134.214 -2.40169 2.48526 -0.28101 -0.0929794 -0.28101 2.44391 -0.0233015 -0.0929794 -0.0233015 0.753557 
-61 -33 0 -246.847 -135.378 -1.87847 2.82923 0.490876 0.0786668 0.490876 7.83967 0.420231 0.0786668 0.420231 0.584519 
-45 -34 0 -180.837 -136.306 -3.33423 2.95623 1.36395 -1.15121 1.36395 20.3834 -0.428604 -1.15121 -0.428604 7.80261 
-59 -34 0 -238.791 -138.129 -0.975373 2.06567 0.259811 0.0334113 0.259811 1.60616 0.286507 0.0334113 0.286507 0.34295 
-43 -24 -1 -172.746 -98.0794 -5.05109 0.937263 -0.0156685 0.480244 -0.0156685 0.730155 0.144866 0.480244 0.144866 2.65236 
-59 -26 -1 -238.139 -106.618 -5.76178 0.386154 -0.236161 -0.0385783 -0.236161 1.10333 0.18064 -0.0385783 0.18064 2.92881 
-40 -24 -1 -162.238 -97.8343 -6.40933 0.997304 0.1151 0.347742 0.1151 0.938947 0.0900767 0.347742 0.0900767 0.9201 
-44 -26 -1 -176.477 -107.539 -5.13903 110.138 -118.878 6.96037 -118.878 140.107 -8.92906 6.96037 -8.92906 2.42996 
-39 -32 -1 -158.411 -130.242 -6.79565 0.878057 0.0231923 0.307196 0.0231923 0.751294 0.32681 0.307196 0.32681 0.75355 
-61 -31 -1 -245.97 -126.108 -6.1334 0.743382 0.0791498 1.75498 0.0791498 0.881905 5.8486 1.75498 5.8486 182.135 
-46 -37 2 -184.61 -149.023 10.2345 4.91314 1.32888 1.22185 1.32888 4.64594 -0.268623 1.22185 -0.268623 1.39256 
-57 -36 -1 -231.065 -144.745 -4.47496 3.10613 1.04454 2.69692 1.04454 3.22336 -0.22645 2.69692 -0.22645 13.5558 
-59 -27 -1 -238.46 -110.885 -6.13621 0.76122 0.20873 0.48157 0.20873 1.36039 0.424458 0.48157 0.424458 3.98964 
-61 -28 -1 -245.92 -114.597 -5.34479 1.03976 0.0138615 0.130352 0.0138615 0.779733 -0.0434096 0.130352 -0.0434096 1.80391 
-38 -23 -1 -153.807 -94.106 -7.03362 1.69979 -0.363695 18.1392 -0.363695 0.98652 -8.09581 18.1392 -8.09581 337.999 
-53 -33 -1 -214.028 -134.048 -5.30458 0.749748 0.0312925 0.153811 0.0312925 0.909515 1.75149 0.153811 1.75149 16.6821 
-44 -28 -1 -178.173 -113.784 -5.93921 0.822083 -0.240015 0.487045 -0.240015 0.944112 -0.60531 0.487045 -0.60531 3.47415 
-49 -34 1 -197.418 -138.87 5.00202 1.15377 -0.236575 -0.823202 -0.236575 2.04993 -0.231052 -0.823202 -0.231052 2.55415 
-45 -28 -1 -181.847 -113.947 -5.61794 0.747129 0.0129803 -0.0152877 0.0129803 0.680371 -0.211863 -0.0152877 -0.211863 1.80599 
-51 -29 0 -206.039 -116.867 -1.62064 0.77615 -0.080308 -0.00907802 -0.080308 1.81481 -0.468687 -0.00907802 -0.468687 0.514562 
-60 -29 -1 -241.996 -117.983 -6.22563 0.764597 -0.00972317 -0.133745 -0.00972317 0.836719 6.22446 -0.133745 6.22446 381.271 
-43 -26 -1 -174.135 -105.968 -5.73084 1.38276 -1.02818 0.847683 -1.02818 1.83435 -1.07258 0.847683 -1.07258 2.1732 
-57 -34 0 -229.775 -137.857 -1.39606 1.08491 -0.326293 -0.234246 -0.326293 0.652466 0.161196 -0.234246 0.161196 0.319048 
-45 -29 -1 -182.012 -117.655 -5.53791 0.772342 -0.155512 0.137786 -0.155512 0.902125 -0.164731 0.137786 -0.164731 1.9421 
-37 -12 -1 -150.757 -51.0657 -6.09444 5.15359 0.286592 -1.45374 0.286592 2.9176 0.129746 -1.45374 0.129746 2.74818 
-61 -29 -1 -246.452 -118.061 -5.65282 1.26229 -0.0347749 0.752183 -0.0347749 0.775497 0.152597 0.752183 0.152597 2.5698 
-59 -17 0 -238.533 -71.7114 -0.867086 1.08626 0.366802 0.0606793 0.366802 64.5885 3.67804 0.0606793 3.67804 0.542477 
-61 -32 -1 -245.927 -129.921 -5.73069 0.773384 0.127931 0.367845 0.127931 1.59391 4.67661 0.367845 4.67661 29.4713 
-41 -29 -1 -165.852 -118.328 -5.66011 0.84576 -0.205703 -0.35301 -0.205703 1.00947 0.475691 -0.35301 0.475691 1.42116 
-44 -29 -1 -177.907 -117.855 -6.27074 0.823419 0.0729397 0.165513 0.0729397 0.811419 -0.338493 0.165513 -0.338493 11.4033 
-44 -30 -1 -177.917 -121.889 -6.24334 0.785837 -0.116404 -0.945092 -0.116404 1.04772 4.07881 -0.945092 4.07881 46.2197 
-61 -27 -1 -245.559 -110.379 -5.20602 9.02468 0.672561 2.76275 0.672561 0.83114 -0.0114278 2.76275 -0.0114278 3.02479 
-38 -22 -1 -154.209 -89.7884 -6.90736 1.22591 -0.309233 10.4537 -0.309233 0.961328 -6.75614 10.4537 -6.75614 211.799 
-41 -13 0 -167.768 -52.8183 -2.18138 320.915 50.2976 0.750475 50.2976 8.68993 -0.14403 0.750475 -0.14403 0.604997 
-43 -33 -1 -174.306 -133.414 -5.69454 1.22357 -0.0849812 1.06708 -0.0849812 1.48733 -0.28096 1.06708 -0.28096 2.24428 
-57 -29 -1 -229.979 -118.051 -5.45055 0.725543 -0.0126112 -0.0876611 -0.0126112 0.619489 -0.00541332 -0.0876611 -0.00541332 1.74292 
-62 -33 0 -248.769 -135.68 -2.1297 2.81812 -1.05915 1.26038 -1.05915 23.5587 1.95547 1.26038 1.95547 3.16768 
-39 -32 0 -158.986 -131.563 -3.18191 3.51227 -3.02745 0.739381 -3.02745 16.7465 2.26364 0.739381 2.26364 2.52846 
-44 -34 -1 -178.842 -137.319 -5.82717 102.222 -61.8268 117.08 -61.8268 37.8379 -71.2174 117.08 -71.2174 135.403 
-47 -35 -1 -189.977 -142.106 -5.30234 0.662249 -0.0288598 -0.0102122 -0.0288598 1.11452 -0.271878 -0.0102122 -0.271878 2.32696 
-42 -18 -1 -169.347 -74.693 -6.03091 1.172 0.276519 0.0504095 0.276519 1.25857 1.01612 0.0504095 1.01612 2.11583 
-46 -35 -1 -186.176 -142.241 -5.11805 0.895778 0.136233 -0.321383 0.136233 1.05219 -0.421549 -0.321383 -0.421549 2.28604 
-43 -19 -1 -173.827 -77.0576 -6.68715 1.17732 -1.435 -3.57128 -1.435 3.33596 2.88552 -3.57128 2.88552 452.876 
-44 -34 0 -179.678 -136.183 -3.36192 28.3172 -14.2215 -1.55136 -14.2215 30.8093 1.6661 -1.55136 1.6661 8.71837 
-49 -29 -1 -198.458 -118.465 -5.28134 1.0748 0.283277 -0.412356 0.283277 0.845235 -0.239527 -0.412356 -0.239527 2.27503 
-61 -26 -1 -245.431 -106.19 -5.54237 7.83482 -0.0570953 1.88146 -0.0570953 0.899938 -0.389229 1.88146 -0.389229 2.59695 
-57 -32 -1 -229.978 -129.995 -5.73153 0.764286 -0.0233188 -0.0185751 -0.0233188 0.880801 0.796791 -0.0185751 0.796791 9.02098 
-58 -25 -1 -235.42 -103.079 -4.51537 58.2039 14.0555 0.384818 14.0555 7.25473 -0.907401 0.384818 -0.907401 2.01626 
-48 -36 -1 -194.139 -144.942 -5.18225 1.01948 0.411006 0.320915 0.411006 1.51623 0.312713 0.320915 0.312713 2.54636 
-49 -36 -1 -197.762 -144.837 -5.06935 0.695477 0.201298 0.153362 0.201298 1.95677 0.313594 0.153362 0.313594 2.6419 
-43 -23 -1 -172.144 -93.9498 -5.22338 752.972 -23.5316 5.69075 -23.5316 1.50221 -0.0661131 5.69075 -0.0661131 1.8128 
-42 -15 -1 -169.833 -62.0659 -6.22233 0.830734 0.0495563 0.0141866 0.0495563 2.26305 -0.268775 0.0141866 -0.268775 1.37823 
-42 -23 -1 -169.969 -92.5184 -5.62441 0.801709 0.259489 -0.0343471 0.259489 1.97552 -0.485676 -0.0343471 -0.485676 1.30319 
-59 -12 -1 -238.95 -50.3233 -6.88261 0.450311 -0.597859 -2.0474 -0.597859 33.8451 87.0151 -2.0474 87.0151 419.635 
-39 -20 -1 -158.781 -81.9714 -5.82787 1.14682 -0.126896 0.83803 -0.126896 0.736573 -0.177029 0.83803 -0.177029 1.85839 
-57 -12 -1 -229.776 -50.9075 -6.79402 21.0395 -12.4527 139.814 -12.4527 12.7508 -125.014 139.814 -125.014 3591.55 
-42 -37 -1 -170.178 -149.071 -5.97128 0.831723 0.706503 0.149158 0.706503 7.13524 1.56488 0.149158 1.56488 0.856579 
-46 -33 0 -184.123 -132.206 -3.20236 2294.23 202.648 -72.5197 202.648 344.596 32.0921 -72.5197 32.0921 12.3834 
-42 -22 -1 -168.399 -90.1921 -4.50055 228.783 -5.04407 8.49479 -5.04407 0.961608 -0.955279 8.49479 -0.955279 14.4343 
-57 -13 -1 -230.493 -53.8598 -6.14435 1.91191 0.38641 -0.546534 0.38641 1.06274 0.499576 -0.546534 0.499576 1.94385 
-54 -37 2 -216.549 -149.118 9.32463 3.0987 -0.307676 -0.446677 -0.307676 5.03864 0.639128 -0.446677 0.639128 0.717899 
-61 -13 -1 -246.39 -53.929 -6.8031 1.77056 1.00426 1.03834 1.00426 1.14074 -4.95032 1.03834 -4.95032 340.378 
-41 -16 -1 -165.889 -65.9779 -6.9468 0.743219 0.0361838 -0.785958 0.0361838 0.730873 0.749278 -0.785958 0.749278 48.3432 
-60 -13 -1 -241.977 -53.4237 -6.87907 0.716033 0.0569926 0.720595 0.0569926 0.659008 4.77306 0.720595 4.77306 349.178 
-40 -13 -1 -161.849 -53.9642 -6.67266 1.05746 1.07513 -8.80252 1.07513 4.99187 -37.1688 -8.80252 -37.1688 318.278 
-58 -33 0 -234.642 -133.506 -0.628994 1.60135 0.243836 -0.228639 0.243836 2.39612 -0.140838 -0.228639 -0.140838 0.670443 
-58 -12 -1 -233.373 -51.6161 -5.47927 9.33123 3.28665 -7.12121 3.28665 4.16839 -1.85715 -7.12121 -1.85715 6.15156 
-45 -32 -1 -182.418 -130.209 -5.28756 0.984438 -0.0762991 0.628654 -0.0762991 0.936602 0.40887 0.628654 0.40887 2.70257 
-52 -34 0 -209.987 -138.078 -1.77778 0.530585 0.0251541 0.00206008 0.0251541 0.577567 0.0123139 0.00206008 0.0123139 0.440806 
-53 -13 -1 -213.604 -54.2672 -5.44503 109.093 -3.78455 0.41118 -3.78455 0.970607 -0.169758 0.41118 -0.169758 1.54785 
-61 -34 0 -245.765 -137.656 -1.15475 0.588504 0.0423222 0.0618142 0.0423222 0.967485 0.313613 0.0618142 0.313613 0.408357 
-53 -12 0 -213.516 -51.0375 -0.476836 195.853 -4.55694 -3.40578 -4.55694 2.80765 -0.0105149 -3.40578 -0.0105149 0.265651 
-62 -34 0 -249.083 -137.717 -0.759082 3.54901 -0.0165134 -0.0769328 -0.0165134 1.48315 0.396952 -0.0769328 0.396952 0.355018 
-38 -14 -1 -154.367 -57.9866 -6.66194 0.852122 0.00970556 -1.98259 0.00970556 0.740075 -0.232464 -1.98259 -0.232464 18.3835 
-53 -14 0 -213.731 -57.4923 -0.746828 83.0021 -2.4752 -0.0975288 -2.4752 0.887249 -0.0374111 -0.0975288 -0.0374111 0.182958 
-39 -34 -2 -157.614 -138.793 -8.19878 1.61552 0.212042 11.8535 0.212042 1.48265 6.03293 11.8535 6.03293 187.425 
-60 -14 -1 -243.136 -56.9734 -6.84258 22.4355 -2.69 -121.464 -2.69 10.5972 -31.1569 -121.464 -31.1569 1051.68 
-58 -34 0 -233.12 -138.176 -2.02802 2.2925 -0.438147 -0.136694 -0.438147 1.33895 0.00439501 -0.136694 0.00439501 0.594718 
-49 -34 -1 -197.937 -138.723 -4.79719 0.987514 0.281345 0.749153 0.281345 0.967165 1.86145 0.749153 1.86145 8.345 
-39 -14 -1 -158.01 -57.6564 -5.75056 0.827212 0.0373283 -0.115449 0.0373283 0.850717 -0.0819677 -0.115449 -0.0819677 1.11706 
-37 -37 0 -151.177 -149.208 -0.912326 4.03398 0.171068 0.0592753 0.171068 2.50617 -0.137971 0.0592753 -0.137971 0.321585 
-42 -29 -1 -169.849 -118.135 -6.37953 0.744319 -0.0883675 -0.468239 -0.0883675 0.999603 1.88029 -0.468239 1.88029 19.2709 
-61 -15 -1 -246.139 -60.9703 -6.82843 21.2718 30.0207 28.256 30.0207 46.5777 39.1973 28.256 39.1973 128.058 
-46 -28 -1 -185.55 -114.778 -5.43759 1.66706 -1.07819 0.664391 -1.07819 2.26935 -0.744418 0.664391 -0.744418 2.03104 
-55 -34 2 -220.744 -137.946 8.60166 2.3025 -0.0982016 2.66604 -0.0982016 1.48086 -0.157764 2.66604 -0.157764 8.99085 
-39 -15 -1 -158.148 -61.7539 -6.19515 0.885007 -0.0873457 0.121439 -0.0873457 0.918232 -0.291084 0.121439 -0.291084 3.14505 
-60 -37 -1 -241.073 -148.709 -4.34049 1.164 -0.323524 -6.95138 -0.323524 2.63732 5.13885 -6.95138 5.13885 84.0011 
-42 -14 -1 -169.551 -57.3553 -5.72097 1.19549 -0.147132 0.0784313 -0.147132 0.551829 -0.0840308 0.0784313 -0.0840308 0.839779 
-57 -36 0 -230.621 -145.022 0.222725 1.39331 0.606614 -0.0647852 0.606614 2.2464 0.224453 -0.0647852 0.224453 0.210142 
-42 -19 -1 -169.088 -78.1359 -5.93641 1.61129 -0.61152 -0.35307 -0.61152 1.63909 0.845434 -0.35307 0.845434 2.28567 
-39 -16 -1 -158.305 -65.9689 -6.62009 0.760801 0.0664311 0.625515 0.0664311 0.806194 -0.617321 0.625515 -0.617321 6.65261 
-44 -19 -1 -179.278 -78.8407 -5.50468 3.30772 0.65745 0.512327 0.65745 1.17662 0.402796 0.512327 0.402796 1.59828 
-39 -17 -1 -158.052 -69.992 -6.75172 0.940068 0.0347723 -9.48799 0.0347723 0.753316 0.0518968 -9.48799 0.0518968 389.061 
-41 -14 0 -165.846 -57.3241 -3.49191 0.802353 0.0152704 -0.593081 0.0152704 0.679721 0.08678 -0.593081 0.08678 14.2735 
-38 -17 -1 -154.054 -69.9033 -6.65104 0.83563 -0.029595 -8.78624 -0.029595 0.82085 -2.7346 -8.78624 -2.7346 688.932 
-62 -32 -1 -248.989 -129.753 -5.75717 2.87744 0.166083 1.00399 0.166083 3.75266 16.888 1.00399 16.888 96.8385 
-43 -27 -1 -174.44 -110.171 -5.81825 1.14729 -0.0217368 0.415502 -0.0217368 0.906068 0.170033 0.415502 0.170033 2.37358 
-42 -26 -1 -169.781 -105.837 -6.20138 0.86762 -0.0162074 -0.487539 -0.0162074 0.826243 -0.428881 -0.487539 -0.428881 6.5919 
-41 -17 -1 -165.899 -70.0307 -6.89032 0.719291 -9.62842e-05 -0.892575 -9.62842e-05 0.804943 5.39056 -0.892575 5.39056 717.208 
-41 -21 -1 -165.852 -85.0331 -4.3914 1.23632 0.348091 -1.7615 0.348091 4.15476 2.4482 -1.7615 2.4482 14.9557 
-42 -36 2 -169.115 -146.605 9.40148 3.14721 1.33054 0.266704 1.33054 4.24519 1.07439 0.266704 1.07439 1.19129 
-48 -35 0 -193.821 -142.095 -0.370441 0.801029 -0.0246141 -0.0408039 -0.0246141 0.760712 0.0254998 -0.0408039 0.0254998 0.203069 
-59 -25 0 -237.967 -102.24 -1.75862 1.35374 6.63057 0.324926 6.63057 71.344 3.90007 0.324926 3.90007 0.821827 
-44 -36 1 -177.305 -146.772 5.91307 1.91179 -0.670393 1.08785 -0.670393 1.08082 -0.276147 1.08785 -0.276147 1.52837 
-40 -21 0 -161.619 -86.0084 -1.54129 0.9435 -0.13956 -0.139469 -0.13956 1.14401 0.274215 -0.139469 0.274215 0.446656 
-42 -35 0 -170.395 -142.673 0.0144799 0.826068 0.141816 -0.000902523 0.141816 1.32091 -0.215118 -0.000902523 -0.215118 0.212808 
-61 -34 -1 -245.709 -137.094 -4.4703 0.884895 0.705854 -0.532649 0.705854 2.18535 0.129969 -0.532649 0.129969 16.3859 
-43 -18 -1 -173.605 -74.0105 -6.76794 0.689726 -0.13193 -3.24584 -0.13193 0.879028 3.42579 -3.24584 3.42579 618.819 
-41 -18 -1 -165.982 -74.7715 -6.05478 0.815579 -0.0394046 0.0626263 -0.0394046 1.32714 0.872183 0.0626263 0.872183 1.79313 
-49 -29 0 -198.037 -116.987 -1.40203 0.781885 0.0980939 -0.050723 0.0980939 3.20646 -0.596131 -0.050723 -0.596131 0.53266 
-59 -18 -1 -238.223 -72.7032 -5.30719 1.82004 2.49527 -1.90933 2.49527 11.8296 -6.44629 -1.90933 -6.44629 4.41774 
-43 -21 0 -172.441 -86.4439 -0.839334 1.58289 -0.26993 0.933893 -0.26993 0.936384 -0.219769 0.933893 -0.219769 3.65944 
-37 -18 -1 -151.044 -74.0917 -6.64994 3.51918 -0.0989403 -4.79472 -0.0989403 0.772214 0.535687 -4.79472 0.535687 42.4222 
-52 -33 -1 -209.934 -134.181 -5.28149 0.742871 -0.034006 -0.470035 -0.034006 1.10887 2.85894 -0.470035 2.85894 18.3784 
-40 -18 -1 -161.721 -74.2241 -6.62282 0.955868 -0.0664141 -0.865888 -0.0664141 0.977877 2.24768 -0.865888 2.24768 14.3272 
-42 -24 0 -169.872 -98.1811 -0.380399 1.0241 0.0970574 0.191362 0.0970574 0.819671 0.118438 0.191362 0.118438 0.279217 
-45 -36 -1 -181.804 -145.959 -5.72314 0.681134 -0.0296062 -0.0107588 -0.0296062 0.963258 -0.0940274 -0.0107588 -0.0940274 1.11388 
-57 -19 -1 -230.147 -77.7619 -5.14623 0.657874 -0.491359 -0.0370082 -0.491359 7.25406 1.91712 -0.0370082 1.91712 1.25554 
-60 -34 0 -242.087 -137.879 -0.149304 0.784781 0.00811561 -0.196929 0.00811561 1.19994 0.199083 -0.196929 0.199083 0.294779 
-41 -25 1 -166.622 -101.828 4.6239 1.49212 -0.554846 0.770549 -0.554846 1.12059 -1.16091 0.770549 -1.16091 5.34256 
-45 -35 -1 -182.04 -143.091 -5.26548 0.790291 0.490566 0.58009 0.490566 1.93312 -0.179505 0.58009 -0.179505 2.65796 
-37 -19 -1 -151.089 -78.1047 -6.74186 3.98782 0.389028 -13.3534 0.389028 0.822879 -5.12016 -13.3534 -5.12016 245.776 
-38 -19 -1 -153.868 -77.9665 -6.71579 0.852879 0.0138565 1.82905 0.0138565 0.760965 -0.0922264 1.82905 -0.0922264 31.899 
-38 -37 -1 -154.075 -148.408 -5.11836 19.6104 -46.1674 44.3064 -46.1674 149.273 -116.89 44.3064 -116.89 104.935 
-58 -26 0 -235.381 -105.974 -1.89026 623.055 -17.3478 3.25079 -17.3478 1.32119 -0.241836 3.25079 -0.241836 0.747341 
-54 -19 -1 -219.198 -78.4655 -6.23103 7.25301 26.5723 -105.5 26.5723 226.565 -860.824 -105.5 -860.824 3869.95 
-50 -37 0 -203.193 -148.5 1.00676 19.4618 -4.4844 3.41288 -4.4844 11.1331 -0.339635 3.41288 -0.339635 0.746794 
-57 -30 -1 -230.014 -121.971 -6.19692 0.768415 -0.0214291 -1.62946 -0.0214291 0.917797 8.2034 -1.62946 8.2034 394.034 
-57 -35 -1 -230.039 -142.469 -4.53035 0.753456 -0.142881 0.0941595 -0.142881 2.90671 -0.716967 0.0941595 -0.716967 10.9757 
-43 -15 -1 -173.126 -62.4542 -5.97041 1.06053 -0.313408 -0.0379086 -0.313408 1.88284 0.0918948 -0.0379086 0.0918948 1.26147 
-40 -29 -1 -162.264 -118.027 -5.68663 1.00247 -0.168128 0.557098 -0.168128 0.936947 -0.151748 0.557098 -0.151748 1.14368 
-55 -35 -1 -221.759 -141.731 -4.62787 0.750983 0.384468 0.268103 0.384468 1.34852 0.131265 0.268103 0.131265 9.84575 
-38 -20 -1 -153.903 -82.0225 -6.78013 1.0754 -0.153639 7.20454 -0.153639 0.805333 -1.84734 7.20454 -1.84734 198.181 
-42 -34 -1 -168.93 -136.815 -5.1869 5.10523 0.539503 0.728311 0.539503 0.629339 -0.0785812 0.728311 -0.0785812 1.27914 
-42 -36 1 -169.89 -145.679 5.47118 3.69137 1.15536 -0.188397 1.15536 2.29987 0.361813 -0.188397 0.361813 0.944373 
-60 -32 -1 -241.978 -130.022 -5.7446 0.773581 -0.123101 -0.685176 -0.123101 1.34085 3.897 -0.685176 3.897 26.3605 
-51 -33 -1 -206.084 -134.158 -5.29213 0.780262 0.0604294 0.928525 0.0604294 1.07714 2.79244 0.928525 2.79244 19.3953 
-59 -17 -1 -237.86 -70.9574 -6.23237 0.908516 1.47561 0.834385 1.47561 8.60238 5.53208 0.834385 5.53208 4.89204 
-44 -12 -1 -178.661 -50.975 -5.767 993.743 -37.4844 -5.17661 -37.4844 4.61094 0.378572 -5.17661 0.378572 1.03742 
-58 -32 0 -233.875 -131.477 -1.24787 15.3267 -47.0616 -32.8022 -47.0616 174.748 122.572 -32.8022 122.572 86.4118 
-60 -28 -1 -241.85 -114.078 -5.69705 0.99729 -0.475368 -0.0542472 -0.475368 1.06111 0.231047 -0.0542472 0.231047 2.08767 
-41 -36 -2 -166.452 -146.357 -8.1305 1.2836 0.307815 1.49702 0.307815 0.858867 -3.98396 1.49702 -3.98396 86.4526 
-61 -35 0 -246.029 -141.933 -0.542638 0.758604 -0.127411 0.0668236 -0.127411 1.00648 -0.0177394 0.0668236 -0.0177394 0.174246 
-40 -26 -1 -162.563 -106.076 -6.36445 1.04619 -0.0595192 0.73962 -0.0595192 0.770811 0.392158 0.73962 0.392158 2.51912 
-56 -32 -1 -226.033 -129.975 -5.59922 0.853767 0.00609376 -0.120975 0.00609376 0.875775 0.101365 -0.120975 0.101365 4.94007 
-43 -25 -1 -172.369 -102.273 -5.2394 436.399 -12.3952 19.9577 -12.3952 1.21999 -0.733697 19.9577 -0.733697 2.86474 
-61 -25 -1 -245.144 -102.71 -5.22867 6.50055 -2.99705 -0.33599 -2.99705 4.62559 -1.0245 -0.33599 -1.0245 2.33418 
-37 -31 -1 -150.966 -125.651 -7.58801 4.57355 0.722929 -4.13273 0.722929 1.29077 -8.32887 -4.13273 -8.32887 215.295 
-40 -20 0 -161.867 -80.9945 -1.37448 0.828312 0.247524 -0.0578185 0.247524 1.43628 0.355008 -0.0578185 0.355008 0.750333 
-61 -17 -1 -245.365 -70.7875 -6.11667 0.855186 -0.720134 -0.959799 -0.720134 8.33665 2.36003 -0.959799 2.36003 2.62226 
-37 -36 -2 -150.944 -146 -8.82917 316.598 200.094 181.178 200.094 128.898 98.4503 181.178 98.4503 268.77 
-48 -34 -1 -193.753 -137.779 -4.91393 0.953636 -0.720409 -1.51834 -0.720409 1.28623 2.19347 -1.51834 2.19347 6.35638 
-42 -36 -1 -170.204 -145.275 -5.9579 0.748316 0.195727 -0.063903 0.195727 1.00528 -0.217527 -0.063903 -0.217527 0.689754 
-44 -37 -1 -178.342 -148.859 -5.79404 0.804439 -0.354899 0.0134066 -0.354899 3.29353 0.16978 0.0134066 0.16978 0.657567 
-58 -18 -1 -235.045 -72.5012 -6.12485 8.69393 38.6897 13.4256 38.6897 256.575 74.7389 13.4256 74.7389 24.8611 
-39 -26 -1 -158.266 -105.709 -6.67563 0.848787 0.136981 0.519352 0.136981 0.829087 -0.468294 0.519352 -0.468294 2.58547 
-55 -36 0 -221.546 -145.802 -1.62531 1.83878 -0.253297 0.228282 -0.253297 1.76621 -0.360943 0.228282 -0.360943 0.347544 
-47 -37 -1 -188.859 -148.621 -5.93443 4.56766 2.88467 0.442385 2.88467 5.16203 0.150596 0.442385 0.150596 1.78683 
-41 -37 -1 -166.021 -149.472 -5.02527 0.742496 -1.91576 -0.691024 -1.91576 34.5878 7.78596 -0.691024 7.78596 2.56687 
-44 -14 0 -178.67 -58.0291 -1.51902 3.00094 -0.258908 0.194361 -0.258908 0.778939 -0.0144032 0.194361 -0.0144032 0.275035 
-41 -14 -1 -165.88 -57.5978 -5.80258 0.81488 0.0675924 0.00196325 0.0675924 0.520535 -0.10029 0.00196325 -0.10029 0.95667 
-43 -32 -1 -174.128 -129.99 -6.16226 0.922739 0.06453 1.98565 0.06453 0.701441 -0.092939 1.98565 -0.092939 18.1745 
-56 -36 -1 -226.414 -145.661 -4.85387 1.725 0.821638 1.05997 0.821638 1.30356 -1.01667 1.05997 -1.01667 8.17161 
-60 -19 -1 -243.085 -77.5288 -5.23711 1.69572 17.3051 -0.053497 17.3051 664.749 -19.6037 -0.053497 -19.6037 1.60574 
-38 -26 -1 -153.907 -106.015 -7.16671 0.837297 -0.0130521 1.74192 -0.0130521 0.757878 0.183002 1.74192 0.183002 108.956 
-52 -35 1 -209.334 -141.367 5.63016 1.52398 -0.0237736 0.0507019 -0.0237736 1.31427 -0.219899 0.0507019 -0.219899 0.803869 
-55 -31 -1 -221.97 -125.896 -6.09345 0.776313 -0.00776241 -0.34193 -0.00776241 0.813421 0.986728 -0.34193 0.986728 33.421 
-43 -36 -1 -174.16 -145.447 -5.75508 0.857041 -0.0705971 0.00746173 -0.0705971 1.10604 -0.033996 0.00746173 -0.033996 0.866886 
-54 -37 1 -218.451 -149.068 7.20775 0.988198 -0.522641 -0.597823 -0.522641 3.26589 1.10233 -0.597823 1.10233 2.94116 
-46 -37 -1 -185.972 -148.777 -5.89015 0.935036 -0.39061 -0.287355 -0.39061 3.14226 0.194425 -0.287355 0.194425 1.21875 
-41 -31 -1 -166.222 -125.924 -5.966 0.773146 -0.266617 0.251764 -0.266617 0.851997 -0.117774 0.251764 -0.117774 0.867322 
-37 -34 -2 -151.091 -137.565 -8.36482 9.23097 5.292 -34.7562 5.292 4.66393 -28.4518 -34.7562 -28.4518 230.219 
-58 -33 -1 -234.051 -133.935 -5.16952 0.875945 0.223777 1.38982 0.223777 1.52669 4.12545 1.38982 4.12545 23.2427 
-48 -34 1 -194.837 -139.181 5.39666 0.787766 0.30261 0.272782 0.30261 2.31219 0.0710015 0.272782 0.0710015 1.33053 
-38 -34 -2 -154.347 -138.12 -8.38818 1.56499 -0.414054 7.29404 -0.414054 1.06013 -2.30329 7.29404 -2.30329 100.801 
-57 -14 -1 -231.008 -57.6649 -6.45592 10.3514 1.37347 -2.02244 1.37347 6.65547 -4.74131 -2.02244 -4.74131 4.54698 
-44 -27 -1 -177.678 -110.254 -5.70668 0.880521 -0.0883751 0.349338 -0.0883751 0.749102 -0.237153 0.349338 -0.237153 2.07852 
-54 -36 1 -218.203 -145.107 4.97471 0.881857 0.397732 -0.275319 0.397732 1.13295 -0.0043765 -0.275319 -0.0043765 0.944868 
-37 -35 -2 -150.796 -141.36 -8.6345 9.25453 -3.08303 -14.9356 -3.08303 1.7097 1.05299 -14.9356 1.05299 84.4807 
-43 -14 -1 -174.032 -58.0489 -7.17728 0.536234 0.233972 2.92438 0.233972 1.0656 0.925751 2.92438 0.925751 434.107 
-59 -35 1 -238.979 -141.88 4.84127 3.13805 0.0449466 0.401238 0.0449466 1.02289 -0.0800001 0.401238 -0.0800001 2.46599 
-60 -26 -1 -241.63 -107.553 -5.75725 0.833255 -0.840856 -0.769637 -0.840856 6.08453 1.81303 -0.769637 1.81303 3.45948 
-59 -28 -1 -238.424 -114.025 -5.69153 1.08592 0.391476 -0.0989284 0.391476 0.961515 0.243996 -0.0989284 0.243996 2.16733 
-48 -32 -1 -194.009 -130.272 -5.66767 0.773757 0.0474608 0.0937051 0.0474608 0.857032 1.41525 0.0937051 1.41525 26.277 
-43 -36 1 -173.657 -145.987 5.86494 1.0025 0.31747 -0.0438698 0.31747 1.18711 0.0580516 -0.0438698 0.0580516 0.645469 
-41 -20 -1 -165.905 -81.0884 -5.07077 0.952353 0.0275949 -0.0487371 0.0275949 0.705039 0.164826 -0.0487371 0.164826 2.83922 
-50 -35 0 -202.046 -141.913 -1.16422 0.747581 -0.0755507 -0.0419355 -0.0755507 0.817757 0.0555748 -0.0419355 0.0555748 0.274076 
-39 -33 -1 -159.057 -132.962 -6.08375 1.46845 -0.178057 0.396346 -0.178057 2.17889 -0.378745 0.396346 -0.378745 0.68617 
-40 -35 -2 -161.699 -141.996 -8.13257 1.81937 -1.3079 6.95455 -1.3079 1.7468 -6.56771 6.95455 -6.56771 123.057 
-59 -34 -1 -238.384 -137.296 -4.51943 1.18507 -0.164867 2.00226 -0.164867 1.96671 3.28556 2.00226 3.28556 26.3393 
-42 -35 -1 -169.909 -142.34 -5.96937 0.692812 -0.0927291 0.0802183 -0.0927291 1.22538 0.229532 0.0802183 0.229532 1.19302 
-38 -13 -1 -154.371 -53.8624 -6.54748 0.777616 -0.0973604 1.09991 -0.0973604 1.00651 -1.07322 1.09991 -1.07322 9.11712 
-54 -35 3 -216.908 -141.31 12.9419 124.485 -132.791 55.5724 -132.791 143.745 -60.7783 55.5724 -60.7783 27.1283 
-61 -12 -1 -247.253 -50.9637 -6.74094 6.16523 -0.359694 -66.7646 -0.359694 1.76508 -0.54935 -66.7646 -0.54935 1611.76 
-39 -36 0 -158.394 -145.874 -1.02384 1.42625 -0.01794 0.432309 -0.01794 1.22255 0.12519 0.432309 0.12519 0.347482 
-41 -23 0 -166.029 -94.1852 -0.375136 0.811507 -0.0249491 -0.0191275 -0.0249491 0.635252 0.145252 -0.0191275 0.145252 0.31833 
-58 -34 -1 -233.537 -137.542 -4.5921 1.09918 0.284866 -0.157545 0.284866 1.58327 2.91133 -0.157545 2.91133 19.6883 
-47 -36 -1 -189.842 -145.891 -5.53085 0.982552 0.0686226 0.075277 0.0686226 0.578608 -0.159177 0.075277 -0.159177 2.00733 
-38 -18 -1 -153.958 -74.0785 -6.66486 0.75803 0.0207303 1.26555 0.0207303 0.76672 -0.660952 1.26555 -0.660952 39.5955 
-55 -37 0 -222.467 -149.654 2.4595 6.87275 -1.35281 2.52139 -1.35281 46.4554 -1.4104 2.52139 -1.4104 1.1383 
-55 -32 -1 -221.96 -130.072 -5.74923 0.75789 -0.0188499 0.0564474 -0.0188499 0.919445 1.6201 0.0564474 1.6201 18.2042 
-39 -35 -1 -158.215 -141.759 -5.9705 0.760631 -0.048051 0.0366046 -0.048051 1.07841 0.0899002 0.0366046 0.0899002 0.848886 
-38 -35 -1 -155.182 -141.602 -6.31825 3.83803 0.0502882 -0.0515389 0.0502882 1.43635 0.201938 -0.0515389 0.201938 1.50894 
-38 -32 -1 -153.748 -129.682 -7.84917 1.52113 1.12203 -14.178 1.12203 2.22383 -18.7654 -14.178 -18.7654 274.26 
-52 -37 0 -210.691 -148.86 0.162707 0.950765 1.09353 0.446036 1.09353 5.43004 1.13657 0.446036 1.13657 0.549609 
-41 -28 -1 -165.996 -113.736 -6.69719 0.8323 0.104756 2.11714 0.104756 1.72548 12.3533 2.11714 12.3533 155.872 
-45 -32 0 -182.894 -130.63 -3.25952 2.7345 0.111539 0.477468 0.111539 1.52775 0.633703 0.477468 0.633703 5.21959 
-51 -29 -1 -205.965 -118.438 -5.51838 0.757905 -0.0423489 0.0499611 -0.0423489 0.712306 0.0300645 0.0499611 0.0300645 1.88361 
-41 -33 -1 -166.563 -134.104 -6.37854 1.09545 -0.0784713 0.644588 -0.0784713 1.1389 0.45965 0.644588 0.45965 1.29236 
-44 -15 -1 -179.198 -61.6723 -5.42256 13.1298 1.99915 1.23876 1.99915 1.23403 0.488786 1.23876 0.488786 1.25246 
-54 -35 2 -216.943 -141.517 9.65407 2.63937 -0.658706 -0.61323 -0.658706 4.12659 -0.154523 -0.61323 -0.154523 1.08654 
-39 -13 -1 -157.83 -53.7431 -6.22575 0.674346 -0.0738527 -0.28427 -0.0738527 1.00548 -0.81397 -0.28427 -0.81397 2.61982 
-60 -16 -1 -242.924 -64.822 -6.78074 58.7374 -4.72408 184.731 -4.72408 22.7068 39.4784 184.731 39.4784 842.344 
-54 -32 -1 -218.068 -130.033 -5.73331 0.755928 -0.0369158 -0.623945 -0.0369158 0.900266 2.1315 -0.623945 2.1315 26.3021 
-44 -32 -1 -177.917 -130.067 -5.96979 1.05558 -0.183656 5.44058 -0.183656 0.820122 -2.48492 5.44058 -2.48492 114.44 
-41 -32 -1 -166.092 -129.894 -6.88015 0.921785 -0.101998 1.15865 -0.101998 0.884619 -0.711019 1.15865 -0.711019 5.13547 
-40 -35 -1 -162.081 -141.827 -5.90505 0.688272 -0.119599 0.0682006 -0.119599 1.03127 -0.0428927 0.0682006 -0.0428927 0.749532 
-39 -31 0 -159.33 -126.006 -2.15708 6.362 0.276406 0.788625 0.276406 1.73196 0.114999 0.788625 0.114999 0.675685 
-38 -35 -2 -154.183 -141.808 -8.44573 1.54611 -0.342279 4.99382 -0.342279 1.11422 -1.1341 4.99382 -1.1341 34.3418 
-42 -27 -1 -169.728 -109.845 -6.48139 0.724082 -0.0930167 -0.596811 -0.0930167 0.763017 -0.683564 -0.596811 -0.683564 9.98368 
-57 -28 0 -230.001 -115.895 -1.40648 1.04545 11.4853 -0.3337 11.4853 452.639 -13.097 -0.3337 -13.097 0.832652 
-37 -20 -1 -150.954 -81.8996 -6.82065 3.29904 0.293055 -7.76617 0.293055 0.872946 -4.3956 -7.76617 -4.3956 211.673 
-41 -35 -2 -164.687 -143.09 -8.05031 1.44171 -1.09685 11.0977 -1.09685 2.16968 -12.0631 11.0977 -12.0631 309.256 
-59 -36 0 -238.35 -146.102 -0.431322 1.1949 0.0133725 0.0588064 0.0133725 0.62431 -0.118488 0.0588064 -0.118488 0.250332 
-45 -18 0 -180.047 -75.2412 -3.20702 4244.11 -124.108 75.0537 -124.108 9.07163 -2.47407 75.0537 -2.47407 5.64222 
-40 -37 -1 -162.215 -149.658 -6.27246 33.3584 -63.2979 23.2666 -63.2979 226.68 -27.5614 23.2666 -27.5614 19.3171 
-57 -34 -1 -229.853 -136.9 -4.67492 0.707251 -0.0624835 -0.0223783 -0.0624835 2.61416 0.357102 -0.0223783 0.357102 11.3117 
-40 -28 0 -160.572 -115.841 -0.716636 48.7244 -80.9629 32.2969 -80.9629 381.553 -47.0524 32.2969 -47.0524 120.215 
-37 -22 -1 -150.998 -89.9766 -6.96673 3.44191 0.216791 -7.06251 0.216791 0.890028 -4.2512 -7.06251 -4.2512 117.277 
-42 -20 -1 -170.322 -80.5813 -4.80558 0.70654 -0.258619 0.12043 -0.258619 3.3907 1.2805 0.12043 1.2805 3.29557 
-55 -36 -1 -221.084 -146.303 -4.69989 1.7064 -0.673322 -1.15894 -0.673322 1.863 -0.61755 -1.15894 -0.61755 8.20723 
-44 -35 -1 -177.604 -143.238 -5.58926 0.834078 -0.429964 -0.216684 -0.429964 3.98604 -0.099025 -0.216684 -0.099025 2.64193 
-43 -17 -1 -173.978 -71.4704 -5.72968 1.52906 3.11721 0.613866 3.11721 15.1889 2.45714 0.613866 2.45714 1.68881 
-44 -36 0 -177.958 -146.497 -1.5204 0.605307 0.0069821 0.0570293 0.0069821 1.06472 0.0555917 0.0570293 0.0555917 0.20095 
-53 -12 1 -213.485 -51.1927 4.53774 149.094 -13.8504 13.4519 -13.8504 4.29043 -1.25343 13.4519 -1.25343 11.3117 
-53 -35 -1 -213.988 -141.601 -4.62961 0.707568 0.0275234 0.212905 0.0275234 0.861396 0.074011 0.212905 0.074011 6.72801 
-42 -36 -2 -169.445 -147.092 -8.06498 1.66534 -0.400409 26.2758 -0.400409 6.04513 -13.0324 26.2758 -13.0324 797.612 
-39 -32 -2 -156.331 -130.588 -8.0635 19.4734 -2.81639 75.8101 -2.81639 1.43198 -15.3798 75.8101 -15.3798 591.717 
-56 -29 -1 -226.377 -117.753 -5.56253 0.797126 -0.158885 0.462193 -0.158885 0.702629 -0.369851 0.462193 -0.369851 2.40331 
-57 -15 -1 -230.236 -61.1577 -6.9764 7.02283 26.2321 71.2137 26.2321 144.349 261.836 71.2137 261.836 928.274 
-47 -30 -1 -190.148 -121.801 -5.88665 0.872975 0.0379657 0.486593 0.0379657 0.907951 -1.08982 0.486593 -1.08982 6.23642 
-42 -13 -1 -170.111 -54.6523 -5.97642 0.946034 -0.460791 -0.360572 -0.460791 0.688801 0.359733 -0.360572 0.359733 1.16111 
-61 -19 -1 -245.383 -77.6188 -4.97807 0.775376 0.684472 0.657569 0.684472 1.83502 0.769419 0.657569 0.769419 2.18821 
-42 -33 -1 -169.313 -134.172 -5.94303 1.08949 0.342409 -0.241255 0.342409 1.33645 0.818266 -0.241255 0.818266 1.69303 
-38 -32 -2 -154.493 -130.702 -8.08157 1.79049 1.11328 -14.6866 1.11328 2.33778 -19.8219 -14.6866 -19.8219 505.426 
-37 -14 -1 -150.944 -57.836 -6.40291 3.56655 0.133475 1.20322 0.133475 1.06206 -0.357378 1.20322 -0.357378 4.91555 
-38 -33 -2 -153.922 -133.894 -8.20675 0.701028 -0.126151 1.33911 -0.126151 1.07851 -5.23775 1.33911 -5.23775 103.033 
-37 -33 -2 -151.29 -134.144 -8.08144 5.72569 0.503862 -7.09859 0.503862 1.19126 -17.2781 -7.09859 -17.2781 668.753 
-52 -37 -1 -209.728 -148.91 -4.83509 1.18416 0.242351 1.12568 0.242351 4.22664 -2.99207 1.12568 -2.99207 7.23975 
-60 -25 -1 -242.318 -102.269 -5.32525 0.61245 0.132498 -0.264469 0.132498 6.66619 -1.05011 -0.264469 -1.05011 2.26196 
-40 -14 -1 -161.837 -57.7006 -5.96366 0.711887 -0.0145214 0.05216 -0.0145214 0.699901 -0.16706 0.05216 -0.16706 1.07175 
-58 -25 0 -235.471 -102.9 -1.50614 38.423 9.72666 -0.0147929 9.72666 5.8162 -0.0928125 -0.0147929 -0.0928125 0.622014 
-39 -29 -1 -158.073 -118.058 -6.99013 1.67898 -0.326006 15.5261 -0.326006 0.942019 -6.36979 15.5261 -6.36979 235.41 
-55 -33 -1 -221.995 -134.071 -5.3042 0.723658 0.04307 -0.0389825 0.04307 1.27673 3.33649 -0.0389825 3.33649 20.0946 
-52 -35 -1 -210.027 -141.908 -4.79303 0.781541 0.139536 0.031779 0.139536 1.08627 -0.0940241 0.031779 -0.0940241 5.4825 
-40 -36 -2 -161.723 -145.485 -8.41267 0.786167 -0.385458 1.92494 -0.385458 2.40361 -1.40318 1.92494 -1.40318 34.5424 
-37 -37 -1 -150.992 -148.957 -5.37545 4.65651 0.928736 -1.58026 0.928736 2.33247 -0.227706 -1.58026 -0.227706 2.06172 
-46 -30 -1 -185.953 -121.829 -5.98021 0.719332 -0.110612 -0.381283 -0.110612 0.779838 -0.899481 -0.381283 -0.899481 7.64381 
-43 -18 0 -174.205 -74.0632 -1.42684 3.06577 -0.165092 -2.1147 -0.165092 0.711236 0.0876882 -2.1147 0.0876882 15.8127 
-55 -29 0 -221.988 -116.131 -1.42721 1.22596 14.6794 -0.398857 14.6794 448.332 -12.4376 -0.398857 -12.4376 0.794812 
-46 -36 0 -185.753 -145.797 -1.46155 0.885345 0.247234 0.0684318 0.247234 1.00601 0.316894 0.0684318 0.316894 0.432575 
-39 -24 -1 -158.328 -98.0437 -7.13648 2.32259 0.440599 -18.7534 0.440599 0.903043 -5.38214 -18.7534 -5.38214 231.053 
-45 -37 0 -181.951 -148.928 0.20795 0.880811 0.0993072 0.0064231 0.0993072 3.21216 -0.194793 0.0064231 -0.194793 0.236326 
-59 -37 0 -238.336 -148.629 -2.01068 1.72106 -0.030287 -0.24538 -0.030287 5.74164 -0.313885 -0.24538 -0.313885 0.431504 
-41 -34 -1 -165.578 -139.385 -5.79054 1.0762 0.0564773 0.061247 0.0564773 3.98565 0.473612 0.061247 0.473612 2.25476 
-61 -19 0 -244.798 -77.5516 -2.82154 50.5183 -43.3697 10.4957 -43.3697 69.4574 -3.4828 10.4957 -3.4828 5.07286 
-42 -28 -1 -170.015 -113.986 -6.58698 0.951025 0.0388341 5.73718 0.0388341 0.731052 0.238446 5.73718 0.238446 152.275 
-46 -29 -1 -185.823 -118.123 -5.54894 0.942606 0.34154 -0.0231997 0.34154 0.981088 0.18673 -0.0231997 0.18673 2.13716 
-40 -31 -1 -161.376 -126.062 -5.87931 1.16657 0.0142413 -0.173236 0.0142413 0.901223 -0.102593 -0.173236 -0.102593 0.92143 
-50 -29 -1 -202.154 -117.984 -5.6356 0.706913 -0.0805024 0.139844 -0.0805024 1.02794 -0.794508 0.139844 -0.794508 3.07882 
-56 -34 1 -227.029 -139.567 5.26465 2.01129 2.34213 -1.10615 2.34213 16.1003 2.20555 -1.10615 2.20555 5.01044 
-39 -33 -2 -156.865 -133.638 -8.09558 10.9187 -1.565 86.6432 -1.565 1.66959 -17.6686 86.6432 -17.6686 1183.69 
-45 -27 -1 -181.159 -111.254 -5.16272 4.46618 -5.802 0.998663 -5.802 11.1576 -1.5111 0.998663 -1.5111 2.00814 
-52 -33 0 -208.697 -135.732 -2.66565 1.31717 -2.34278 -0.270681 -2.34278 44.2447 4.27167 -0.270681 4.27167 1.54007 
-40 -27 -1 -162.382 -109.707 -6.72512 0.841748 -0.0147551 0.799659 -0.0147551 0.849669 -0.904316 0.799659 -0.904316 4.98685 
-37 -28 -1 -151.113 -114.034 -7.14817 3.81788 0.0706014 -8.19807 0.0706014 0.70326 -1.05459 -8.19807 -1.05459 274.051 
-43 -35 0 -173.45 -142.951 -1.12419 1.46666 -0.387859 -0.294163 -0.387859 1.40258 0.0332304 -0.294163 0.0332304 0.192114 
-44 -18 -1 -179.221 -73.8342 -5.58062 2.06425 0.0559614 0.953919 0.0559614 1.04952 -0.228934 0.953919 -0.228934 1.82038 
-37 -25 -1 -151.06 -101.93 -7.14713 3.24299 -0.123641 -5.27341 -0.123641 0.766285 1.03596 -5.27341 1.03596 216.326 
-50 -29 0 -201.827 -116.74 -1.74331 0.987474 5.14135 -0.0747581 5.14135 141.335 -2.11423 -0.0747581 -2.11423 0.498569 
-53 -16 -1 -214.039 -65.9862 -5.45278 150.185 -4.23459 0.515365 -4.23459 0.592297 0.0201228 0.515365 0.0201228 1.41518 
-53 -14 -1 -213.765 -57.5679 -5.44769 65.1736 -2.59282 -2.73229 -2.59282 0.939515 -0.0228039 -2.73229 -0.0228039 1.65668 
-53 -34 0 -213.991 -138.274 -1.45011 0.626008 -0.449717 -0.103745 -0.449717 1.19954 0.201387 -0.103745 0.201387 0.352581 
-46 -31 -1 -186.027 -126.091 -6.03107 0.767202 0.0137884 -0.433648 0.0137884 0.921537 2.65519 -0.433648 2.65519 52.2671 
-55 -35 0 -221.866 -141.795 0.869783 0.726579 0.0679044 -0.0219064 0.0679044 0.852754 0.111519 -0.0219064 0.111519 0.166284 
-59 -36 1 -239.308 -144.983 4.80641 3.92055 -1.64465 1.70086 -1.64465 2.82055 -2.34557 1.70086 -2.34557 7.20443 
-61 -25 0 -245.141 -102.673 -1.74676 7.7688 -3.78331 0.182814 -3.78331 4.40493 -0.187847 0.182814 -0.187847 0.600024 
-38 -29 -1 -153.886 -117.886 -7.19945 1.33406 -0.262997 8.6413 -0.262997 0.756496 -2.14972 8.6413 -2.14972 124.564 
-43 -33 0 -175.31 -133.211 -3.45201 5.81023 0.720584 1.72219 0.720584 3.20659 -0.513068 1.72219 -0.513068 8.28964 
-37 -29 -1 -150.985 -117.93 -7.20742 3.54216 0.383281 -7.84201 0.383281 1.03866 -7.18171 -7.84201 -7.18171 234.851 
-55 -19 -1 -221.593 -78.3476 -6.24808 1.34931 7.85296 -0.872574 7.85296 140.833 -8.97143 -0.872574 -8.97143 2.00219 
-38 -28 -1 -153.902 -113.926 -7.19838 0.781741 0.0511343 1.16136 0.0511343 0.779362 -0.541461 1.16136 -0.541461 48.7069 
-47 -32 -1 -190.013 -130.324 -5.6607 0.729235 0.0224566 0.370221 0.0224566 1.29885 6.31288 0.370221 6.31288 81.0501 
-41 -36 0 -166.742 -145.644 -0.649886 1.03869 -0.187525 0.0463909 -0.187525 0.865744 -0.0157252 0.0463909 -0.0157252 0.268067 
-42 -16 -1 -170.063 -65.6928 -6.14476 1.03901 -0.170811 0.624348 -0.170811 0.67315 -0.224817 0.624348 -0.224817 2.72666 
-53 -29 -1 -213.964 -117.926 -5.56865 0.715643 0.0949088 0.0520221 0.0949088 0.619128 -0.345963 0.0520221 -0.345963 2.11631 
-43 -35 -1 -173.75 -142.363 -5.60701 0.863813 -0.275802 0.104789 -0.275802 1.11082 -0.0999003 0.104789 -0.0999003 1.38927 
-48 -33 -1 -194.077 -133.676 -5.37096 0.834854 0.105016 1.87114 0.105016 0.774095 0.446816 1.87114 0.446816 16.4095 
-56 -34 -1 -225.862 -137.754 -4.86882 0.727379 0.26956 0.186074 0.26956 1.13505 1.9502 0.186074 1.9502 16.2069 
-42 -31 -1 -169.576 -126.167 -5.69685 0.813712 0.159653 -0.114231 0.159653 0.922387 0.0941356 -0.114231 0.0941356 1.13299 
-37 -21 -1 -150.897 -85.8678 -6.85011 3.49064 -0.0719951 -4.70761 -0.0719951 0.735014 -0.649509 -4.70761 -0.649509 36.7006 
-46 -36 -1 -185.672 -145.835 -5.65136 0.774702 0.10405 0.134398 0.10405 0.757163 -0.0740056 0.134398 -0.0740056 1.38039 
-61 -35 -1 -245.786 -142.298 -4.36946 1.31428 -0.997041 -0.213145 -0.997041 2.31895 0.0241194 -0.213145 0.0241194 31.9314 
-48 -15 1 -195.714 -62.6931 4.98103 913.812 -30.642 195.722 -30.642 2.05155 -4.93124 195.722 -4.93124 84.6896 
-39 -27 -1 -157.709 -110.011 -7.10048 1.01491 -0.124005 6.77247 -0.124005 0.844228 -3.61925 6.77247 -3.61925 167.122 
-58 -27 -1 -235.518 -110.213 -5.1214 209.732 -9.18297 -3.17985 -9.18297 1.14628 -0.0762977 -3.17985 -0.0762977 1.91603 
-52 -31 -1 -210.05 -125.921 -5.99776 0.785054 -0.0594685 -0.873395 -0.0594685 0.8293 1.5101 -0.873395 1.5101 53.4714 
-38 -25 -1 -153.744 -102.124 -7.11882 1.01766 -0.100654 3.89179 -0.100654 0.759922 -0.656548 3.89179 -0.656548 67.2729 
-46 -28 0 -185.783 -114.48 -1.57126 19.6581 -21.4067 -1.78934 -21.4067 24.6535 2.02334 -1.78934 2.02334 0.63963 
-44 -20 -1 -177.395 -80.4813 -5.20573 2.16616 -0.88151 -0.0350159 -0.88151 5.95685 0.94822 -0.0350159 0.94822 2.50722 
-37 -26 -1 -151.054 -106.061 -7.14808 3.48499 0.0993078 -5.069 0.0993078 0.785337 -1.02359 -5.069 -1.02359 222.412 
-40 -33 -1 -161.201 -133.372 -6.27557 1.10322 -0.149655 -0.382818 -0.149655 1.20204 -0.229911 -0.382818 -0.229911 0.710205 
-40 -17 -1 -161.741 -70.0798 -6.83183 0.888787 -0.0840378 -11.6823 -0.0840378 0.794788 3.6163 -11.6823 3.6163 683.313 
-55 -37 -1 -222.482 -149.168 -4.8905 1.31965 -0.7141 -2.97089 -0.7141 2.88348 1.91365 -2.97089 1.91365 50.1131 
-38 -33 -1 -153.392 -133.115 -7.96502 0.37821 0.268039 2.65091 0.268039 2.72114 -1.80185 2.65091 -1.80185 322.893 
-54 -29 -1 -218.098 -117.845 -5.54618 0.761425 -0.106607 0.0550666 -0.106607 0.628365 -0.306154 0.0550666 -0.306154 2.32082 
-60 -35 -1 -242.144 -142.45 -4.33864 0.998415 0.467697 -0.127512 0.467697 1.57279 -0.227733 -0.127512 -0.227733 26.7368 
-41 -24 -1 -166.133 -97.9094 -5.98775 0.733068 -0.0681872 0.168984 -0.0681872 0.85226 0.0415663 0.168984 0.0415663 1.34355 
-41 -35 -1 -166.08 -141.643 -5.84627 0.788797 -0.107758 -0.00141113 -0.107758 1.18654 -0.0170698 -0.00141113 -0.0170698 0.903259 
-40 -12 -1 -162.076 -51.0705 -5.68153 1.06154 -0.214703 0.17988 -0.214703 2.89473 0.12202 0.17988 0.12202 0.947007 
-41 -36 2 -165.632 -145.568 9.08372 5.55191 -1.48547 0.836978 -1.48547 2.35158 0.947094 0.836978 0.947094 2.30451 
-42 -32 -1 -170.023 -129.749 -6.30734 0.72531 -0.0483025 -0.19257 -0.0483025 0.92862 -0.714141 -0.19257 -0.714141 2.83842 
-61 -36 0 -246.561 -145.478 0.52265 0.867047 -0.151205 0.11627 -0.151205 0.875453 0.05365 0.11627 0.05365 0.173399 
-39 -19 -1 -157.892 -77.656 -5.89716 0.806799 -0.0807551 0.192169 -0.0807551 0.849629 -0.243602 0.192169 -0.243602 2.26155 
-51 -34 0 -206.951 -138.137 -2.11597 1.88793 0.599119 0.326661 0.599119 0.677843 0.04942 0.326661 0.04942 0.462175 
-38 -27 -1 -154.022 -110.029 -7.14996 0.769048 0.00999114 0.874612 0.00999114 0.771382 0.328029 0.874612 0.328029 18.843 
-40 -25 -1 -161.648 -101.984 -5.91063 0.764222 -0.14334 -0.140441 -0.14334 0.820427 -0.0586632 -0.140441 -0.0586632 0.736165 
-43 -37 -1 -174.529 -148.825 -5.89466 0.900709 -0.3899 0.118198 -0.3899 3.55562 0.0413609 0.118198 0.0413609 0.611585 
-59 -32 -1 -238.022 -129.999 -5.75772 0.783786 0.158658 1.03705 0.158658 1.08737 2.35589 1.03705 2.35589 17.7759 
-61 -30 -1 -246.378 -121.568 -5.88576 0.967881 0.0600898 1.00247 0.0600898 0.969258 -1.13228 1.00247 -1.13228 6.95701 
-43 -30 -1 -173.839 -122.326 -5.89322 0.910025 0.0791393 -0.460499 0.0791393 0.8727 0.911218 -0.460499 0.911218 3.74804 
-40 -32 -1 -161.774 -129.707 -6.72518 0.830409 -0.00341998 -0.403082 -0.00341998 0.600222 -0.177671 -0.403082 -0.177671 1.13452 
-41 -36 -1 -166.585 -145.339 -5.75402 1.0146 0.101754 -0.0820139 0.101754 1.15648 0.0105595 -0.0820139 0.0105595 0.62857 
-39 -25 -1 -158.576 -102.06 -6.42574 0.949313 0.0516579 0.484436 0.0516579 0.764275 0.107797 0.484436 0.107797 1.17385 
-44 -33 -1 -177.889 -133.672 -5.48408 0.679532 -0.300664 -0.159706 -0.300664 1.04254 0.194912 -0.159706 0.194912 1.6929 
-44 -33 0 -178.006 -134.202 -3.43025 1.40669 -1.50184 0.351679 -1.50184 2.41644 -0.00219001 0.351679 -0.00219001 7.60285 
-41 -25 -1 -166.223 -101.916 -6.47099 0.732612 0.00654202 0.451654 0.00654202 0.729076 -0.187015 0.451654 -0.187015 2.89216 
-51 -36 1 -204.988 -145.786 5.59457 1.36618 -0.355218 0.31417 -0.355218 0.998982 0.160868 0.31417 0.160868 1.07381 
-37 -24 -1 -151.037 -98.0712 -7.13827 3.17069 0.115873 -2.77184 0.115873 0.804665 -1.51202 -2.77184 -1.51202 97.6816 
-40 -23 -1 -162.175 -93.784 -6.18728 0.769993 -0.152328 0.171727 -0.152328 1.05963 -0.865071 0.171727 -0.865071 1.81057 
-61 -14 -1 -246.447 -57.6504 -6.82938 0.800155 -0.0329156 12.0605 -0.0329156 1.09952 3.29238 12.0605 3.29238 460.585 
-38 -36 -1 -154.29 -146.349 -4.98225 2.32876 0.663682 0.907865 0.663682 0.824095 0.232777 0.907865 0.232777 2.69537 
-39 -23 -1 -158.315 -93.6454 -6.72142 0.789142 -0.0718592 0.684214 -0.0718592 0.818622 -0.732006 0.684214 -0.732006 3.80432 
-38 -37 -2 -153.458 -149.199 -8.7686 21.9271 12.8248 79.648 12.8248 23.0235 6.12761 79.648 6.12761 410.021 
-41 -23 -1 -165.807 -93.6734 -5.98758 0.914705 -0.0184101 0.0620313 -0.0184101 0.680471 -0.450921 0.0620313 -0.450921 1.66889 
-38 -21 -1 -154.112 -85.9999 -6.82115 1.12427 -0.130639 7.12257 -0.130639 0.810705 -3.06381 7.12257 -3.06381 179.818 
-58 -13 -1 -232.733 -53.8349 -5.60751 4.66601 -1.40618 -0.368188 -1.40618 1.45047 0.300382 -0.368188 0.300382 0.690773 
-38 -31 -1 -154.147 -125.9 -7.57863 1.30062 0.583777 -7.46704 0.583777 1.49218 -9.80459 -7.46704 -9.80459 141.678 
-59 -29 -1 -238.002 -118.005 -6.21897 0.754435 -0.0056061 -0.396703 -0.0056061 0.764824 1.86133 -0.396703 1.86133 262.538 
-54 -36 -1 -218.568 -145.507 -4.55183 1.0774 -0.734352 0.486851 -0.734352 1.59696 -0.919836 0.486851 -0.919836 7.41501 
-43 -30 0 -173.299 -123.738 -3.52589 2.95893 4.81058 0.0822324 4.81058 39.466 9.85416 0.0822324 9.85416 13.7318 
-37 -33 -1 -151.216 -133.566 -7.94933 7.16359 1.53725 -12.3729 1.53725 1.25383 -5.95172 -12.3729 -5.95172 868.044 
-49 -17 2 -197.014 -69.9953 8.45588 6.66728 3.8783 3.73793 3.8783 2.76556 0.500087 3.73793 0.500087 32.1544 
-44 -13 -1 -178.749 -54.1069 -5.70441 25.3381 -0.696533 0.684141 -0.696533 0.823225 -0.0461611 0.684141 -0.0461611 1.21262 
-62 -34 -1 -249.159 -136.941 -4.53088 4.13599 -0.913824 1.14294 -0.913824 4.784 6.90672 1.14294 6.90672 25.8681 
-37 -23 -1 -151.016 -94.0397 -7.04889 3.50972 0.302988 -17.1742 0.302988 1.00117 -14.216 -17.1742 -14.216 718.241 
-62 -12 -1 -248.655 -50.8281 -6.74174 35.6566 -20.3436 168.559 -20.3436 16.0691 -140.063 168.559 -140.063 1478.11 
-58 -26 -1 -235.432 -106.302 -5.01099 340.207 -11.5309 -19.1907 -11.5309 1.20564 0.544275 -19.1907 0.544275 2.79378 
-39 -18 -1 -157.968 -73.9852 -6.68558 0.731322 0.00581376 -0.388628 0.00581376 0.834294 1.51795 -0.388628 1.51795 24.1796 
-43 -28 -1 -174.409 -113.895 -6.34109 0.985699 0.0260468 1.04845 0.0260468 0.82231 -0.99106 1.04845 -0.99106 8.30915 
-41 -30 -1 -166.201 -121.601 -5.66603 0.912842 0.329738 -0.125572 0.329738 0.876359 -0.250898 -0.125572 -0.250898 1.11417 
-39 -22 -1 -158.373 -90.1364 -6.36013 0.922119 -0.100357 0.980403 -0.100357 0.81109 -0.265057 0.980403 -0.265057 2.77657 
-58 -28 -1 -234.642 -114.654 -5.1957 1.25232 0.672518 0.0244117 0.672518 0.824284 0.0245581 0.0244117 0.0245581 2.08582 
-50 -32 -1 -202.01 -130.256 -5.60778 0.754633 0.0199797 0.126994 0.0199797 0.842028 0.361811 0.126994 0.361811 19.1458 
-52 -34 -1 -210.055 -137.161 -4.78088 0.67347 0.00492884 -0.256421 0.00492884 1.47303 0.365287 -0.256421 0.365287 5.70638 
-57 -35 0 -229.961 -141.845 -0.655429 0.701685 -0.143198 -0.0351848 -0.143198 0.87698 -0.0293172 -0.0351848 -0.0293172 0.199218 
-43 -29 -1 -174.059 -117.962 -6.42278 0.811141 0.0331751 2.41911 0.0331751 0.838726 2.58252 2.41911 2.58252 133.078 
-41 -27 -1 -165.969 -109.575 -6.37956 0.803634 -0.0723292 0.0813846 -0.0723292 1.00566 -0.961898 0.0813846 -0.961898 3.06039 
-58 -14 -1 -234.204 -57.2277 -6.39204 2.84703 -0.194484 -1.19147 -0.194484 0.731837 -0.216515 -1.19147 -0.216515 1.66582 
-49 -31 -1 -197.999 -125.903 -5.96467 0.748476 0.00981939 0.222876 0.00981939 0.856272 1.51079 0.222876 1.51079 60.4494 
-60 -17 -1 -241.998 -70.5882 -5.33403 0.949104 -0.580264 0.203723 -0.580264 5.52549 0.038803 0.203723 0.038803 1.0476 
-47 -33 0 -190.67 -135.736 -2.86011 2.3761 0.311774 1.09302 0.311774 43.8737 3.49289 1.09302 3.49289 3.05085 
-40 -30 -1 -162.385 -122.313 -5.84411 1.03923 -0.0448569 0.29955 -0.0448569 0.923818 0.296565 0.29955 0.296565 1.00611 
-45 -37 -1 -182.118 -148.995 -5.73038 0.66551 -0.200195 -0.00757268 -0.200195 3.16766 -0.068509 -0.00757268 -0.068509 0.672805 
-47 -34 1 -190.756 -139.601 4.79391 2.2109 2.03723 -0.341809 2.03723 12.4163 -0.586948 -0.341809 -0.586948 1.34854 
-40 -15 -1 -161.631 -61.9107 -6.48707 0.986442 -0.0685574 -0.459024 -0.0685574 0.851627 -0.0339293 -0.459024 -0.0339293 3.6246 
-48 -36 0 -194.074 -145.351 -0.3248 0.74896 0.104332 -0.0276615 0.104332 1.10994 -0.110916 -0.0276615 -0.110916 0.189487 
-44 -14 -1 -178.967 -57.9807 -5.70978 4.04178 -0.625342 0.794185 -0.625342 0.903434 -0.285057 0.794185 -0.285057 1.24649 
-39 -28 -1 -158.077 -114.097 -6.84483 0.835085 -0.0440825 0.647944 -0.0440825 0.924692 1.07972 0.647944 1.07972 6.18608 
-42 -24 -1 -169.203 -97.939 -5.8585 0.887541 -0.254221 0.147652 -0.254221 1.02753 -0.337498 0.147652 -0.337498 2.02654 
-38 -37 0 -154.109 -148.604 -1.13716 1.43965 0.868051 -0.572812 0.868051 5.8144 0.637049 -0.572812 0.637049 0.717103 
-53 -16 0 -214.098 -66.0885 0.628344 111.059 -3.30039 -0.787737 -3.30039 0.58691 0.0423407 -0.787737 0.0423407 0.17133 
-58 -15 -1 -233.718 -61.5263 -6.96362 2.09666 2.13689 -8.61706 2.13689 2.9268 -10.6079 -8.61706 -10.6079 334.299 
-48 -36 1 -194.011 -144.881 4.83719 1.20536 -0.225514 0.305662 -0.225514 2.36783 -0.606011 0.305662 -0.606011 3.43509 
-41 -22 -1 -166.153 -89.0106 -4.73725 0.8925 0.00809353 1.70516 0.00809353 1.6252 -1.24488 1.70516 -1.24488 19.4285 
-56 -30 -1 -225.918 -121.971 -6.15724 0.797026 -0.0973784 -4.81439 -0.0973784 0.777308 3.60057 -4.81439 3.60057 315.414 
-46 -32 -1 -185.832 -130.315 -5.59382 0.771836 -0.0300281 -0.682221 -0.0300281 0.914497 0.801164 -0.682221 0.801164 7.71861 
-41 -19 -1 -165.59 -77.6164 -5.86166 0.952314 -0.105279 -0.280526 -0.105279 1.08777 -0.217655 -0.280526 -0.217655 1.62253 
-53 -37 2 -214.758 -148.915 8.36257 2.23613 2.77621 4.72499 2.77621 31.6461 6.24378 4.72499 6.24378 29.3144 
-50 -33 0 -201.983 -134.241 -1.48301 3.42224 0.62729 -0.483544 0.62729 3.98047 -0.333283 -0.483544 -0.333283 1.7328 
-42 -17 -1 -169.861 -70.0044 -5.87172 0.972078 0.080153 0.568497 0.080153 0.940783 0.115585 0.568497 0.115585 1.98205 
-56 -19 -1 -226.274 -78.1477 -5.90477 1.28693 9.85183 0.0380434 9.85183 194.078 -10.1072 0.0380434 -10.1072 2.21815 
-58 -19 -1 -233.498 -77.881 -4.53703 1.40841 8.82074 -0.130265 8.82074 875.708 -57.0939 -0.130265 -57.0939 5.05656 
-45 -19 -1 -180.091 -76.9431 -5.38601 1557.14 -35.4786 18.1151 -35.4786 4.8465 -0.415411 18.1151 -0.415411 1.76912 
-58 -29 -1 -233.555 -117.964 -6.00692 0.979513 0.0372271 -1.55426 0.0372271 0.776009 -0.169055 -1.55426 -0.169055 8.85537 
-40 -36 -1 -162.027 -145.517 -6.32832 0.877754 -0.297217 0.197315 -0.297217 1.22242 0.104242 0.197315 0.104242 0.850951 
-45 -18 -1 -180.038 -75.3201 -5.39121 1481.83 -26.7533 8.54784 -26.7533 7.24156 -0.193501 8.54784 -0.193501 1.53201 
-44 -17 -1 -179.186 -69.9709 -5.36668 6.93994 -0.383655 1.26449 -0.383655 0.836708 -0.168809 1.26449 -0.168809 1.44411 
-56 -33 0 -225.785 -134.654 -2.7039 0.489026 0.15676 -0.0176046 0.15676 1.33116 0.405747 -0.0176046 0.405747 1.20893 
-38 -35 0 -153.836 -140.535 -2.65457 83.9873 -253.763 9.50504 -253.763 947.006 -47.4439 9.50504 -47.4439 5.65212 
-53 -17 -1 -214.109 -69.1514 -5.56658 179.368 -22.9324 10.1339 -22.9324 6.61279 -3.09671 10.1339 -3.09671 3.33421 
-45 -19 0 -180.136 -77.1773 -2.87206 337.412 2.37917 35.0414 2.37917 1.17109 0.574791 35.0414 0.574791 4.54286 
-56 -36 0 -226.438 -144.481 0.436089 1.1893 -0.927942 -0.0634079 -0.927942 3.84535 0.238545 -0.0634079 0.238545 0.199751 
-37 -16 -1 -150.985 -65.9728 -6.63672 3.52831 0.0526903 -13.4263 0.0526903 0.756393 -2.67073 -13.4263 -2.67073 356.817 
-41 -26 -1 -165.684 -106.484 -5.95446 0.809814 -0.0508466 -0.0660153 -0.0508466 0.915101 0.362905 -0.0660153 0.362905 1.38661 
-51 -31 -1 -205.956 -125.856 -5.95813 0.735436 0.0172262 -0.0390855 0.0172262 0.888757 1.7734 -0.0390855 1.7734 51.0972 
-38 -24 -1 -153.675 -98.0111 -7.09887 1.68297 -0.108111 15.3213 -0.108111 0.748728 -1.73956 15.3213 -1.73956 242.251 
-37 -27 -1 -151.006 -109.983 -7.15684 3.22552 -0.0267765 -2.49349 -0.0267765 0.764654 -0.0872713 -2.49349 -0.0872713 238.957 
-49 -33 -1 -197.734 -133.601 -5.02885 1.05986 -0.178026 -0.892762 -0.178026 1.00643 0.0606306 -0.892762 0.0606306 5.28189 
-39 -31 -1 -158.682 -125.942 -6.15992 1.35199 0.0419029 0.488834 0.0419029 1.06602 -0.0121504 0.488834 -0.0121504 0.994056 
-38 -15 -1 -154.048 -62.1019 -6.6719 1.01521 -0.0804131 -14.4236 -0.0804131 0.800618 5.47573 -14.4236 5.47573 698.452 
-57 -34 1 -229.532 -139.367 5.67097 2.5541 -2.55763 0.764969 -2.55763 8.67396 -1.67563 0.764969 -1.67563 2.29438 
-51 -36 0 -205.719 -145.669 0.545514 0.854316 0.0851774 -0.0843595 0.0851774 0.771403 0.087968 -0.0843595 0.087968 0.24406 
-53 -15 -1 -213.956 -61.9418 -5.57764 12.6357 -0.582841 -1.37078 -0.582841 0.922199 0.172019 -1.37078 0.172019 1.70702 
-45 -31 -1 -181.986 -126.21 -5.96596 0.757705 -0.114082 -0.18883 -0.114082 1.02545 2.03484 -0.18883 2.03484 25.7796 
-48 -35 -1 -194.069 -142.055 -5.08298 0.740776 0.117962 0.0360822 0.117962 0.928407 -0.155597 0.0360822 -0.155597 2.3947 
-55 -34 -1 -221.873 -137.643 -4.77829 0.873056 -0.391469 -0.602768 -0.391469 1.08906 0.84403 -0.602768 0.84403 6.79614 
-37 -13 -1 -150.893 -53.8541 -6.1771 4.66506 0.0845121 -0.24409 0.0845121 0.748536 -0.201402 -0.24409 -0.201402 2.77884 
-62 -36 1 -248.803 -144.965 5.14943 4.12808 0.522607 -0.488106 0.522607 1.55772 0.0454623 -0.488106 0.0454623 1.67987 
-53 -12 -1 -213.613 -51.0315 -5.47024 14.4253 -1.45866 -2.0916 -1.45866 3.2209 0.175075 -2.0916 0.175075 2.00954 
-58 -13 0 -233.178 -54.049 -1.93049 1.94446 -0.158766 -0.752728 -0.158766 1.42297 -0.0268435 -0.752728 -0.0268435 1.20115 
-46 -37 0 -185.537 -148.959 -0.126947 1.52721 0.724348 -0.0310197 0.724348 3.82183 -0.013621 -0.0310197 -0.013621 0.437793 
-39 -35 -2 -157.825 -142.224 -8.31173 0.727764 -0.215821 1.56595 -0.215821 0.753936 -2.11842 1.56595 -2.11842 37.5273 
-42 -12 -1 -168.66 -51.0497 -5.81805 5.22332 0.0216291 -1.30267 0.0216291 3.13003 0.980252 -1.30267 0.980252 1.60402 
-41 -12 -1 -165.822 -51.0735 -5.70051 1.07559 -0.408241 -0.323868 -0.408241 3.50694 0.574744 -0.323868 0.574744 1.05639 
-40 -26 0 -162.073 -104.162 -1.14985 3.24226 -3.74315 -3.7811 -3.74315 84.539 -1.52719 -3.7811 -1.52719 5.80712 
-50 -30 -1 -202.034 -121.973 -6.01691 0.747713 0.0200744 0.520894 0.0200744 0.747553 0.0763861 0.520894 0.0763861 38.4616 
-56 -31 -1 -225.842 -125.995 -6.07694 0.796976 -0.0750652 0.183349 -0.0750652 0.74586 1.25513 0.183349 1.25513 84.3607 
-38 -12 -1 -154.565 -50.8983 -6.2577 0.841101 -0.351717 1.56856 -0.351717 3.94644 -1.14387 1.56856 -1.14387 7.78712 
-39 -12 -1 -158.191 -51.0062 -6.43587 0.843077 -0.0292129 -0.594372 -0.0292129 3.41626 1.51758 -0.594372 1.51758 8.58459 
-49 -35 -1 -198.009 -141.902 -4.99109 0.763546 0.0410608 0.0538104 0.0410608 0.800327 -0.113242 0.0538104 -0.113242 3.25707 
-40 -34 -1 -161.476 -139.406 -6.6888 1.0657 0.253104 1.32829 0.253104 1.54731 1.01519 1.32829 1.01519 3.18703 
-50 -31 -1 -202.022 -125.881 -5.95077 0.74877 -0.00548186 0.0483873 -0.00548186 0.881363 1.75835 0.0483873 1.75835 54.4385 
-45 -36 1 -181.951 -146.938 4.7993 1.74357 -0.477331 -0.233384 -0.477331 1.75493 0.491866 -0.233384 0.491866 2.69521 
-55 -29 -1 -222.096 -118.134 -5.48495 0.808155 0.0155475 -0.0554046 0.0155475 0.655069 -0.108506 -0.0554046 -0.108506 2.11216 
-50 -35 -1 -202.005 -141.987 -4.9245 0.751166 -0.0462904 0.00974603 -0.0462904 0.896952 -0.225561 0.00974603 -0.225561 3.57255 
-44 -36 -1 -178.071 -145.901 -5.70794 0.771044 -0.192187 0.0629091 -0.192187 0.875121 -0.0357898 0.0629091 -0.0357898 0.888638 
-45 -33 -1 -181.491 -134.209 -5.33059 0.907412 0.265812 -0.0425223 0.265812 0.992823 0.375762 -0.0425223 0.375762 2.04999 
-56 -37 -1 -225.991 -148.793 -5.03832 0.998478 1.51283 3.19453 1.51283 5.89101 11.1913 3.19453 11.1913 57.4067 
-60 -19 0 -243.598 -77.1921 -2.63569 48.2702 20.6427 40.1148 20.6427 37.1325 54.6878 40.1148 54.6878 88.041 
-47 -35 0 -190.176 -141.75 0.086529 0.771015 -0.110019 0.0491081 -0.110019 0.885994 -0.0395694 0.0491081 -0.0395694 0.20541 
-49 -32 -1 -197.99 -130.299 -5.60516 0.769573 -0.0104976 -0.202819 -0.0104976 0.866244 0.840835 -0.202819 0.840835 13.1143 
-58 -32 -1 -233.871 -130.011 -5.73765 0.787251 -0.085722 -0.52801 -0.085722 0.926952 1.02132 -0.52801 1.02132 10.2135 
-56 -34 0 -226.133 -138.848 -0.42208 0.821589 0.618671 0.200654 0.618671 1.30268 0.320379 0.200654 0.320379 0.258651 
-37 -32 -1 -151.117 -129.734 -7.81131 5.52394 -2.7731 20.3398 -2.7731 2.89476 -20.8937 20.3398 -20.8937 243.845 
-53 -32 -1 -214.014 -130.206 -5.66583 0.759947 0.0110968 -0.257162 0.0110968 0.864673 1.6593 -0.257162 1.6593 27.2523 
-62 -31 -1 -249.025 -126.21 -6.09435 2.89763 0.0375782 2.25704 0.0375782 0.996034 8.18307 2.25704 8.18307 203.358 
-37 -17 -1 -151.014 -70.029 -6.62539 3.83018 0.114042 -22.3417 0.114042 0.759024 -2.26992 -22.3417 -2.26992 750.586 
-60 -31 -1 -241.964 -126.166 -6.118 0.784096 -0.0403873 -2.05265 -0.0403873 0.851649 5.53198 -2.05265 5.53198 182.267 
-48 -31 -1 -194.023 -125.89 -5.99768 0.757563 0.00355972 0.697553 0.00355972 0.846653 1.42332 0.697553 1.42332 68.59 
-58 -36 0 -233.352 -144.737 -0.9382 1.0393 0.03104 -0.0885838 0.03104 1.92419 0.27305 -0.0885838 0.27305 0.332274 
-60 -27 -1 -241.51 -110.788 -6.15527 0.988114 0.114884 -0.315194 0.114884 1.32012 0.672636 -0.315194 0.672636 6.511 
-39 -30 -1 -157.902 -121.925 -7.18682 1.08281 -0.311413 3.43306 -0.311413 0.90627 -2.59648 3.43306 -2.59648 49.3023 
-59 -31 -1 -238.002 -126.234 -6.11345 0.732059 0.0131584 0.30638 0.0131584 0.796776 4.32197 0.30638 4.32197 146.317 
-58 -31 -1 -233.963 -126.183 -6.11416 0.766752 0.0502646 0.578183 0.0502646 0.838453 4.5006 0.578183 4.5006 126.661 
-57 -31 -1 -230.006 -126.259 -6.09651 0.755195 0.00642844 0.208466 0.00642844 0.94352 5.97887 0.208466 5.97887 133.145 
-54 -31 -1 -217.998 -126 -6.06193 0.75434 -0.00812407 -0.148264 -0.00812407 0.801448 1.5028 -0.148264 1.5028 45.3514 
-60 -33 -1 -241.749 -134.138 -4.83005 0.913077 -0.136979 -0.699188 -0.136979 1.24555 1.61544 -0.699188 1.61544 8.25937 
-53 -31 -1 -213.977 -125.995 -6.02173 0.756865 -0.0211986 -0.292248 -0.0211986 0.806982 1.5382 -0.292248 1.5382 36.8079 
-41 -31 0 -167.333 -126.337 -2.18078 2.53837 -0.671934 0.177504 -0.671934 1.34075 -0.0279545 0.177504 -0.0279545 0.599217 
-62 -29 -1 -248.991 -118.311 -5.43949 3.40408 0.025993 -0.184331 0.025993 0.889505 0.01065 -0.184331 0.01065 1.95973 
-47 -31 -1 -189.964 -125.905 -6.01807 0.76107 0.0749738 0.779588 0.0749738 0.904658 3.00048 0.779588 3.00048 77.2966 
-44 -31 -1 -178.02 -125.893 -5.97324 0.745735 0.0787406 0.944723 0.0787406 1.00907 4.19345 0.944723 4.19345 71.2713 
-43 -31 -1 -173.805 -125.642 -5.50419 1.08403 -0.0745611 -0.618236 -0.0745611 1.02942 -0.446726 -0.618236 -0.446726 2.32014 
-59 -13 -1 -239.266 -53.8253 -6.87969 2.22536 -0.232824 4.23157 -0.232824 0.876313 1.1897 4.23157 1.1897 832.965 
-62 -30 -1 -248.925 -121.339 -5.77674 2.81678 -0.00544917 -0.231258 -0.00544917 1.05057 -1.3429 -0.231258 -1.3429 5.43121 
-40 -19 -1 -161.498 -77.7479 -6.31211 0.933427 0.0294023 -0.562963 0.0294023 0.770317 -0.0111219 -0.562963 -0.0111219 6.34405 
-60 -30 -1 -242 -121.997 -6.1654 0.75364 0.0140924 0.921194 0.0140924 0.878247 9.74358 0.921194 9.74358 749.699 
-39 -25 0 -159.378 -102.116 -1.00151 5.08498 -0.263221 -0.0731705 -0.263221 1.06743 0.063723 -0.0731705 0.063723 0.364358 
-59 -30 -1 -237.999 -122.001 -6.17394 0.756153 0.0409132 1.98604 0.0409132 1.06138 15.1503 1.98604 15.1503 750.444 
-58 -30 -1 -234.002 -122 -6.17861 0.750959 0.014 0.929386 0.014 0.952348 12.2083 0.929386 12.2083 749.249 
-55 -30 -1 -221.964 -121.966 -6.11305 0.813111 0.058089 0.789054 0.058089 0.777652 0.420219 0.789054 0.420219 67.5011 
-54 -33 -1 -218.057 -134.05 -5.35378 0.756871 0.0632706 0.674009 0.0632706 1.22689 3.75595 0.674009 3.75595 26.0207 
-53 -30 -1 -213.955 -121.704 -5.73471 0.709304 -0.0111034 -0.0528628 -0.0111034 0.980944 -0.759843 -0.0528628 -0.759843 3.0629 
-54 -30 -1 -217.833 -121.896 -5.96068 0.849919 0.00277766 -0.96343 0.00277766 0.893766 -0.980481 -0.96343 -0.980481 8.56829 
-47 -29 -1 -189.935 -118.101 -5.54571 0.930124 -0.178824 -0.0227075 -0.178824 1.04583 -0.565837 -0.0227075 -0.565837 2.65349 
-56 -28 0 -226.119 -115.933 -1.28654 0.824476 -2.01825 -0.0743705 -2.01825 59.0572 1.70308 -0.0743705 1.70308 0.481376 
-39 -36 -1 -158.566 -144.885 -5.85025 0.930522 0.0882889 0.0157828 0.0882889 1.37247 -0.0775006 0.0157828 -0.0775006 0.589759 
-52 -30 -1 -210.102 -121.906 -6.0061 0.764181 0.0376526 0.893037 0.0376526 0.76982 -0.515228 0.893037 -0.515228 10.7648 
-39 -21 0 -159.741 -85.9658 -1.83763 624.366 -20.2628 4.06121 -20.2628 1.40535 -0.125959 4.06121 -0.125959 0.651786 
-56 -15 -1 -225.097 -63.5163 -6.95705 4.53247 1.27793 -11.5283 1.27793 171.44 699.872 -11.5283 699.872 3149.9 
-51 -30 -1 -205.97 -121.806 -5.95088 0.778651 0.00848169 -0.412391 0.00848169 0.739032 -1.00713 -0.412391 -1.00713 10.8839 
-49 -30 -1 -197.992 -121.887 -5.98125 0.783549 -0.0161657 -0.126439 -0.0161657 0.723062 -1.01009 -0.126439 -1.01009 23.1767 
-45 -30 -1 -182.023 -121.974 -6.17722 0.822966 0.0274048 2.40156 0.0274048 0.755061 0.25859 2.40156 0.25859 70.4199 
-52 -29 -1 -209.747 -118.161 -5.6184 0.743005 0.0830335 -0.234817 0.0830335 0.744131 -0.236914 -0.234817 -0.236914 2.34765 
-47 -35 1 -190.226 -142.067 4.98028 1.27963 0.0276132 -0.194933 0.0276132 0.85104 -0.177079 -0.194933 -0.177079 2.24392 
-48 -29 -1 -194.405 -118.444 -5.43437 0.787933 -0.157396 0.325173 -0.157396 1.01928 -0.371912 0.325173 -0.371912 2.43892 
-58 -19 0 -233.671 -77.8381 -3.08241 1.81434 10.1566 -0.794954 10.1566 284.489 -10.4518 -0.794954 -10.4518 2.5247 
-51 -33 0 -207.444 -135.75 -2.34672 8.77268 -0.8278 0.585689 -0.8278 56.0828 3.92929 0.585689 3.92929 1.10773 
-41 -13 -1 -165.87 -53.7966 -6.77646 0.670005 0.0235745 0.283502 0.0235745 1.54936 -6.75292 0.283502 -6.75292 51.9628 
-57 -28 -1 -230.378 -115.972 -4.99064 1.12113 10.3377 -0.808279 10.3377 776.289 -14.522 -0.808279 -14.522 2.87731 
-59 -25 -1 -238.858 -102.093 -4.98062 4.23308 25.4539 -0.65119 25.4539 180.067 -3.34656 -0.65119 -3.34656 1.5031 
-47 -36 1 -190.206 -144.569 4.82452 1.21946 0.831147 0.554176 0.831147 5.54642 0.634621 0.554176 0.634621 2.75568 
-54 -16 -1 -216.71 -66.4867 -6.8121 19.6244 -4.90954 -110.718 -4.90954 4.86675 62.8793 -110.718 62.8793 1127.06 
-50 -33 -1 -202.019 -133.997 -5.33723 0.787018 -0.0465729 -0.082531 -0.0465729 1.06675 2.9072 -0.082531 2.9072 27.0505 
-61 -18 -1 -245.714 -74.0781 -5.67864 7.03373 -1.51136 0.16 -1.51136 19.7997 0.371455 0.16 0.371455 2.74569 
-53 -36 -1 -213.239 -144.6 -4.80773 1.32341 0.491971 -0.216709 0.491971 1.56995 -1.13679 -0.216709 -1.13679 6.48785 
-54 -34 1 -218.594 -138.935 6.01755 2.21825 0.51603 0.188506 0.51603 1.78421 0.0227432 0.188506 0.0227432 0.864621 
-54 -34 2 -218.759 -138.208 8.27586 1.00014 0.503026 -4.16879 0.503026 0.70126 -2.50202 -4.16879 -2.50202 66.5325 
-51 -36 -1 -206.216 -144.611 -4.89314 0.744544 -0.0282078 0.0253407 -0.0282078 1.43392 -0.0968727 0.0253407 -0.0968727 3.63349 
-51 -35 -1 -205.886 -142.213 -4.91573 0.620429 -0.0266203 0.0337482 -0.0266203 0.927438 -0.417833 0.0337482 -0.417833 4.19148 
-40 -24 1 -162.306 -99.2069 4.42115 1.57124 1.01842 4.69777 1.01842 7.76235 9.24156 4.69777 9.24156 24.3905 
-47 -34 -1 -190.265 -137.722 -4.80421 1.04259 0.0323276 -0.0122803 0.0323276 1.48782 0.629717 -0.0122803 0.629717 3.76985 
-46 -34 -1 -187.014 -138.565 -4.74888 1.46045 0.170331 0.509387 0.170331 2.6518 4.64901 0.509387 4.64901 10.2286 
-47 -33 -1 -189.953 -133.982 -5.50982 0.807253 0.0240871 0.548549 0.0240871 0.754535 0.608229 0.548549 0.608229 17.3493 
-39 -20 0 -159.594 -81.8061 -1.91517 26.2266 -1.11984 0.902738 -1.11984 0.913991 0.0117149 0.902738 0.0117149 0.679652 
-46 -33 -1 -186.067 -133.771 -5.62329 0.773464 -0.129258 0.12302 -0.129258 0.934146 -1.64561 0.12302 -1.64561 22.4445 
-42 -30 -1 -169.768 -122.072 -6.23569 0.92154 0.0423425 1.60102 0.0423425 0.752029 0.30631 1.60102 0.30631 10.9112 
-56 -33 -1 -226.025 -133.995 -5.20448 0.75181 0.109542 0.443985 0.109542 0.935174 1.1825 0.443985 1.1825 8.22989 
-52 -36 0 -209.882 -146.335 0.135143 0.559182 -0.190083 -0.0249089 -0.190083 0.637807 0.146875 -0.0249089 0.146875 0.248118 
-45 -16 0 -182.952 -64.7879 3.33265 2957.05 303.608 139.514 303.608 131.628 16.2653 139.514 16.2653 13.5994 
-57 -33 -1 -229.851 -134.132 -5.17489 0.793871 -0.0355621 -0.547615 -0.0355621 1.73687 3.90384 -0.547615 3.90384 15.0644 
-40 -16 -1 -161.88 -65.7364 -6.45736 0.82634 -0.0221113 -0.117912 -0.0221113 1.06376 -0.500143 -0.117912 -0.500143 2.11824 
-40 -21 -1 -161.457 -85.6277 -4.57266 0.859329 0.0286299 1.02027 0.0286299 1.80739 -0.857778 1.02027 -0.857778 8.09403 
-59 -33 -1 -238.012 -133.991 -5.10295 0.840164 0.370366 2.01893 0.370366 2.60148 9.0239 2.01893 9.0239 43.9433 
-52 -32 -1 -209.997 -130.28 -5.64233 0.75331 -0.0209275 -0.235366 -0.0209275 0.951661 1.9905 -0.235366 1.9905 31.6444 
-51 -32 -1 -205.967 -130.299 -5.61848 0.736151 -0.00802647 0.10167 -0.00802647 1.07409 3.82173 0.10167 3.82173 68.7721 
-37 -36 -1 -151.311 -147.399 -4.85147 6.15742 4.08731 -0.292493 4.08731 8.09508 -3.02078 -0.292493 -3.02078 8.88158 
-56 -35 -1 -225.867 -142.311 -4.58111 0.806989 -0.297211 0.295995 -0.297211 1.29505 -0.389756 0.295995 -0.389756 10.9521 
-49 -18 1 -196.793 -72.9203 6.47736 1.28678 -1.72769 -0.20948 -1.72769 10.3632 -0.51754 -0.20948 -0.51754 1.53782 
-45 -33 0 -181.705 -133.942 -3.37301 1.89715 1.23177 0.378862 1.23177 1.40909 -0.304545 0.378862 -0.304545 8.07771 
-54 -35 -1 -218.005 -141.751 -4.63362 0.746888 0.0549759 0.11487 0.0549759 1.1935 0.443616 0.11487 0.443616 8.27128 
-58 -14 0 -232.641 -56.5251 -0.724536 3.22808 -1.08853 -0.291246 -1.08853 10.0668 -0.446739 -0.291246 -0.446739 0.336946 
-38 -16 -1 -154.055 -66.0768 -6.66746 0.841027 0.0446294 -8.50446 0.0446294 0.813804 -6.84014 -8.50446 -6.84014 704.276 
-45 -34 -1 -180.818 -136.3 -4.20163 5.36018 -2.87837 6.34264 -2.87837 26.0124 12.4674 6.34264 12.4674 62.0743 
-51 -37 1 -206.76 -149.141 5.04032 9.23479 -24.5183 14.3944 -24.5183 68.3868 -42.0235 14.3944 -42.0235 36.0732 
-40 -25 1 -163.056 -100.731 4.28463 3.03163 -9.23964 3.48412 -9.23964 40.2695 -9.82448 3.48412 -9.82448 17.4733 
-54 -34 -1 -217.966 -137.617 -4.78661 0.728292 0.0934703 -0.121863 0.0934703 1.1436 0.0917502 -0.121863 0.0917502 6.08574 
-62 -28 -1 -248.953 -114.499 -5.44384 3.23754 -0.0256423 0.514959 -0.0256423 3.88589 -1.6092 0.514959 -1.6092 1.92021 
-38 -36 0 -153.96 -146.898 -1.69545 1.32091 -0.371298 0.183998 -0.371298 2.03595 0.666905 0.183998 0.666905 0.663905 
-54 -35 1 -217.612 -141.995 5.70432 0.849804 -0.14745 -0.146602 -0.14745 0.732945 -0.0587041 -0.146602 -0.0587041 0.723062 
-53 -34 -1 -213.881 -137.718 -4.91475 0.74022 -0.221662 -0.451988 -0.221662 0.903581 0.60525 -0.451988 0.60525 7.32591 
-50 -34 -1 -202.058 -138.184 -4.90995 0.793991 0.0947792 0.283953 0.0947792 1.01302 2.58258 0.283953 2.58258 10.711 
-58 -36 -1 -232.987 -144.616 -4.35914 2.96455 0.172224 -0.403349 0.172224 9.10725 2.73735 -0.403349 2.73735 30.2311 
-51 -34 -1 -206.443 -137.299 -4.78227 0.895732 0.421911 0.906579 0.421911 1.07751 1.53144 0.906579 1.53144 7.05106 
-39 -37 0 -157.481 -148.366 0.26627 0.897839 -0.840575 0.0556892 -0.840575 6.94823 0.0982737 0.0556892 0.0982737 0.189829 
-62 -33 -1 -249.007 -134.069 -5.07601 3.09206 -0.139319 -1.30401 -0.139319 3.34292 15.5533 -1.30401 15.5533 92.4046 
-43 -13 -1 -173.685 -54.4582 -6.00444 1.08147 -0.793059 0.0968835 -0.793059 3.78244 0.128851 0.0968835 0.128851 0.983503 
-49 -34 0 -197.689 -138.479 1.19271 0.821333 -0.210624 -0.0836637 -0.210624 0.781567 -0.12282 -0.0836637 -0.12282 0.314752 
-45 -28 0 -183.217 -112.51 -1.34479 19.6157 -26.494 -2.0468 -26.494 43.8021 3.44634 -2.0468 3.44634 0.737858 
-61 -33 -1 -246.088 -134.26 -4.95427 0.818659 0.11898 0.751651 0.11898 2.17479 5.73625 0.751651 5.73625 23.4247 
-42 -33 0 -168.697 -135.212 -2.78204 7.18256 -0.776441 -1.09554 -0.776441 4.25639 0.191498 -1.09554 0.191498 1.63192 
-56 -28 -1 -226.621 -115.936 -4.39124 3.03531 -34.4037 -1.93724 -34.4037 505.357 13.4948 -1.93724 13.4948 6.5354 
-40 -22 -1 -161.456 -91.2007 -4.67292 0.579667 -0.395289 -0.193965 -0.395289 1.43209 1.84901 -0.193965 1.84901 10.5016 
-42 -21 -1 -169.316 -85.505 -4.51095 1.16068 0.460907 -0.154513 0.460907 0.961518 0.456321 -0.154513 0.456321 9.80643 
-48 -30 -1 -193.89 -121.801 -5.92156 0.819464 -0.0163448 -0.532238 -0.0163448 0.80495 -1.0202 -0.532238 -1.0202 9.28984 
-44 -16 -1 -179.152 -66.0179 -4.5534 768.338 -32.9108 -56.5389 -32.9108 2.22186 2.47716 -56.5389 2.47716 11.2138 
-57 -37 -1 -229.615 -148.788 -4.85907 1.69371 -1.15796 -10.4077 -1.15796 3.2161 14.4632 -10.4077 14.4632 149.124 
-58 -35 -1 -233.632 -142.532 -4.38023 1.20886 -0.0390885 1.13636 -0.0390885 1.40433 -0.0654679 1.13636 -0.0654679 19.6274 
-59 -35 -1 -238.627 -142.802 -4.32597 0.942411 -0.0623835 -0.710736 -0.0623835 4.2557 0.133592 -0.710736 0.133592 30.4298 
-53 -35 2 -214.765 -140.931 9.73926 2.58689 -2.07492 -0.111597 -2.07492 4.13966 -0.313847 -0.111597 -0.313847 0.814118 
-50 -36 -1 -201.822 -144.762 -4.93911 0.743478 0.284966 -0.0942529 0.284966 2.4012 0.260141 -0.0942529 0.260141 3.64343 
-60 -34 -1 -242.326 -137.314 -4.48787 0.702457 -0.248616 -0.0398154 -0.248616 2.13622 4.20673 -0.0398154 4.20673 27.5635 
-59 -37 -1 -239.08 -148.761 -4.30998 3.22785 -0.977764 1.80523 -0.977764 3.07135 2.26879 1.80523 2.26879 51.0151 
-59 -36 -1 -239.151 -146.857 -4.3226 2.45883 0.728813 -2.40583 0.728813 0.989062 -2.00775 -2.40583 -2.00775 41.5865 
-42 -37 -2 -170.026 -148.845 -8.09503 8.29137 -0.563758 11.8558 -0.563758 5.24754 8.40122 11.8558 8.40122 219.652 
-61 -36 -1 -246.971 -144.497 -4.28098 1.12346 0.768219 -1.29152 0.768219 3.8158 -3.45663 -1.29152 -3.45663 28.8797 
-42 -25 -1 -169.409 -102.024 -6.02068 0.890903 0.0710371 -0.370092 0.0710371 0.747469 0.0209238 -0.370092 0.0209238 4.23782 
-60 -36 -1 -241.23 -144.938 -4.33836 0.947709 0.519728 -0.533828 0.519728 1.26125 0.537269 -0.533828 0.537269 24.1399 
-62 -35 -1 -249.145 -143.42 -4.31697 3.61467 1.28436 -1.9239 1.28436 7.4268 -6.97732 -1.9239 -6.97732 43.6784 
-46 -37 1 -184.713 -148.913 6.74115 14.3701 10.0463 3.67242 10.0463 16.035 3.89428 3.67242 3.89428 1.62865 
-42 -34 0 -168.916 -136.46 -2.76428 10.5248 0.218102 -1.40381 0.218102 5.07132 2.44866 -1.40381 2.44866 1.86931 
-40 -20 -1 -161.707 -81.124 -5.11458 0.689495 0.0956691 0.180488 0.0956691 1.16892 0.548175 0.180488 0.548175 2.39154 
-60 -37 0 -240.304 -148.79 -3.03684 30.9937 5.83131 0.227626 5.83131 6.43451 -0.759426 0.227626 -0.759426 2.35376 
-44 -37 0 -178.084 -148.949 -0.650423 0.789466 -0.310631 -0.0143716 -0.310631 3.42615 0.239663 -0.0143716 0.239663 0.197102 
-43 -37 0 -174.225 -148.717 -0.450892 0.663304 -0.192671 -0.00526599 -0.192671 4.54518 0.132457 -0.00526599 0.132457 0.18567 
-42 -37 0 -169.908 -149.081 -1.12145 1.01596 -0.709633 0.515928 -0.709633 4.7067 -0.859476 0.515928 -0.859476 0.625585 
-41 -37 0 -166.765 -148.581 0.0323118 1.2749 -0.0309001 0.3616 -0.0309001 3.98537 -0.121017 0.3616 -0.121017 0.287793 
-61 -37 0 -247.654 -148.845 0.8747 20.3405 9.94628 -42.5376 9.94628 17.5758 -37.8553 -42.5376 -37.8553 125.79 
-41 -22 0 -166.48 -90.9049 -1.43981 1.03777 -0.104076 -0.0707951 -0.104076 1.00186 -0.406467 -0.0707951 -0.406467 0.796926 
-45 -36 0 -181.984 -146.485 -0.077607 0.701728 -0.0891085 -0.0427418 -0.0891085 1.29818 0.0577421 -0.0427418 0.0577421 0.204435 
-43 -36 0 -174.035 -145.912 -0.788358 0.856329 -0.15208 -0.0628961 -0.15208 0.94927 0.111334 -0.0628961 0.111334 0.207256 
-50 -36 0 -201.676 -145.765 -0.749455 0.97287 0.0652151 0.0497552 0.0652151 0.917406 0.000318854 0.0497552 0.000318854 0.249815 
-37 -15 -1 -151.06 -62.04 -6.60761 2.94234 0.190164 1.05787 0.190164 0.812015 -1.18179 1.05787 -1.18179 34.0119 
-49 -36 0 -197.829 -144.978 -0.389573 0.716103 0.334396 0.0462324 0.334396 2.15776 -0.0934179 0.0462324 -0.0934179 0.259879 
-54 -29 0 -217.954 -116.29 -1.55569 0.727187 0.21602 0.0121109 0.21602 14.3811 -0.851611 0.0121109 -0.851611 0.470934 
-52 -36 -1 -209.274 -145.161 -4.72802 1.20252 -0.856878 0.175061 -0.856878 1.21179 0.0803718 0.175061 0.0803718 4.60521 
-60 -36 0 -241.536 -145.299 0.373613 0.904803 0.0300382 -0.0284475 0.0300382 0.82116 -0.0508121 -0.0284475 -0.0508121 0.185557 
-47 -36 0 -190.37 -145.124 -0.385599 0.948396 -0.424403 0.121118 -0.424403 1.59623 -0.148546 0.121118 -0.148546 0.19129 
-54 -36 0 -218.44 -145.095 -0.509542 1.20723 0.234865 -0.137325 0.234865 1.31282 -0.142195 -0.137325 -0.142195 0.215451 
-40 -36 0 -161.447 -145.297 -0.48851 1.23653 0.476479 -0.122151 0.476479 1.61906 -0.183224 -0.122151 -0.183224 0.211069 
-53 -36 0 -213.49 -146.282 0.976547 0.852758 0.144652 -0.055225 0.144652 0.678401 0.192546 -0.055225 0.192546 0.280197 
-41 -15 -1 -165.923 -61.6874 -6.06345 0.945347 -0.349267 -0.168493 -0.349267 1.53468 -0.11326 -0.168493 -0.11326 1.25091 
-51 -35 0 -206.309 -141.843 -0.69479 0.840244 0.0414632 0.144591 0.0414632 0.861191 0.0812304 0.144591 0.0812304 0.233123 
-42 -36 0 -170.07 -145.396 -0.0562373 0.676984 0.171267 -0.028175 0.171267 1.24788 0.0621296 -0.028175 0.0621296 0.231909 
-62 -35 0 -249.021 -142.187 -0.0466347 2.89037 -0.0708853 0.0425197 -0.0708853 0.969846 -0.167706 0.0425197 -0.167706 0.262425 
-60 -35 0 -241.818 -142.102 -0.357477 0.808892 0.0328152 0.0142332 0.0328152 0.973922 -0.0384501 0.0142332 -0.0384501 0.186701 
-40 -33 0 -160.494 -132.805 -2.82116 7.2272 1.97238 -1.56903 1.97238 5.88345 -0.754456 -1.56903 -0.754456 1.42033 
-45 -35 0 -183.52 -142.625 -3.27511 2.74735 0.300105 1.06899 0.300105 2.16163 -1.51933 1.06899 -1.51933 6.55105 
-59 -35 0 -238.63 -142.076 -0.552996 1.28621 0.120221 0.0145113 0.120221 0.873513 -0.105313 0.0145113 -0.105313 0.202395 
-62 -19 -1 -248.714 -78.2611 -4.83161 15.3462 -6.00629 -12.2224 -6.00629 3.81671 4.29585 -12.2224 4.29585 14.7173 
-58 -35 0 -233.758 -142.157 -1.35149 0.92267 0.0425855 -0.0254844 0.0425855 0.796481 0.113517 -0.0254844 0.113517 0.335948 
-39 -21 -1 -158.487 -85.9636 -6.13203 0.987532 0.0249777 1.05929 0.0249777 0.736146 -0.0518177 1.05929 -0.0518177 2.64376 
-54 -35 0 -218.012 -141.791 -0.277097 0.748294 -0.248168 0.0461963 -0.248168 1.05901 0.00068603 0.0461963 0.00068603 0.166101 
-53 -35 0 -214.136 -141.674 -0.704307 0.885417 0.123021 0.0314144 0.123021 1.04561 -0.0014628 0.0314144 -0.0014628 0.237977 
-52 -35 0 -209.824 -141.739 -0.66867 0.848821 0.118178 -0.00682166 0.118178 1.07392 -0.00348367 -0.00682166 -0.00348367 0.223355 
-49 -35 0 -198.24 -142.013 -0.713688 0.745128 -0.0272942 0.0627896 -0.0272942 0.785182 -0.052402 0.0627896 -0.052402 0.209577 
-46 -35 0 -186.462 -142.226 -1.17517 1.16472 0.265202 0.241764 0.265202 1.03817 0.0330162 0.241764 0.0330162 0.297153 
-44 -35 0 -176.909 -143.759 -3.34625 36.993 71.7183 -52.4126 71.7183 430.347 -179.069 -52.4126 -179.069 98.607 
-41 -35 0 -165.916 -142.015 -0.470955 0.751756 -0.0546955 0.00292482 -0.0546955 0.698809 -0.068281 0.00292482 -0.068281 0.222002 
-39 -35 0 -158.713 -142.482 -0.730749 1.29953 0.27625 -0.0147388 0.27625 1.38733 -0.0396769 -0.0147388 -0.0396769 0.181534 
-55 -34 0 -221.639 -138.037 -1.42134 1.10949 -0.532382 -0.200072 -0.532382 1.15458 0.263991 -0.200072 0.263991 0.302204 
-62 -36 0 -248.8 -145.497 0.435063 3.88808 -0.628399 -0.0286326 -0.628399 0.966001 -0.0548844 -0.0286326 -0.0548844 0.203411 
-56 -35 0 -226.242 -142.019 -0.187671 0.787033 -0.0298933 -0.0252624 -0.0298933 0.947716 -0.0250426 -0.0252624 -0.0250426 0.186334 
-38 -30 -1 -154.171 -121.79 -6.74892 1.22994 0.022501 0.0950611 0.022501 1.08149 0.0379691 0.0950611 0.0379691 1.16916 
-40 -35 0 -162.144 -142.395 -0.4492 0.873288 -0.124188 -0.0775457 -0.124188 0.838171 0.045494 -0.0775457 0.045494 0.250368 
-54 -34 0 -217.996 -137.88 -2.14814 0.686141 0.277105 -0.0171753 0.277105 1.25513 0.106766 -0.0171753 0.106766 0.591972 
-40 -28 -1 -161.839 -113.962 -6.74012 0.798484 0.158599 1.06516 0.158599 0.92101 1.54406 1.06516 1.54406 25.725 
-50 -34 0 -201.566 -139.33 -0.447379 1.10374 -0.30937 -0.000466598 -0.30937 4.4813 -0.296264 -0.000466598 -0.296264 0.342515 
-39 -34 -1 -158.494 -139.345 -6.81743 1.38905 0.842538 0.203243 0.842538 2.56698 0.48676 0.203243 0.48676 1.71909 
-37 -30 -1 -151.007 -121.897 -7.37208 3.4384 -0.600711 9.67304 -0.600711 2.40728 -27.7856 9.67304 -27.7856 469.207 
-48 -34 0 -194.033 -138.451 -0.00120112 0.890269 0.113392 0.260027 0.113392 0.967952 -0.0605536 0.260027 -0.0605536 0.275018 
-47 -34 0 -190.433 -138.338 -0.956208 1.27639 0.317312 0.158387 0.317312 1.18097 0.325547 0.158387 0.325547 0.316054 
-46 -34 0 -187.02 -139.442 -3.34773 2.98518 1.7893 0.289154 1.7893 10.8546 1.17037 0.289154 1.17037 3.24406 
