-48 15 0 -192.454 61.7214 0.602764 112.171 -4.28278 1.57727 -4.28278 6.65332 0.327068 1.57727 0.327068 0.158095 
-47 15 0 -189.679 61.6211 -3.84044 16.2095 -5.71688 85.8418 -5.71688 2.70076 -31.6411 85.8418 -31.6411 591.649 
-41 14 0 -165.599 56.2103 -3.34029 11.7717 1.26461 -3.63515 1.26461 36.6358 8.78463 -3.63515 8.78463 16.0562 
-40 13 0 -162.948 55.7838 -3.49696 3.34861 -7.80174 3.74807 -7.80174 89.4232 -4.00067 3.74807 -4.00067 15.1847 
-48 13 0 -192.722 53.405 1.83705 56.9 -3.40625 4.43187 -3.40625 1.19231 -0.519942 4.43187 -0.519942 0.649275 
-55 13 0 -221.466 53.1988 -2.42925 0.916735 0.305849 -0.0126611 0.305849 4.08873 0.00272924 -0.0126611 0.00272924 0.170931 
-48 12 0 -192.925 51.2293 1.02993 2.03577 -0.770391 0.112927 -0.770391 2.33782 0.0919008 0.112927 0.0919008 0.119036 
-47 12 0 -190.769 50.5098 -2.40055 1.05903 -0.454673 -1.10237 -0.454673 2.94114 1.156 -1.10237 1.156 2.10146 
-55 12 0 -222.016 50.559 -1.20456 3.16813 -5.44151 1.19123 -5.44151 11.9754 -2.26709 1.19123 -2.26709 0.6986 
-48 16 0 -192.304 66.4035 -2.13381 151.381 -17.9898 -2.37342 -17.9898 8.59765 1.88204 -2.37342 1.88204 0.59685 
-42 13 -1 -171.244 54.1623 -4.75667 14.7361 19.7116 59.9775 19.7116 34.0833 57.8122 59.9775 57.8122 2252.66 
-47 16 -1 -188.24 65.705 -4.438 183.654 -6.90453 78.5885 -6.90453 1.30625 -5.01947 78.5885 -5.01947 60.6049 
-44 12 -1 -177.898 50.4835 -4.83825 1.00484 -0.360923 -7.45373 -0.360923 11.0504 60.4768 -7.45373 60.4768 939.358 
-56 12 -1 -224.804 50.9466 -4.55961 151.867 8.46531 -14.6879 8.46531 3.56467 -5.95247 -14.6879 -5.95247 47.2228 
-45 12 -1 -181.91 51.0314 -4.88025 15.1315 -14.5253 107.208 -14.5253 18.7162 -131.905 107.208 -131.905 2185.38 
-56 13 -1 -224.538 53.1034 -4.38494 32.8597 -11.3361 13.3022 -11.3361 6.98554 -2.69682 13.3022 -2.69682 76.2381 
-45 13 -1 -180.818 54.2512 -4.7927 30.5979 -10.6793 -61.5458 -10.6793 4.36358 17.6271 -61.5458 17.6271 517.01 
-40 12 -1 -162.118 51.1852 -4.82173 0.837041 -0.432954 -8.72032 -0.432954 18.6518 -57.233 -8.72032 -57.233 482.74 
-47 13 0 -191.57 54.2811 -3.68627 13.0923 -1.26569 17.2639 -1.26569 1.69246 -6.0813 17.2639 -6.0813 108.695 
-47 15 -1 -188.627 61.6893 -4.2792 15.5996 -3.67721 13.692 -3.67721 1.57103 -2.91615 13.692 -2.91615 40.9387 
-47 13 -1 -190.19 53.8781 -4.31343 14.1812 -7.51349 64.1075 -7.51349 5.40282 -32.2989 64.1075 -32.2989 334.609 
-46 12 -1 -186.612 50.8295 -4.78682 5.18017 -1.10439 -2.96997 -1.10439 1.74605 -9.8451 -2.96997 -9.8451 1342.64 
-48 14 0 -192.624 57.3583 1.01635 79.457 -4.84811 2.47881 -4.84811 2.52069 -0.250152 2.47881 -0.250152 0.293861 
-55 13 -1 -222.554 53.6009 -4.40543 2.79385 28.9295 -8.55004 28.9295 867.764 55.8316 -8.55004 55.8316 117.941 
-47 14 -1 -189.783 58.7673 -4.27542 5.74987 -2.84406 20.2938 -2.84406 2.32683 -9.99405 20.2938 -9.99405 100.402 
