-67 11 2 -268.835 46.3762 8.15785 18.1243 207.82 -66.1085 207.82 2901.72 -914.859 -66.1085 -914.859 469.412 
-73 -5 2 -294.003 -22.03 8.23653 879.229 -137.735 1.23044 -137.735 22.5714 7.84586 1.23044 7.84586 900.76 
-69 -6 2 -278.54 -24.9404 8.18894 0.905738 -0.870009 2.05829 -0.870009 42.3131 -74.8121 2.05829 -74.8121 152.778 
-76 0 1 -306.584 -0.437904 6.45653 1.71863 26.1038 -0.288313 26.1038 1028.14 -17.9369 -0.288313 -17.9369 2.41835 
-73 0 1 -293.541 -0.797705 5.73626 1.59014 0.74374 -2.61377 0.74374 155.075 7.45802 -2.61377 7.45802 9.0007 
-78 0 1 -314.91 -1.23356 6.28786 0.964727 -0.58202 0.0406408 -0.58202 1.07384 0.0649633 0.0406408 0.0649633 2.13946 
-64 0 1 -259.987 -2.77552 5.67353 1897.13 -36.4369 -3.45835 -36.4369 6.00118 0.934892 -3.45835 0.934892 2.12577 
-65 -2 1 -260.279 -10.0943 5.98918 659.84 -24.521 -3.79491 -24.521 1.57316 0.12377 -3.79491 0.12377 2.07254 
-66 0 1 -266.008 -1.73783 5.84435 1.43717 22.6126 -0.48324 22.6126 760.468 -14.027 -0.48324 -14.027 2.61888 
-67 0 1 -270.091 -1.60361 6.01631 1.49426 23.5466 -0.372144 23.5466 793.464 -13.2826 -0.372144 -13.2826 2.24238 
-76 10 1 -306.51 41.7477 4.13733 3.53306 2.68195 -16.0163 2.68195 4.35519 -25.9771 -16.0163 -25.9771 437.489 
-77 10 1 -309.698 42.0716 5.275 5.00386 3.30083 -1.33886 3.30083 7.02774 -3.15896 -1.33886 -3.15896 3.14515 
-63 8 1 -253.512 33.4133 5.05586 3.97393 -0.440036 1.19534 -0.440036 1.15317 0.929518 1.19534 0.929518 2.42113 
-79 -2 1 -316.035 -10.3987 5.99642 950.206 -11.5506 -4.77374 -11.5506 1.19023 -0.0335186 -4.77374 -0.0335186 1.05888 
-74 -4 1 -297.819 -17.6218 6.11319 0.901685 0.610862 0.215228 0.610862 2.28938 1.13629 0.215228 1.13629 1.5753 
-70 -4 1 -282.863 -17.5276 5.15061 6.65796 32.5302 3.00203 32.5302 336.129 19.1335 3.00203 19.1335 3.90104 
-73 -4 1 -294.06 -18.0005 6.62365 1.09815 -0.413051 -0.245305 -0.413051 1.85586 1.00493 -0.245305 1.00493 1.68529 
-65 -4 1 -260.498 -17.0984 5.7733 832.157 -28.4436 0.553515 -28.4436 3.15575 -0.0884318 0.553515 -0.0884318 1.08692 
-68 -4 1 -274.111 -17.8023 4.81064 1.47858 13.7723 0.983429 13.7723 406.753 -2.03976 0.983429 -2.03976 2.24999 
-73 -6 1 -292.313 -24.1842 4.93827 416.766 -44.7571 53.3701 -44.7571 63.4116 -13.1584 53.3701 -13.1584 10.7216 
-68 -6 1 -274.596 -26.7282 6.55686 2.34721 0.0319823 -0.287307 0.0319823 3.30347 -0.718291 -0.287307 -0.718291 1.00446 
-65 -6 1 -261.231 -27.5984 5.04626 2.76359 -1.68834 1.87277 -1.68834 11.7027 -0.525306 1.87277 -0.525306 2.81956 
-80 -6 1 -322.223 -25.8361 4.81134 733.017 -21.031 -1.54243 -21.031 1.43179 0.143864 -1.54243 0.143864 4.99015 
-75 8 1 -302.129 34.3763 5.35012 1.49588 0.052564 -0.754842 0.052564 0.576716 0.159607 -0.754842 0.159607 1.11917 
-64 -8 1 -258.134 -32.9417 5.32818 0.536462 -0.00749443 0.204218 -0.00749443 1.36284 0.134921 0.204218 0.134921 1.74911 
-65 -8 1 -261.763 -33.2819 5.33019 0.962747 0.191842 -0.195256 0.191842 1.62495 0.0241151 -0.195256 0.0241151 1.32421 
-66 -8 1 -265.166 -34.6494 4.81254 0.853123 -0.707694 0.615538 -0.707694 5.25711 -6.41194 0.615538 -6.41194 8.70723 
-80 -8 1 -322.374 -33.9175 4.78346 267.941 -0.833842 -7.27039 -0.833842 0.782138 -0.0630952 -7.27039 -0.0630952 4.93527 
-80 -10 1 -322.503 -41.3633 5.00973 379.65 -10.0068 5.19426 -10.0068 1.25354 -0.95565 5.19426 -0.95565 5.29173 
-80 -9 0 -322.455 -38.0766 2.9383 528.165 1.80806 -13.6698 1.80806 0.900095 -0.180034 -13.6698 -0.180034 1.33817 
-66 10 0 -266.065 40.1824 3.08978 0.803633 0.393156 -0.0673148 0.393156 18.3001 5.3799 -0.0673148 5.3799 2.42487 
-68 6 0 -273.535 27.9035 0.172772 2.56677 -3.37968 -0.0986497 -3.37968 191.363 -11.1328 -0.0986497 -11.1328 2.83587 
-64 -10 0 -257.565 -40.6331 1.57941 1.88954 -0.154304 0.508993 -0.154304 8.33224 -0.639352 0.508993 -0.639352 0.867236 
-78 11 0 -312.498 46.3933 1.9944 35.1427 12.3534 -0.2221 12.3534 5.59802 -0.151111 -0.2221 -0.151111 0.431328 
-63 -7 0 -254.766 -29.5679 1.22692 2.61898 0.876338 0.715881 0.876338 1.40671 0.713754 0.715881 0.713754 1.1017 
-71 7 0 -284.969 30.3013 1.35632 2.51501 -0.361975 -0.0787403 -0.361975 0.731967 -0.10033 -0.0787403 -0.10033 0.349591 
-69 6 0 -276.22 27.7784 -0.363381 199.307 67.8052 -39.9015 67.8052 49.836 -14.5919 -39.9015 -14.5919 10.3012 
-78 12 0 -313.139 48.4155 1.13646 3.97496 3.90504 -0.622535 3.90504 22.7396 -0.484412 -0.622535 -0.484412 0.409412 
-62 6 0 -250.487 27.6962 -0.983312 6.85215 5.65143 -2.12888 5.65143 40.8584 -7.07042 -2.12888 -7.07042 4.22064 
-79 9 0 -318.286 38.4532 2.01109 1.13672 -0.738191 -0.197062 -0.738191 1.53734 0.273305 -0.197062 0.273305 0.589035 
-69 7 0 -276.941 29.3864 0.289071 1.55762 -0.0996404 -0.197162 -0.0996404 0.926803 0.0505977 -0.197162 0.0505977 0.422671 
-71 0 1 -285.818 -1.09134 5.90852 1.48769 16.7727 -0.717743 16.7727 408.072 -24.251 -0.717743 -24.251 3.73472 
-64 -6 0 -257.966 -26.2941 0.892347 0.765494 0.0107103 -0.147375 0.0107103 1.29709 0.422144 -0.147375 0.422144 0.9063 
-78 10 0 -314.895 42.1838 1.46451 1.13646 0.487389 -0.318724 0.487389 1.47291 -0.278086 -0.318724 -0.278086 0.603813 
-63 10 0 -254.775 41.1613 0.161578 3.34191 9.41756 -0.459895 9.41756 321.504 -5.8462 -0.459895 -5.8462 0.458631 
-76 7 0 -304.497 30.878 0.978742 4.68775 0.990554 -0.511483 0.990554 1.09787 -0.509789 -0.511483 -0.509789 0.615276 
-72 0 0 -290.173 -1.03644 0.465797 1.40361 12.0098 0.0882346 12.0098 222.676 -1.94266 0.0882346 -1.94266 0.310425 
-68 -8 0 -272.317 -34.6508 -1.57735 10.7231 -2.25788 3.10846 -2.25788 8.67042 8.7071 3.10846 8.7071 13.9791 
-63 -8 0 -253.902 -34.1621 1.31458 1.66115 0.385429 0.818399 0.385429 0.928663 0.289291 0.818399 0.289291 1.12595 
-69 -10 0 -277.756 -41.0451 -1.7806 2.08537 -1.59776 -0.0599415 -1.59776 20.3573 -18.524 -0.0599415 -18.524 21.3661 
-62 7 0 -250.919 29.3622 0.608898 2.83564 -0.175586 -0.0175922 -0.175586 1.26545 -0.0779433 -0.0175922 -0.0779433 0.302859 
-68 7 0 -274.052 29.6751 0.758199 0.814242 0.20249 0.0243674 0.20249 0.764609 -0.0870901 0.0243674 -0.0870901 0.385232 
-64 6 0 -257.283 27.4248 -0.582229 2.21718 1.56505 -0.0948759 1.56505 8.71263 -0.131469 -0.0948759 -0.131469 0.628646 
-80 -1 0 -320.28 -4.39384 -2.19216 38.6577 6.91375 3.12152 6.91375 17.4364 9.68758 3.12152 9.68758 13.9314 
-66 -6 0 -266.253 -25.9921 0.0779186 15.0923 15.5767 1.27529 15.5767 16.7321 1.66887 1.27529 1.66887 0.53277 
-71 -8 0 -286.147 -33.6684 -1.42585 29.0757 -4.59958 -8.33574 -4.59958 3.49872 3.10266 -8.33574 3.10266 4.22873 
-69 -8 0 -278.719 -35.1681 -0.319393 0.866082 -0.492953 0.239273 -0.492953 5.33083 -0.0250045 0.239273 -0.0250045 1.35715 
-77 -9 0 -309.245 -37.8336 -2.72962 3.17857 0.372695 1.96426 0.372695 2.56134 4.86537 1.96426 4.86537 14.6461 
-71 -10 0 -286.449 -40.2441 -2.40801 44.9265 157.326 -26.2565 157.326 1010.08 -126.461 -26.2565 -126.461 25.3768 
-75 9 0 -302.85 37.6873 -0.941402 58.9598 59.2362 -22.8663 59.2362 62.9647 -23.2565 -22.8663 -23.2565 9.10895 
-74 9 0 -297.262 38.038 -1.61387 6.5657 -2.60234 1.58326 -2.60234 12.6106 -5.31537 1.58326 -5.31537 2.43322 
-75 6 0 -301.2 26.4165 -1.77897 1.0687 0.704407 0.581929 0.704407 2.35854 1.02882 0.581929 1.02882 1.2324 
-66 3 0 -264.224 12.3277 -2.38201 72.8014 -7.52449 -3.36566 -7.52449 42.698 -0.6601 -3.36566 -0.6601 1.25102 
-67 2 0 -271.014 9.84027 -0.0254918 2.35569 -0.174145 0.604751 -0.174145 1.04616 -0.148038 0.604751 -0.148038 0.538326 
-73 0 0 -293.933 -0.843249 -0.736842 1.1546 9.69859 -0.266514 9.69859 138.815 -2.32646 -0.266514 -2.32646 0.210561 
-71 0 0 -285.99 -1.19289 -0.218978 0.957316 6.02436 0.012439 6.02436 154.581 -1.03291 0.012439 -1.03291 0.166633 
-71 -4 1 -286.419 -17.3297 4.89101 2.29807 7.34366 -3.21637 7.34366 37.7674 -10.1792 -3.21637 -10.1792 7.37666 
-67 0 0 -270.135 -1.68635 1.12258 1.09059 10.8242 -0.0661806 10.8242 327.857 -4.55551 -0.0661806 -4.55551 0.409234 
-66 -5 0 -267.614 -21.7406 -1.10364 41.663 -5.41519 0.0390003 -5.41519 1.59656 0.0155126 0.0390003 0.0155126 0.235535 
-76 12 0 -306.514 48.7321 -2.50925 3.33862 0.502318 0.404054 0.502318 5.44775 -0.317274 0.404054 -0.317274 0.765953 
-77 11 0 -310.786 46.0014 -0.69172 1.14003 0.092863 0.171559 0.092863 0.856786 0.204841 0.171559 0.204841 0.280795 
-66 -4 1 -267.471 -18.063 4.93313 26.8717 72.4412 5.66768 72.4412 296.477 26.9551 5.66768 26.9551 4.3192 
-77 10 0 -309.976 41.3567 1.0291 1.50515 0.639064 -0.0196213 0.639064 1.6048 -0.0507153 -0.0196213 -0.0507153 0.287411 
-79 10 0 -317.144 41.3958 0.0369224 1.72623 -0.332947 0.339525 -0.332947 1.7527 0.0948529 0.339525 0.0948529 0.309835 
-73 10 0 -293.9 40.957 -1.99851 0.72066 -0.0147904 -0.0159429 -0.0147904 3.21833 0.391232 -0.0159429 0.391232 0.361992 
-74 10 0 -298.069 40.9403 -1.22612 0.783493 0.114676 0.0126751 0.114676 8.04478 0.260687 0.0126751 0.260687 0.24666 
-69 10 0 -278.045 40.1606 -0.583156 1.08067 7.6258 -0.0986405 7.6258 170.117 -1.69353 -0.0986405 -1.69353 0.23646 
-68 9 0 -273.364 39.7844 -0.116009 1.21898 0.0754903 -0.043406 0.0754903 2.6075 0.0619039 -0.043406 0.0619039 0.197612 
-69 9 0 -277.148 39.9666 -2.84606 1.10554 -1.10162 -0.292872 -1.10162 419.866 -3.49521 -0.292872 -3.49521 0.582653 
-63 9 0 -253.772 39.2296 -0.223493 0.687505 0.362621 0.0317508 0.362621 8.86742 -0.000442087 0.0317508 -0.000442087 0.179116 
-77 9 0 -308.62 38.1527 -0.855852 3.80412 1.14955 -0.396096 1.14955 1.33538 -0.0718986 -0.396096 -0.0718986 0.265833 
-64 9 0 -258.03 39.1163 -0.485046 0.847852 -0.31959 -0.00128113 -0.31959 1.60833 -0.190687 -0.00128113 -0.190687 0.208641 
-65 9 0 -261.298 38.4414 -0.570379 0.805933 -0.286545 0.178095 -0.286545 0.80468 -0.231565 0.178095 -0.231565 0.237707 
-67 9 0 -270.323 39.5571 0.229451 0.995908 0.263947 0.0778036 0.263947 1.27603 -0.102017 0.0778036 -0.102017 0.225039 
-76 8 0 -306.945 34.6978 -0.840819 2.02118 1.08594 -0.0415883 1.08594 1.61077 0.0420834 -0.0415883 0.0420834 0.21847 
-63 8 0 -254.6 33.4931 0.0548064 1.18735 0.0284729 -0.21043 0.0284729 1.3313 -0.15131 -0.21043 -0.15131 0.300861 
-67 8 0 -269.686 33.7731 0.250889 1.41623 0.160215 0.227386 0.160215 0.659263 0.0209602 0.227386 0.0209602 0.230947 
-74 6 0 -298.83 26.6444 -1.67123 0.922776 -1.24997 -0.362105 -1.24997 4.5528 1.50502 -0.362105 1.50502 0.938459 
-79 5 0 -318.797 23.3841 -3.78517 647.011 40.3314 17.4806 40.3314 18.4666 6.93035 17.4806 6.93035 49.7367 
-83 4 0 -334.311 19.6778 -3.7836 1.11044 -2.90079 1.23293 -2.90079 58.2273 142.167 1.23293 142.167 528.486 
-79 3 0 -316.745 12.7032 -1.76471 2.42863 -0.963495 -0.586767 -0.963495 5.51981 1.14979 -0.586767 1.14979 0.716074 
-70 8 0 -283.025 34.1674 -0.660803 2.26349 0.748837 -0.544314 0.748837 3.00522 -0.120433 -0.544314 -0.120433 0.342034 
-65 3 0 -262.165 12.2043 -2.6948 1.58976 -9.83674 0.688213 -9.83674 129.775 -6.10381 0.688213 -6.10381 1.61265 
-63 7 0 -254.014 29.4492 0.529648 0.808367 0.131028 0.0139175 0.131028 0.809907 -0.0541821 0.0139175 -0.0541821 0.267771 
-81 3 0 -327.021 12.4657 -3.51934 2.85475 1.11461 -2.23953 1.11461 17.6723 -0.862991 -2.23953 -0.862991 10.9824 
-82 3 0 -328.332 12.4598 -3.70435 8.54019 -2.01008 -4.57015 -2.01008 14.3279 8.95581 -4.57015 8.95581 17.3441 
-79 2 0 -317.095 10.6746 -2.69424 0.920703 0.205329 -0.0903389 0.205329 1.63789 -0.140473 -0.0903389 -0.140473 0.836931 
-63 2 0 -252.692 8.53373 -2.76573 193.084 -26.9623 -10.3676 -26.9623 54.3807 0.655464 -10.3676 0.655464 4.67003 
-65 2 0 -262.773 9.77292 -1.88155 2.04439 -0.115093 0.199427 -0.115093 0.931477 0.281342 0.199427 0.281342 0.726591 
-73 8 0 -292.407 34.3503 -2.54491 54.1197 0.2322 -12.9599 0.2322 1.78088 0.840068 -12.9599 0.840068 5.29021 
-68 2 0 -272.881 9.58529 -0.625075 3.65554 -0.514261 -0.230317 -0.514261 1.15986 -0.0467231 -0.230317 -0.0467231 0.374231 
-80 2 0 -321.308 10.289 -3.62 1.6235 -0.0917475 -1.63356 -0.0917475 1.24615 -0.879216 -1.63356 -0.879216 8.28432 
-77 1 0 -311.42 5.91443 -2.48123 5.16231 2.33718 2.13566 2.33718 2.08989 1.35662 2.13566 1.35662 1.83155 
-68 8 0 -274.142 33.7242 0.125436 1.19251 -0.374039 -0.0569283 -0.374039 1.28648 0.0819708 -0.0569283 0.0819708 0.301519 
-65 1 0 -262.457 6.9959 -2.15511 1.42271 0.368151 0.17448 0.368151 2.78544 -0.620765 0.17448 -0.620765 1.02158 
-84 1 0 -337.953 5.09845 -3.46577 2.8155 7.59214 -1.62027 7.59214 32.9317 8.07236 -1.62027 8.07236 24.6973 
-63 1 0 -255.93 5.09405 -3.39666 613.979 -24.4186 -48.8101 -24.4186 3.30079 1.85795 -48.8101 1.85795 10.8385 
-64 1 0 -257.548 5.33239 -3.3639 1.27899 0.477051 0.307221 0.477051 1.99642 0.327004 0.307221 0.327004 5.88176 
-78 1 0 -313.217 6.36902 -1.47788 2.38266 -1.53961 -0.43707 -1.53961 1.92922 0.266615 -0.43707 0.266615 0.367748 
-79 1 0 -317.88 4.54337 -3.03438 0.563521 -0.573289 -0.225273 -0.573289 4.44052 1.98657 -0.225273 1.98657 3.22765 
-80 1 0 -322.303 5.42597 -3.41763 0.993559 0.503104 -0.25824 0.503104 1.06745 0.466647 -0.25824 0.466647 5.31412 
-81 1 0 -325.103 6.39886 -3.49022 2.1745 0.405142 -0.549624 0.405142 1.23954 -0.646325 -0.549624 -0.646325 11.1118 
-83 1 0 -333.523 5.31931 -1.87652 1.38654 -0.0516749 -0.0300897 -0.0516749 1.24318 0.0039383 -0.0300897 0.0039383 0.598756 
-74 0 0 -298.593 -0.746573 -1.04918 0.771204 -1.54848 0.0583297 -1.54848 101.507 1.02058 0.0583297 1.02058 0.12027 
-81 0 0 -327.087 -1.23832 -1.34522 1.9579 -0.783315 -0.0241204 -0.783315 0.895557 0.171525 -0.0241204 0.171525 0.357394 
-65 0 1 -261.436 -2.27609 5.68281 0.99865 1.44156 0.172171 1.44156 4.51774 0.15276 0.172171 0.15276 2.75477 
-64 0 0 -257.68 0.0527866 -2.26859 1.34413 -0.269484 0.232161 -0.269484 0.521568 0.212666 0.232161 0.212666 0.625729 
-65 0 0 -261.34 -2.19831 -0.0867746 0.584983 0.174209 0.0317087 0.174209 0.920656 0.0672589 0.0317087 0.0672589 0.197502 
-79 0 0 -318.101 -0.00491148 -2.24667 0.793113 -0.0121453 -0.0908112 -0.0121453 0.204801 0.0876135 -0.0908112 0.0876135 1.10228 
-76 -1 0 -306.937 -5.99475 -3.62095 1.91136 0.542537 -1.17477 0.542537 8.83093 9.64834 -1.17477 9.64834 41.3304 
-69 8 0 -276.52 33.0537 0.929036 13.7745 -1.33719 1.05571 -1.33719 1.0737 -0.0692351 1.05571 -0.0692351 0.305048 
-78 -1 0 -315.971 -5.86728 -0.217654 166.823 -1.62722 -1.1803 -1.62722 0.839313 0.0422768 -1.1803 0.0422768 0.176647 
-77 -1 0 -308.888 -6.31944 -3.59046 7.58312 -2.19165 -6.80131 -2.19165 3.18126 3.17094 -6.80131 3.17094 34.8397 
-79 -1 0 -316.582 -5.68516 -1.62673 1.35854 0.635727 0.064867 0.635727 0.940355 0.203793 0.064867 0.203793 0.431478 
-81 -1 0 -326.59 -6.53438 -0.887606 1.45115 0.160634 -0.0188564 0.160634 1.58855 0.0044968 -0.0188564 0.0044968 0.248378 
-72 -4 1 -290.201 -17.267 5.52179 0.662014 -0.169502 0.263613 -0.169502 35.6895 -0.559958 0.263613 -0.559958 1.35425 
-82 -1 0 -328.226 -6.40197 -1.77618 23.7615 0.103667 -0.536209 0.103667 1.49489 0.0147254 -0.536209 0.0147254 0.680655 
-81 -2 0 -326.662 -8.20324 -1.2567 1.50691 0.379448 0.0360542 0.379448 40.4926 -0.0665996 0.0360542 -0.0665996 0.450433 
-80 -2 0 -322.988 -9.99188 -2.88731 58.9213 27.3904 1.64114 27.3904 45.1556 1.3466 1.64114 1.3466 3.87045 
-77 -4 2 -308.1 -19.1308 8.42175 1249.81 -169.222 -18.3624 -169.222 25.6845 2.75935 -18.3624 2.75935 12.1471 
-74 -2 0 -296.775 -9.26651 -3.55729 19.5055 1.42046 -25.5201 1.42046 2.77152 -8.6224 -25.5201 -8.6224 77.5143 
-76 -2 0 -306.736 -9.7756 -3.43477 6.16881 0.412461 7.23378 0.412461 2.04916 -4.84151 7.23378 -4.84151 49.0113 
-65 -2 0 -260.259 -10.02 -0.440211 180.721 -6.11834 -0.311993 -6.11834 0.965546 0.00806709 -0.311993 0.00806709 0.18148 
-77 -2 0 -309.099 -9.6402 -3.49677 5.28849 -0.97199 -9.59769 -0.97199 1.33807 1.32735 -9.59769 1.32735 35.5433 
-78 -2 0 -315.884 -9.1605 1.11833 4.80375 1.75632 0.272971 1.75632 2.23822 -0.069115 0.272971 -0.069115 0.218733 
-75 -4 2 -301.93 -18.9749 8.65827 1734.22 -322.96 245.63 -322.96 62.0421 -46.2363 245.63 -46.2363 81.6195 
-79 -2 0 -316.071 -10.1294 -0.188188 180.474 -2.89197 -1.29832 -2.89197 0.833311 0.0440624 -1.29832 0.0440624 0.19077 
-72 -3 0 -290 -14.7819 -3.09844 0.748043 0.0713743 0.114249 0.0713743 4.77383 5.34674 0.114249 5.34674 14.7062 
-71 -6 1 -286.612 -25.3873 5.81383 2.42798 1.63089 -0.00226317 1.63089 4.72686 0.477183 -0.00226317 0.477183 0.46273 
-73 -3 0 -294.32 -14.4178 -3.11187 0.754502 0.509145 0.302684 0.509145 2.2796 2.85115 0.302684 2.85115 11.0277 
-74 -3 0 -297.845 -14.2968 -3.03441 0.85201 -0.354384 -0.0127443 -0.354384 1.67301 2.23784 -0.0127443 2.23784 10.7452 
-73 2 0 -293.972 10.7766 -1.50827 0.685857 -0.245203 0.126272 -0.245203 1.05272 -0.19386 0.126272 -0.19386 0.457547 
-70 -3 0 -282.128 -14.9261 -3.05557 0.730877 0.240813 0.0328904 0.240813 4.68851 1.46072 0.0328904 1.46072 1.95651 
-66 -3 0 -267.474 -14.9246 -3.14439 12.5664 26.0646 5.43287 26.0646 308.882 68.683 5.43287 68.683 15.6285 
-71 -3 0 -285.881 -14.7781 -3.21446 0.788894 0.0546776 0.333223 0.0546776 5.59891 4.46891 0.333223 4.46891 10.4906 
-68 -3 0 -274.129 -15.0788 -3.3043 0.812572 -0.15861 -0.226821 -0.15861 7.18772 3.0645 -0.226821 3.0645 9.13873 
-63 -3 0 -255.378 -14.9725 -3.04717 7.12667 0.0202156 0.813869 0.0202156 2.42904 -0.295555 0.813869 -0.295555 3.22625 
-64 -3 0 -256.922 -14.9675 -3.07748 3.05024 -0.205737 -1.36159 -0.205737 2.30981 -1.35766 -1.36159 -1.35766 5.11239 
-65 -3 0 -260.397 -14.1808 -0.34696 181.927 -4.70645 -0.174323 -4.70645 0.945765 0.0390783 -0.174323 0.0390783 0.184078 
-67 -3 0 -270.235 -15.1019 -3.33047 1.04522 0.847459 1.16884 0.847459 8.67938 5.46481 1.16884 5.46481 14.6617 
-75 -3 0 -301.903 -14.6615 -3.04721 0.968652 -0.362122 -1.19579 -0.362122 2.56167 1.64643 -1.19579 1.64643 9.6055 
-76 -3 0 -306.731 -13.8338 -3.07608 3.83619 0.468845 2.45356 0.468845 0.734002 0.540483 2.45356 0.540483 7.38873 
-77 -3 0 -308.932 -13.9336 -3.12032 6.1161 -0.523431 -3.06197 -0.523431 0.731629 0.645892 -3.06197 0.645892 7.2956 
-79 -3 0 -316.41 -13.561 -1.40572 6.71403 -1.13109 -0.202496 -1.13109 1.44451 -0.304686 -0.202496 -0.304686 0.318897 
-76 -4 0 -305.809 -17.9542 -0.474905 0.865209 -0.00593456 -0.0425766 -0.00593456 0.888498 0.0533397 -0.0425766 0.0533397 0.179245 
-68 8 1 -273.089 34.6063 4.71805 14.4513 3.21785 -14.1003 3.21785 1.71275 -4.16589 -14.1003 -4.16589 17.157 
-72 -4 0 -289.99 -17.1617 -0.840911 0.64299 -0.0350454 -0.0280794 -0.0350454 11.2596 0.682482 -0.0280794 0.682482 0.267019 
-73 -4 0 -294.073 -17.0751 -0.575555 0.890875 0.599408 0.0152661 0.599408 16.4486 1.0885 0.0152661 1.0885 0.28769 
-74 -4 0 -297.78 -16.9585 -0.716787 0.874149 0.319532 0.0574479 0.319532 15.1373 0.972492 0.0574479 0.972492 0.273305 
-68 0 0 -273.735 -1.55675 1.44262 1.11568 10.897 -0.135208 10.897 319.664 -3.98509 -0.135208 -3.98509 0.369817 
-63 -4 0 -255.424 -16.5879 -3.28892 8.14488 -0.860591 0.941671 -0.860591 6.69342 -2.84307 0.941671 -2.84307 4.16966 
-70 -9 0 -281.897 -37.7164 -0.914943 1.03222 0.181555 -0.508995 0.181555 1.2826 -0.563308 -0.508995 -0.563308 2.54004 
-64 -4 0 -257.113 -16.7473 -3.33025 2.07739 -0.214881 -0.342211 -0.214881 5.61843 -1.52747 -0.342211 -1.52747 5.55188 
-69 -4 0 -277.994 -17.5099 -0.793795 0.652668 0.217642 0.0261631 0.217642 8.4783 0.650009 0.0261631 0.650009 0.261091 
-65 -4 0 -261.443 -17.7109 -0.293959 1.24682 -1.12606 -0.0585526 -1.12606 3.03334 -0.0594964 -0.0585526 -0.0594964 0.218415 
-66 -4 0 -266.575 -18.2277 -0.960916 0.870195 -0.183345 0.14118 -0.183345 2.65006 -0.205895 0.14118 -0.205895 0.308735 
-68 -4 0 -274.04 -17.6077 -0.971183 0.739153 0.181627 0.00901553 0.181627 6.54801 0.596484 0.00901553 0.596484 0.266835 
-79 -4 0 -316.916 -18.2146 -1.72734 2.98715 -0.339284 0.280452 -0.339284 0.718356 -0.0446184 0.280452 -0.0446184 0.270669 
-68 -5 0 -272.907 -23.4556 -2.3834 14.2846 8.30191 -2.79213 8.30191 15.1965 -5.80216 -2.79213 -5.80216 5.32315 
-72 -5 0 -290.989 -23.858 -0.0303271 14.0202 72.7583 -2.64501 72.7583 472.506 -15.3983 -2.64501 -15.3983 1.01836 
-74 -5 0 -298.074 -22.8994 -1.17833 0.824356 1.00617 -0.15927 1.00617 12.345 -1.42256 -0.15927 -1.42256 0.412316 
-79 -5 0 -318.224 -22.6519 -1.51472 1.3834 -0.496431 0.322541 -0.496431 1.04737 0.0322183 0.322541 0.0322183 0.299511 
-82 -5 0 -330.198 -23.7375 -2.95936 1.19005 -0.351817 -0.0219499 -0.351817 19.4769 1.98362 -0.0219499 1.98362 2.7118 
-67 1 0 -271.391 7.33536 -1.06976 6.34921 -0.532531 0.817142 -0.532531 33.8017 4.9883 0.817142 4.9883 1.2614 
-83 -5 0 -335.218 -23.4786 -2.68706 4.39696 1.60745 0.691939 1.60745 8.18442 1.16489 0.691939 1.16489 1.77978 
-79 -4 2 -316.965 -19.093 9.76968 2.45143 0.837637 0.697968 0.837637 1.04753 0.478681 0.697968 0.478681 2.03816 
-71 -6 0 -286.103 -24.8338 -1.09638 1.05362 1.34823 -0.0811933 1.34823 6.964 -0.539206 -0.0811933 -0.539206 0.311289 
-70 -6 0 -282.069 -25.4378 -1.37176 1.46701 4.55709 0.00915085 4.55709 27.8694 -0.182418 0.00915085 -0.182418 0.241496 
-77 -6 0 -309.369 -25.1438 -3.27032 2.88514 -0.636621 -1.45644 -0.636621 0.622095 0.302881 -1.45644 0.302881 8.35708 
-68 -6 0 -273.937 -26.3628 -1.44641 0.812839 -0.289026 0.0102864 -0.289026 2.30142 0.290013 0.0102864 0.290013 0.3201 
-78 6 -1 -313.916 26.2895 -6.27647 0.700996 0.111295 -0.178318 0.111295 5.80717 -41.1066 -0.178318 -41.1066 328.143 
-80 6 -1 -321.973 26.0555 -6.32569 0.772008 -0.12137 1.68576 -0.12137 6.7805 -66.2776 1.68576 -66.2776 731.596 
-82 6 -1 -329.951 26.0123 -6.41782 0.875599 0.742515 -10.7003 0.742515 4.25299 -49.7163 -10.7003 -49.7163 705.868 
-70 -10 0 -281.726 -40.728 -2.11894 1.93615 3.76404 0.416572 3.76404 21.0446 0.0330923 0.416572 0.0330923 2.66493 
-83 6 -1 -334.003 25.8986 -6.5077 2.54718 2.2654 -35.8455 2.2654 3.58105 -43.607 -35.8455 -43.607 701.241 
-85 6 -1 -342.072 26.2451 -6.40048 0.769063 -0.399159 2.56378 -0.399159 8.874 -74.0552 2.56378 -74.0552 714.005 
-63 -9 0 -253.896 -38.0456 -0.861689 1.23797 -0.281628 0.351257 -0.281628 0.927297 -0.2206 0.351257 -0.2206 0.308903 
-73 -5 1 -294.32 -22.4154 6.28008 1.43852 0.390525 -0.0420192 0.390525 1.11796 -0.758181 -0.0420192 -0.758181 1.37172 
-68 7 -1 -274.126 29.7199 -5.63733 1.185 3.64689 -9.17616 3.64689 24.3969 -60.4638 -9.17616 -60.4638 154.334 
-77 -5 1 -309.463 -20.8424 6.66944 3.37554 1.2066 -1.15324 1.2066 12.1794 -5.19623 -1.15324 -5.19623 4.8015 
-77 5 -1 -309.48 22.1816 -6.35765 0.956275 0.446798 -0.615622 0.446798 2.9048 6.75291 -0.615622 6.75291 28.0949 
-74 -5 1 -297.666 -21.8031 6.69592 0.836066 -0.132784 0.019698 -0.132784 2.18151 -1.1514 0.019698 -1.1514 2.31652 
-74 5 -1 -297.588 23.0297 -6.54215 34.4276 -79.4502 -10.8589 -79.4502 188.608 -7.23524 -10.8589 -7.23524 440.872 
-70 2 0 -282.593 9.71648 -1.12375 133.831 92.9302 -15.9787 92.9302 67.8744 -12.0733 -15.9787 -12.0733 2.45963 
-67 5 -1 -270.874 23.1211 -6.21406 3.8417 7.76231 -2.51659 7.76231 20.4171 -9.23556 -2.51659 -9.23556 12.3176 
-83 3 -1 -334.033 14.0834 -6.57049 0.729511 -0.00793791 0.00312337 -0.00793791 0.740982 -0.837972 0.00312337 -0.837972 29.7786 
-82 0 0 -329.696 0.252745 -1.6555 1.53389 0.635495 -0.0164019 0.635495 0.470655 0.0128799 -0.0164019 0.0128799 0.428205 
-63 4 -1 -254.085 17.8045 -6.34898 0.781034 0.0376691 0.700207 0.0376691 0.747817 -0.287271 0.700207 -0.287271 21.5803 
-66 5 -1 -266.253 22.2185 -6.67888 1.87721 -0.325319 -24.7286 -0.325319 2.23488 27.8366 -24.7286 27.8366 1060.85 
-74 -3 -1 -297.743 -13.9109 -5.30042 1.02422 -0.835962 0.387136 -0.835962 2.40788 -0.563618 0.387136 -0.563618 1.98112 
-72 10 0 -289.917 40.6134 -1.14774 0.86118 3.32542 -0.21221 3.32542 77.1743 -2.26847 -0.21221 -2.26847 0.323798 
-69 -3 0 -278.009 -14.998 -3.18815 0.755057 0.127752 0.167562 0.127752 7.68508 7.29139 0.167562 7.29139 17.0392 
-64 5 -1 -258.167 21.8603 -6.59247 0.684227 -0.0245782 -4.74335 -0.0245782 1.42353 19.2539 -4.74335 19.2539 503.978 
-76 -4 1 -306.029 -17.357 6.15655 0.731831 -0.206498 0.0621241 -0.206498 1.92877 0.233054 0.0621241 0.233054 0.806057 
-82 9 -1 -329.967 37.3567 -5.63715 0.911165 0.451244 -14.2818 0.451244 1.54582 -15.0061 -14.2818 -15.0061 504.37 
-63 8 -1 -254.611 32.9758 -4.70676 2.89753 2.82523 -1.25905 2.82523 8.3522 -14.2869 -1.25905 -14.2869 61.7007 
-81 5 -1 -326.015 22.1538 -6.57629 0.678619 0.0273891 0.559424 0.0273891 0.714382 0.335123 0.559424 0.335123 33.0005 
-84 -5 0 -336.624 -23.4504 -2.85621 5.60637 -3.27142 -1.63227 -3.27142 9.31226 1.66988 -1.63227 1.66988 2.30661 
-65 -7 -1 -262.284 -30.1837 -5.77696 0.8415 -0.141008 0.267874 -0.141008 1.16461 1.4662 0.267874 1.4662 4.17046 
-79 -5 2 -316.887 -20.5395 9.70411 2.27895 -2.67094 0.441145 -2.67094 11.2026 -1.01044 0.441145 -1.01044 4.43452 
-84 0 -1 -338.136 0.331148 -6.5515 0.877864 -0.0479741 0.470952 -0.0479741 0.197551 -0.128156 0.470952 -0.128156 4.43057 
-84 3 -1 -338.282 14.2736 -6.2456 0.907719 -0.255394 0.644603 -0.255394 1.00891 -0.892965 0.644603 -0.892965 5.28227 
-63 5 -1 -253.773 21.8154 -6.49429 0.863485 -0.0437418 -2.58973 -0.0437418 0.847354 0.183783 -2.58973 0.183783 41.6614 
-64 -8 -1 -258.448 -33.878 -6.0337 1.13992 0.852573 1.12028 0.852573 2.08726 0.682393 1.12028 0.682393 2.97289 
-78 2 0 -314.617 10.3221 -2.1156 1.43017 0.6043 -0.0163915 0.6043 1.50676 -0.184568 -0.0163915 -0.184568 0.315103 
-77 -4 0 -309.521 -17.5469 -1.62658 1.37682 0.41463 -0.250123 0.41463 1.06361 0.089223 -0.250123 0.089223 0.34142 
-76 -7 -1 -307.664 -29.7327 -5.03167 761.009 -22.4572 0.361352 -22.4572 1.51451 0.43728 0.361352 0.43728 3.00472 
-77 4 -1 -309.915 18.6727 -6.4738 0.841323 0.0193359 2.24204 0.0193359 1.40875 2.18908 2.24204 2.18908 32.4362 
-62 4 -1 -250.989 17.7291 -6.40378 3.55065 -0.415231 -8.47033 -0.415231 1.00354 7.19389 -8.47033 7.19389 328.039 
-87 4 -1 -349.017 18.0378 -6.5589 3.12422 -0.0490181 -0.405348 -0.0490181 0.777907 -2.1522 -0.405348 -2.1522 770.816 
-80 4 -1 -322.058 18.0116 -6.40296 0.795811 0.0979514 -0.679206 0.0979514 0.9721 0.603995 -0.679206 0.603995 13.0625 
-77 0 1 -310.062 -0.391844 6.30983 1.18699 15.3493 0.335008 15.3493 723.904 -0.758409 0.335008 -0.758409 2.32444 
-62 -1 -1 -250.999 -6.0238 -6.55927 3.19658 -0.0882632 4.10162 -0.0882632 0.900232 -11.2607 4.10162 -11.2607 724.624 
-79 4 -1 -318.42 17.9609 -6.50095 0.720251 -0.335606 1.52569 -0.335606 1.40674 0.301211 1.52569 0.301211 118.812 
-67 7 0 -270.751 30.7597 0.885336 1.54692 -0.821249 -0.0110104 -0.821249 2.10037 -0.30104 -0.0110104 -0.30104 0.700379 
-78 0 0 -315.09 0.652951 -0.713654 1.12754 -0.0987181 -0.032659 -0.0987181 0.234493 0.0496482 -0.032659 0.0496482 0.199567 
-83 4 -1 -334.078 17.7534 -6.20017 0.806165 -0.1224 0.192524 -0.1224 0.976828 0.13235 0.192524 0.13235 4.16281 
-86 7 -1 -346.072 29.9633 -6.13222 0.902305 0.560461 -10.1172 0.560461 3.11248 -41.8854 -10.1172 -41.8854 765.227 
-69 -6 0 -277.882 -26.1457 -1.32141 1.70431 6.6053 -0.271681 6.6053 45.6138 -1.61394 -0.271681 -1.61394 0.363319 
-83 9 -1 -334.192 37.8164 -5.70196 0.917466 0.595761 -10.5589 0.595761 4.05896 -47.0011 -10.5589 -47.0011 709.648 
-84 4 -1 -337.757 17.6571 -6.25251 0.705667 0.0392182 -0.275349 0.0392182 0.789734 0.530988 -0.275349 0.530988 3.46499 
-85 4 -1 -342.226 17.6089 -6.17716 0.851127 -0.159711 0.205579 -0.159711 1.1352 0.589756 0.205579 0.589756 5.19661 
-86 4 -1 -345.783 17.7616 -6.49737 0.816868 0.0683401 -1.90284 0.0683401 0.886015 1.56087 -1.90284 1.56087 35.4182 
-76 3 -1 -306.573 13.3399 -6.16863 2.07929 0.622625 -2.63062 0.622625 3.22441 16.7083 -2.63062 16.7083 142.438 
-79 -4 1 -317.569 -18.7734 7.12435 1298.26 -186.61 -112.09 -186.61 29.2745 12.5156 -112.09 12.5156 23.0083 
-62 7 -1 -251.025 29.8528 -5.31807 3.20546 2.99376 -8.83359 2.99376 36.8669 -109.538 -8.83359 -109.538 333.229 
-80 3 -1 -321.738 13.1522 -5.87062 0.939517 -0.0554751 -0.441152 -0.0554751 0.959875 0.950484 -0.441152 0.950484 3.42267 
-78 5 -1 -314.47 21.9717 -6.40687 1.43772 -0.120004 0.914342 -0.120004 1.36877 3.33115 0.914342 3.33115 19.6296 
-82 -6 0 -330.124 -25.589 -2.12662 1.25454 -0.40361 -0.141046 -0.40361 1.21894 0.132415 -0.141046 0.132415 0.812826 
-64 3 -1 -257.883 14.2101 -6.33794 1.07353 -0.16132 -0.544073 -0.16132 0.935617 2.29741 -0.544073 2.29741 23.9654 
-84 6 -1 -337.864 26.1415 -6.42041 0.855125 0.0650585 0.61172 0.0650585 0.996424 -1.14799 0.61172 -1.14799 14.6456 
-65 -3 1 -260.412 -14.1107 6.01063 769.028 -28.4786 0.817822 -28.4786 1.90381 -0.277481 0.817822 -0.277481 1.55364 
-65 3 -1 -261.287 14.6929 -6.4336 0.949859 0.322482 -2.35933 0.322482 3.18251 34.5213 -2.35933 34.5213 667.072 
-66 4 -1 -265.673 18.5887 -6.42643 0.900237 -0.398939 -0.223706 -0.398939 1.63068 -0.134269 -0.223706 -0.134269 21.4444 
-84 5 -1 -337.703 21.8549 -6.52465 0.899198 0.00503199 -0.959205 0.00503199 0.817816 0.99123 -0.959205 0.99123 10.0755 
-69 -9 0 -277.727 -37.8406 -0.597603 0.847926 0.253727 -0.33277 0.253727 1.19041 -0.732908 -0.33277 -0.732908 3.099 
-77 -2 -1 -309.058 -10.092 -5.48452 10.9493 -0.102762 4.00606 -0.102762 0.884638 0.591988 4.00606 0.591988 4.23951 
-64 -3 -1 -257.491 -14.4004 -5.61998 1.05477 -0.086051 -0.502856 -0.086051 1.01894 0.644318 -0.502856 0.644318 2.03877 
-83 8 -1 -334.033 33.6175 -5.93943 1.33907 1.12156 -19.31 1.12156 3.93795 -46.2741 -19.31 -46.2741 708.19 
-65 -1 1 -260.145 -6.04522 5.90098 577.672 -14.7467 4.45866 -14.7467 1.13941 0.0786326 4.45866 0.0786326 2.20945 
-65 1 -1 -260.918 6.08973 -5.41598 1.84189 0.204178 -0.687726 0.204178 1.3869 0.00325969 -0.687726 0.00325969 2.28487 
-66 1 0 -264.754 7.35494 -2.03433 4.06563 0.519646 -0.513191 0.519646 6.78209 1.20691 -0.513191 1.20691 3.23463 
-87 5 -1 -349.099 21.9965 -6.61767 3.05109 0.00147917 2.87583 0.00147917 0.694718 4.82855 2.87583 4.82855 539.549 
-85 3 -1 -341.988 13.9588 -6.37336 0.704399 0.163276 0.0239632 0.163276 0.704545 0.241791 0.0239632 0.241791 4.8943 
-79 1 -1 -317.863 5.51967 -5.66208 0.547157 0.0104684 -0.0687047 0.0104684 0.7417 0.389879 -0.0687047 0.389879 1.76293 
-86 6 -1 -346.031 26.0298 -6.45293 0.818219 0.752294 -8.66975 0.752294 5.97211 -60.0797 -8.66975 -60.0797 705.081 
-63 -1 -1 -253.972 -6.06974 -6.48175 0.76166 -0.0698706 -0.52117 -0.0698706 0.799975 0.269421 -0.52117 0.269421 18.3851 
-83 1 -1 -333.737 5.74172 -5.92395 0.938614 0.00650092 -0.294384 0.00650092 0.914148 0.469779 -0.294384 0.469779 1.47804 
-83 7 -1 -334.038 29.805 -6.21872 1.29327 1.44886 -18.6705 1.44886 5.43955 -56.4319 -18.6705 -56.4319 684.228 
-75 0 -1 -302.602 0.304907 -6.2326 1.36837 0.0385215 -2.75439 0.0385215 2.68948 11.0181 -2.75439 11.0181 65.2618 
-81 10 -1 -325.835 42.4948 -5.42739 4.70527 1.56482 -47.0943 1.56482 1.44889 -17.1359 -47.0943 -17.1359 629.05 
-78 0 -1 -314.688 0.868199 -5.37166 0.80209 -0.0609027 0.140204 -0.0609027 0.320476 0.0148206 0.140204 0.0148206 1.82472 
-87 -4 -1 -348.813 -19.3485 -5.89499 2.85943 -0.223286 -0.241407 -0.223286 3.78487 0.39024 -0.241407 0.39024 2.14339 
-80 -11 0 -322.601 -45.0649 2.87121 450.906 20.5458 -15.4671 20.5458 3.0688 -0.0626225 -15.4671 -0.0626225 1.92367 
-62 0 -1 -251.164 0.079423 -6.37798 4.03187 -0.302242 9.56599 -0.302242 0.29156 -2.49422 9.56599 -2.49422 70.1353 
-83 2 -1 -333.95 9.8983 -6.49174 0.853617 -0.0842242 -1.65231 -0.0842242 0.910344 3.15838 -1.65231 3.15838 60.3652 
-64 0 -1 -257.618 0.604355 -5.37642 0.971709 -0.0232247 -0.110519 -0.0232247 0.261257 -0.247613 -0.110519 -0.247613 1.94725 
-77 -5 -1 -310.012 -22.0667 -5.48458 0.8707 -0.0499973 0.0492842 -0.0499973 0.568466 0.0974473 0.0492842 0.0974473 2.66135 
-83 0 0 -333.619 2.72398 -2.02305 0.986844 0.264439 0.0285319 0.264439 1.61118 -0.122947 0.0285319 -0.122947 0.83139 
-65 0 -1 -260.809 -0.637917 -5.74018 1.83015 0.275138 -0.811022 0.275138 0.267967 0.0124469 -0.811022 0.0124469 2.08157 
-76 0 -1 -305.893 0.13667 -5.82693 0.448386 -0.308069 -0.0701459 -0.308069 1.11158 1.02715 -0.0701459 1.02715 2.74352 
-74 -2 -1 -296.873 -10.2295 -5.55242 15.5604 0.117075 2.99873 0.117075 1.19825 -0.24996 2.99873 -0.24996 2.26711 
-62 -2 -1 -251.004 -10.0039 -6.62912 3.10352 -0.0514961 3.84968 -0.0514961 1.01667 -14.5077 3.84968 -14.5077 725.815 
-83 5 -1 -334.213 21.662 -6.36986 0.909609 -0.143414 0.431146 -0.143414 0.82424 0.9514 0.431146 0.9514 6.37351 
-87 1 -1 -349.053 5.93011 -6.52568 3.46465 0.0475571 2.00417 0.0475571 0.794077 0.722446 2.00417 0.722446 11.2211 
-63 3 -1 -253.849 14.1891 -6.33002 0.836558 -0.100915 0.0309971 -0.100915 1.09746 4.13622 0.0309971 4.13622 54.5686 
-65 11 1 -262.582 46.1058 6.72756 0.941415 14.5195 -0.130727 14.5195 372.734 -2.02797 -0.130727 -2.02797 1.75778 
-65 -2 -1 -260.257 -10.0085 -5.39422 721.651 -26.1229 12.7776 -26.1229 1.66941 -0.466452 12.7776 -0.466452 1.95181 
-72 -3 -1 -290.205 -14.6928 -5.52201 0.85461 -0.172974 0.0524973 -0.172974 6.32823 -2.17859 0.0524973 -2.17859 3.08554 
-71 10 0 -285.781 40.5323 -1.56674 0.816273 0.729378 0.0907792 0.729378 7.34495 0.323386 0.0907792 0.323386 0.296261 
-71 -3 -1 -285.72 -14.774 -5.31177 1.01295 0.626294 -0.352349 0.626294 3.82536 -0.828009 -0.352349 -0.828009 2.19955 
-66 -7 -1 -266.172 -30.4954 -5.39738 0.835933 0.206499 0.333886 0.206499 1.18738 0.766309 0.333886 0.766309 1.96787 
-65 -6 0 -260.551 -26.6299 0.227259 5.58723 1.38435 1.53088 1.38435 8.2581 5.40049 1.53088 5.40049 4.38981 
-82 -3 -1 -330.06 -14.0598 -6.56592 5.15896 -0.379042 -55.2598 -0.379042 0.826437 4.18886 -55.2598 4.18886 686.566 
-81 -4 -1 -325.248 -17.9024 -5.78623 0.874606 -0.225795 -1.02268 -0.225795 0.89138 1.6832 -1.02268 1.6832 11.987 
-63 0 -1 -253.9 0.333158 -5.96306 0.754633 0.0162984 0.383205 0.0162984 0.206881 -0.494487 0.383205 -0.494487 6.01509 
-82 -1 -1 -329.736 -5.94635 -6.52896 5.78558 2.07833 -58.2866 2.07833 1.54316 -23.5286 -58.2866 -23.5286 685.928 
-84 -1 -1 -338.077 -5.75283 -6.74783 0.875072 -0.0204369 1.12669 -0.0204369 0.744467 -0.443981 1.12669 -0.443981 7.13921 
-82 -4 -1 -330.189 -18.6936 -6.06083 0.904793 -0.0584246 -0.211173 -0.0584246 1.25695 2.11833 -0.211173 2.11833 7.39023 
-76 11 0 -306.637 45.6712 -2.53134 3.38299 0.205042 0.340028 0.205042 0.738547 -0.0524332 0.340028 -0.0524332 0.843901 
-63 -4 -1 -254.48 -17.5397 -5.87344 1.1548 0.0156683 0.840518 0.0156683 0.984512 -0.493697 0.840518 -0.493697 1.98186 
-67 10 0 -269.8 40.2409 1.79113 1.05503 -0.629336 -0.335935 -0.629336 4.05715 0.392011 -0.335935 0.392011 0.392056 
-70 -6 -1 -282.024 -25.2719 -5.33189 0.896037 0.0111158 0.0355297 0.0111158 1.56531 -0.103037 0.0355297 -0.103037 2.31052 
-73 7 -1 -294.107 30.2009 -5.49907 0.766391 0.00658216 -0.212541 0.00658216 8.94517 -28.1725 -0.212541 -28.1725 98.5619 
-77 -7 -1 -309.61 -29.8378 -5.36013 3.05181 -1.1031 1.31901 -1.1031 1.54087 0.463183 1.31901 0.463183 4.11426 
-68 -4 -1 -273.914 -18.2204 -5.75189 0.644265 0.0862885 -0.0501772 0.0862885 1.05499 0.0745082 -0.0501772 0.0745082 2.21948 
-80 -10 0 -322.575 -42.1336 2.69101 408.645 -6.28747 -13.249 -6.28747 0.946993 0.00234919 -13.249 0.00234919 1.24693 
-65 -4 -1 -261.752 -18.1947 -5.62986 0.976938 -0.712164 0.062579 -0.712164 2.01397 -0.766858 0.062579 -0.766858 1.98652 
-62 -5 -1 -251.038 -21.985 -6.75554 2.87351 0.00888082 -2.42754 0.00888082 0.781103 1.99387 -2.42754 1.99387 189.186 
-77 -4 1 -309.2 -17.8103 6.79031 1.43744 0.162273 -0.12542 0.162273 1.18854 0.929042 -0.12542 0.929042 2.27979 
-87 3 -1 -348.984 13.9347 -6.59292 2.92715 -0.0695138 -2.0767 -0.0695138 1.11319 -14.9684 -2.0767 -14.9684 840.677 
-85 -4 -1 -341.306 -17.8998 -5.96524 1.07654 0.0289541 -0.0183765 0.0289541 0.881635 0.242877 -0.0183765 0.242877 1.54184 
-62 -10 -1 -251.013 -41.795 -6.43472 3.28557 -0.191621 1.85132 -0.191621 1.01973 -1.20096 1.85132 -1.20096 5.40331 
-83 -6 -1 -334.046 -25.9473 -4.80601 1.04881 0.775 -0.167764 0.775 1.42318 -0.493188 -0.167764 -0.493188 3.49363 
-80 -7 0 -322.535 -30.0004 0.562469 6.90745 -0.556861 -0.870572 -0.556861 0.725334 0.104941 -0.870572 0.104941 0.323393 
-82 -2 -1 -330.003 -9.84527 -6.60235 6.62317 -0.392406 -65.5741 -0.392406 0.790377 4.11435 -65.5741 4.11435 734.517 
-79 -5 -1 -317.851 -22.4 -5.23052 0.664855 0.0272086 -0.429935 0.0272086 0.656137 0.0579012 -0.429935 0.0579012 2.78144 
-86 0 -1 -345.913 0.0149994 -6.68937 0.84472 0.0168005 -0.229159 0.0168005 0.172436 0.0203988 -0.229159 0.0203988 3.00926 
-83 -5 -1 -334.273 -21.7628 -5.91092 0.722785 -0.110965 0.150261 -0.110965 1.04981 0.666536 0.150261 0.666536 2.11549 
-70 0 1 -281.912 -1.22323 5.6219 2.14298 30.2923 -0.056138 30.2923 724.908 -4.10167 -0.056138 -4.10167 3.98923 
-62 7 1 -250.649 29.754 4.57554 5.70094 1.84553 -3.13808 1.84553 4.238 -0.0710453 -3.13808 -0.0710453 7.4449 
-62 -7 -1 -251.019 -29.99 -6.72713 3.18365 -0.0290262 11.6095 -0.0290262 0.721071 -0.891608 11.6095 -0.891608 719.683 
-76 -7 0 -307.664 -29.7243 -3.33733 292.749 -13.9413 6.18871 -13.9413 1.64959 0.990617 6.18871 0.990617 9.79164 
-81 4 -1 -326.077 18.1187 -6.5721 0.704632 -0.0497173 -1.61248 -0.0497173 1.30221 11.2461 -1.61248 11.2461 699.387 
-71 -6 -1 -285.96 -24.8489 -5.30486 0.947638 0.810751 0.271131 0.810751 4.76644 1.17857 0.271131 1.17857 2.54166 
-72 -5 -1 -290.745 -22.3863 -5.52609 1.19885 -0.0238913 0.61074 -0.0238913 1.03868 -0.27091 0.61074 -0.27091 3.77437 
-71 8 0 -284.492 34.3166 -1.47183 288.318 -38.5436 15.51 -38.5436 7.14743 -1.81819 15.51 -1.81819 1.16862 
-62 5 -1 -250.985 21.9655 -6.2288 3.34593 0.0206478 -1.45929 0.0206478 1.32249 -0.905987 -1.45929 -0.905987 6.34294 
-64 -2 -1 -257.873 -9.7095 -6.38069 0.849737 0.0136724 0.900983 0.0136724 0.81495 -0.754722 0.900983 -0.754722 12.9262 
-85 7 -1 -342.139 29.6266 -6.14168 0.756265 -0.250614 6.97238 -0.250614 1.78601 -26.4864 6.97238 -26.4864 627.982 
-80 -10 -1 -322.601 -42.4127 -6.53167 511.9 -1.25744 -39.8334 -1.25744 2.36556 2.75194 -39.8334 2.75194 7.43046 
-81 -3 -1 -325.596 -13.6483 -5.72472 1.20253 0.360006 -2.17076 0.360006 1.0658 -1.17176 -2.17076 -1.17176 14.9378 
-75 0 1 -302.343 -0.454438 6.72009 1.07671 12.1673 -0.061597 12.1673 294.96 -14.3533 -0.061597 -14.3533 5.09512 
-63 -12 -1 -254.017 -48.9718 -6.73356 0.950355 0.207487 9.48843 0.207487 4.91361 32.8841 9.48843 32.8841 830.124 
-65 2 -1 -262.509 9.84048 -5.81865 0.81924 -0.288519 0.169965 -0.288519 0.938055 0.439306 0.169965 0.439306 2.52274 
-70 -3 -1 -282.315 -14.9525 -5.3118 1.0387 -0.674336 0.20099 -0.674336 4.33179 -0.504326 0.20099 -0.504326 2.00823 
-63 -3 -1 -254.307 -14.0991 -5.82 1.14335 -0.11928 0.797627 -0.11928 0.97773 0.511303 0.797627 0.511303 2.44209 
-87 -1 -1 -349.179 -5.63755 -7.08668 15.2293 -5.80141 86.75 -5.80141 3.50177 -42.1151 86.75 -42.1151 660.933 
-80 -5 0 -321.923 -23.2579 -0.621102 0.98858 0.672984 -0.194642 0.672984 5.35282 0.00164171 -0.194642 0.00164171 0.220167 
-81 6 -1 -326.058 26.0249 -6.33632 0.783939 0.773053 -7.29368 0.773053 7.7138 -68.7871 -7.29368 -68.7871 682.542 
-70 -8 0 -281.07 -35.3018 0.295783 2.08815 -0.280188 1.84812 -0.280188 5.43059 3.81278 1.84812 3.81278 9.9 
-77 -4 -1 -310.032 -18.1044 -5.46921 0.713229 0.0399421 0.171355 0.0399421 0.63375 0.0732465 0.171355 0.0732465 2.49575 
-70 10 0 -282.052 40.3874 -1.27299 0.761753 0.635539 -0.0165164 0.635539 6.64218 0.230428 -0.0165164 0.230428 0.210556 
-82 -5 -1 -329.944 -21.8658 -5.69572 0.852256 -0.0191326 -0.231486 -0.0191326 0.769215 0.25719 -0.231486 0.25719 2.24622 
-80 -2 -1 -322.236 -10.0915 -5.58869 0.96055 -0.137589 0.583589 -0.137589 0.812969 -0.169677 0.583589 -0.169677 5.02726 
-63 -10 0 -254.303 -40.5559 -1.60059 1.51603 -1.02834 0.597311 -1.02834 5.63444 -0.537532 0.597311 -0.537532 0.492914 
-70 -4 0 -282.043 -17.3852 -0.768803 0.951686 0.0550888 0.00542023 0.0550888 6.93027 0.423982 0.00542023 0.423982 0.272476 
-86 -2 -1 -346.205 -9.62752 -6.5483 1.35018 -0.042337 0.644629 -0.042337 0.801777 0.123529 0.644629 0.123529 1.52072 
-86 11 -1 -346.211 46.4255 -4.86102 0.484693 0.0437069 -0.222324 0.0437069 1.30356 0.17032 -0.222324 0.17032 3.47256 
-84 -2 -1 -338.17 -9.93266 -6.76456 0.931761 -0.0971561 0.0710187 -0.0971561 0.790861 0.148238 0.0710187 0.148238 1.90302 
-81 -2 -1 -325.803 -10.1078 -5.74687 1.73058 0.125063 -2.90074 0.125063 0.918215 0.301213 -2.90074 0.301213 10.8309 
-83 -1 -1 -333.985 -5.85275 -6.76088 0.670199 0.0716984 0.700651 0.0716984 1.01252 -3.03828 0.700651 -3.03828 34.183 
-87 2 -1 -349.04 9.99225 -6.59768 3.02807 -0.0357276 1.89797 -0.0357276 0.755255 -1.0952 1.89797 -1.0952 25.0167 
-75 -5 0 -302.112 -22.3889 -1.30365 0.912802 0.656684 -0.145368 0.656684 2.89159 -0.579963 -0.145368 -0.579963 0.362241 
-80 8 -1 -322.096 33.629 -5.3585 2.28165 2.78623 -29.5819 2.78623 5.56812 -51.4455 -29.5819 -51.4455 562.236 
-76 -4 -1 -305.811 -18.1802 -5.39996 0.790986 0.0844535 -0.101521 0.0844535 0.777971 -0.163544 -0.101521 -0.163544 2.76301 
-87 -2 -1 -349.271 -9.94603 -7.08936 4.34016 -1.12804 -0.665825 -1.12804 1.04091 0.168947 -0.665825 0.168947 3.45497 
-70 0 0 -282.262 -1.30082 1.00224 1.21026 11.0298 -0.134641 11.0298 260.126 -2.11121 -0.134641 -2.11121 0.281976 
-76 -5 0 -305.744 -21.8611 -1.52013 0.696067 -0.0284188 -0.0656541 -0.0284188 1.11059 -0.296458 -0.0656541 -0.296458 0.307705 
-86 -3 -1 -346.755 -13.9595 -6.41894 1.49769 0.0182597 0.889959 0.0182597 0.942961 0.135687 0.889959 0.135687 1.56129 
-70 7 0 -282.86 29.3399 0.162065 6.46032 2.84069 -0.779696 2.84069 3.24993 -0.705214 -0.779696 -0.705214 0.562476 
-64 -4 -1 -257.41 -17.2988 -5.43349 1.33045 -0.194617 -0.221967 -0.194617 1.72695 -0.767847 -0.221967 -0.767847 1.87771 
-85 1 -1 -341.982 6.08123 -6.59154 0.900782 -0.0760289 0.0432299 -0.0760289 0.779703 -0.0870841 0.0432299 -0.0870841 6.61631 
-73 -4 2 -293.321 -17.8297 8.39057 1400.71 -251.787 224.43 -251.787 52.7743 -86.8053 224.43 -86.8053 398.512 
-78 4 -1 -314.119 18.2346 -6.52605 0.927677 -0.421962 8.27818 -0.421962 1.42244 -8.73625 8.27818 -8.73625 670.556 
-64 7 1 -257.84 30.448 4.4119 1.39161 0.821299 -2.53008 0.821299 2.27579 -3.00129 -2.53008 -3.00129 13.0781 
-64 -7 -1 -257.784 -29.4522 -6.24118 1.09337 0.737596 3.28857 0.737596 1.56554 4.31855 3.28857 4.31855 32.8715 
-87 -3 -1 -348.714 -14.0187 -6.55775 2.5172 0.20356 0.366772 0.20356 1.36994 1.22882 0.366772 1.22882 2.26038 
-84 2 -1 -338.166 10.0739 -6.56492 0.801539 0.00836423 0.134055 0.00836423 0.761896 -0.561497 0.134055 -0.561497 6.95811 
-74 -1 -1 -296.6 -6.39384 -5.52264 8.07758 2.80461 -0.376842 2.80461 9.33463 -1.87179 -0.376842 -1.87179 1.91391 
-67 -4 1 -270.529 -17.9177 5.43853 2.48076 16.7526 0.743995 16.7526 534.641 -12.1366 0.743995 -12.1366 1.70208 
-87 -8 -1 -348.859 -34.2879 -6.93355 50.0473 31.6122 -49.0568 31.6122 21.7109 -30.5658 -49.0568 -30.5658 58.1062 
-75 -5 1 -301.822 -21.2716 6.70058 0.984792 0.891612 -0.458967 0.891612 4.70271 -2.50407 -0.458967 -2.50407 2.55065 
-69 -6 1 -277.777 -26.1884 6.68426 1.89204 2.11721 -0.225874 2.11721 8.67926 -1.33336 -0.225874 -1.33336 0.742878 
-75 6 -1 -301.443 26.1796 -5.99743 1.1692 0.265688 -1.12974 0.265688 1.26883 -1.04804 -1.12974 -1.04804 3.33594 
-75 5 -1 -302.118 22.5526 -6.56599 0.483769 3.64295 -4.37151 3.64295 232.636 -55.2931 -4.37151 -55.2931 373.284 
-86 -7 -1 -345.977 -30.2473 -7.13534 0.905149 -0.116766 0.399668 -0.116766 0.638192 -0.541504 0.399668 -0.541504 5.97861 
-65 8 0 -261.211 33.5033 -1.74753 2.19424 1.21227 0.0938123 1.21227 1.17244 0.142545 0.0938123 0.142545 0.340005 
-85 -7 -1 -342.029 -31.0309 -6.94203 6.06929 0.267478 8.66596 0.267478 1.56302 0.551999 8.66596 0.551999 15.7373 
-80 -11 -1 -322.709 -45.7075 -6.27124 416.459 -4.11287 0.711284 -4.11287 0.568003 -0.240188 0.711284 -0.240188 1.74709 
-78 2 -1 -314.117 9.9185 -5.70814 0.757689 0.0994315 -0.069749 0.0994315 0.87236 -0.348771 -0.069749 -0.348771 1.8858 
-78 -1 -1 -315.985 -5.56412 -5.05138 907.339 2.4198 0.544676 2.4198 0.993232 0.358558 0.544676 0.358558 2.51323 
-66 3 -1 -265.904 13.2147 -6.39016 1.56963 0.422799 -6.16953 0.422799 4.14919 41.4402 -6.16953 41.4402 629.056 
-76 10 -1 -304.924 43.2171 -4.13586 26.6459 5.46681 -87.1749 5.46681 5.9803 -17.9621 -87.1749 -17.9621 349.062 
-77 8 0 -308.18 35.1587 -1.84546 30.7046 5.17503 0.155798 5.17503 11.426 1.64567 0.155798 1.64567 0.439873 
-68 -3 -1 -273.872 -15.0867 -5.503 1.09116 -2.03075 0.646648 -2.03075 14.6798 -2.87776 0.646648 -2.87776 3.20453 
-86 -1 -1 -345.974 -5.97785 -6.51284 1.10369 0.0129652 0.154016 0.0129652 0.769438 0.0401216 0.154016 0.0401216 1.22148 
-84 -3 -1 -337.931 -14.3254 -7.0539 0.865176 -0.349752 -0.330912 -0.349752 0.822156 0.417278 -0.330912 0.417278 16.7034 
-78 8 0 -315.43 33.1329 -1.7657 5.14634 2.65319 0.442943 2.65319 5.46446 0.95506 0.442943 0.95506 1.40777 
-77 -6 -1 -309.522 -25.7527 -5.24297 2.90207 -0.724901 1.34701 -0.724901 0.769013 -0.790641 1.34701 -0.790641 3.48581 
-86 -10 -1 -344.341 -42.1195 -7.17191 70.0773 -13.3506 5.93004 -13.3506 3.62992 -0.957188 5.93004 -0.957188 6.76815 
-82 -8 -1 -331.063 -33.66 -5.01275 2.72462 -0.969002 -0.147518 -0.969002 3.64829 0.533105 -0.147518 0.533105 1.95688 
-66 1 -1 -265.275 6.98605 -6.4633 4.79744 0.70351 4.67638 0.70351 3.418 -39.4635 4.67638 -39.4635 608.323 
-74 6 -1 -298.497 26.8732 -5.88098 2.99711 -1.50095 6.55636 -1.50095 1.52186 -3.35025 6.55636 -3.35025 17.0862 
-85 -8 -1 -343.242 -33.7042 -6.7888 3.09152 -1.62744 2.81597 -1.62744 1.52943 -3.45471 2.81597 -3.45471 15.4917 
-76 10 0 -306.389 41.75 -0.0747361 1.93807 0.501611 0.0970058 0.501611 1.36251 0.172503 0.0970058 0.172503 0.156741 
-86 -8 -1 -345.261 -33.9923 -7.23447 0.878107 -0.069923 -0.722788 -0.069923 0.839471 0.0639204 -0.722788 0.0639204 5.64661 
-76 11 -1 -304.869 45.8756 -4.21855 1683.56 -92.8316 -165.647 -92.8316 10.1256 -30.5043 -165.647 -30.5043 495.683 
-79 -5 1 -319.1 -23.0479 4.9236 5.86389 -5.72621 0.224379 -5.72621 9.34007 -4.10094 0.224379 -4.10094 6.56003 
-79 5 -1 -318.341 22.5058 -6.01387 1.27481 -0.0566398 0.270343 -0.0566398 0.931075 -0.469843 0.270343 -0.469843 1.65545 
-66 -6 -1 -266.187 -25.9712 -6.11112 0.94203 0.0312322 0.326051 0.0312322 0.701444 0.0538086 0.326051 0.0538086 5.86613 
-82 -11 -1 -329.947 -45.9727 -5.9479 760.859 -102.628 8.43706 -102.628 15.8238 -1.20076 8.43706 -1.20076 0.871665 
-66 -9 -1 -266.076 -37.3278 -5.27771 0.674693 -0.181122 0.24363 -0.181122 1.12411 -0.52092 0.24363 -0.52092 2.23076 
-63 -8 1 -254.7 -33.6942 4.82074 2.17895 -0.312945 0.238129 -0.312945 2.28198 -2.10028 0.238129 -2.10028 5.88037 
-85 -6 -1 -342.031 -25.5722 -6.56827 1.14972 -0.54001 -0.998843 -0.54001 1.37865 0.788698 -0.998843 0.788698 2.12769 
-85 -3 -1 -341.953 -13.7311 -7.26646 0.734047 -0.00945974 -0.696964 -0.00945974 0.68812 0.164968 -0.696964 0.164968 9.18146 
-87 -5 -1 -348.618 -21.615 -6.02024 28.9794 -3.94161 -1.30592 -3.94161 1.12635 0.104884 -1.30592 0.104884 1.38314 
-84 -4 -1 -338.683 -17.7258 -6.51115 0.85076 0.399432 0.540036 0.399432 1.10069 0.294568 0.540036 0.294568 2.30949 
-65 5 -1 -261.423 21.7799 -6.60357 1.35588 0.234487 -12.3367 0.234487 1.78325 17.1346 -12.3367 17.1346 589.265 
-78 -5 0 -313.754 -21.685 -2.4977 1.03238 -0.180191 0.128365 -0.180191 0.882389 -0.623149 0.128365 -0.623149 1.50738 
-86 2 -1 -346.045 10.0649 -6.6323 0.844569 0.107506 -1.17737 0.107506 0.925158 -2.68365 -1.17737 -2.68365 33.4288 
-74 -4 -1 -297.828 -17.8282 -5.60219 0.872508 0.0101861 -0.0331547 0.0101861 1.08694 -0.10083 -0.0331547 -0.10083 2.73371 
-63 -11 -1 -252.948 -47.6376 -6.78536 5.53529 -28.2039 20.2 -28.2039 176.755 -35.2073 20.2 -35.2073 713.094 
-80 -8 0 -322.421 -33.8149 1.74536 47.8546 -0.810973 -2.46824 -0.810973 0.910964 0.282424 -2.46824 0.282424 0.587357 
-79 -3 1 -316.074 -12.6718 5.80741 841.652 -18.0946 -10.6453 -18.0946 8.92377 0.359079 -10.6453 0.359079 0.979154 
-79 3 -1 -318.197 13.2058 -5.96597 0.819748 -0.138835 0.32572 -0.138835 1.12792 0.918527 0.32572 0.918527 3.84488 
-63 -6 0 -254.875 -27.3625 0.461582 2.05266 0.748161 0.0735704 0.748161 4.04174 -0.312272 0.0735704 -0.312272 0.498851 
-82 -7 -1 -330.863 -28.8891 -4.92694 1.60626 0.848112 -0.48425 0.848112 2.54481 -0.0792105 -0.48425 -0.0792105 3.07611 
-81 7 -1 -325.886 29.7557 -5.90964 1.81754 2.93157 -26.5826 2.93157 9.75337 -82.1727 -26.5826 -82.1727 752.195 
-64 4 -1 -257.467 18.1176 -6.40111 1.05003 0.164925 -1.61627 0.164925 0.894186 -0.0749234 -1.61627 -0.0749234 26.1611 
-62 -12 -1 -251.278 -48.998 -6.70716 6.31498 2.65631 -4.74228 2.65631 16.0661 -10.4222 -4.74228 -10.4222 1026.25 
-66 -10 0 -264.912 -41.3643 -1.16285 4.55242 3.0616 -1.90295 3.0616 3.79886 -1.72354 -1.90295 -1.72354 1.57423 
-76 0 0 -307.006 -0.521539 0.240694 44.427 -3.47159 11.2058 -3.47159 89.2385 -2.59415 11.2058 -2.59415 2.95498 
-87 0 -1 -349.064 0.19417 -6.73192 3.21828 -0.164709 2.60428 -0.164709 0.239242 -0.749197 2.60428 -0.749197 13.727 
-62 -4 -1 -250.994 -18.0073 -6.73215 3.6062 -0.0302611 21.038 -0.0302611 0.721695 -1.36847 21.038 -1.36847 718.422 
-76 -3 -1 -306.449 -13.8572 -5.32318 4.00583 0.688199 -0.996156 0.688199 0.717778 -0.208031 -0.996156 -0.208031 2.38232 
-78 7 -1 -313.997 29.9945 -5.58271 0.83805 0.815067 -3.73923 0.815067 31.59 -145.563 -3.73923 -145.563 692.303 
-80 -5 1 -321.413 -23.2788 4.79047 2.37549 -2.94858 -0.30243 -2.94858 42.0133 -1.85433 -0.30243 -1.85433 5.18368 
-80 5 -1 -322.197 22.0331 -6.52081 0.748448 -0.0350275 0.362404 -0.0350275 0.714143 0.483103 0.362404 0.483103 34.6164 
-72 0 1 -290.698 -0.920072 5.83214 3.38716 37.9177 0.677108 37.9177 500.968 6.87375 0.677108 6.87375 2.94936 
-65 -10 0 -261.551 -41.648 0.114274 1.31395 0.0478926 -0.0628827 0.0478926 1.33756 -0.205354 -0.0628827 -0.205354 0.279199 
-80 0 0 -321.541 0.912346 -2.72196 1.04824 0.164605 -0.193518 0.164605 0.300687 0.0443643 -0.193518 0.0443643 1.7003 
-71 -4 -1 -285.794 -18.1273 -5.57738 0.828107 0.0119998 -0.255105 0.0119998 0.828567 0.0837213 -0.255105 0.0837213 2.63963 
-69 8 -1 -278.384 32.3646 -4.92242 0.558449 3.65251 -5.37444 3.65251 127.784 -180.414 -5.37444 -180.414 353.144 
-73 -1 0 -295.649 -6.90148 -3.76359 86.6682 5.39111 58.3184 5.39111 2.40048 3.44699 58.3184 3.44699 66.7116 
-68 -9 0 -272.727 -38.2006 -1.1381 2.09436 -0.287209 0.411468 -0.287209 1.43503 0.158323 0.411468 0.158323 0.996367 
-64 -10 -1 -257.608 -41.8074 -6.47988 1.92115 0.893155 15.6607 0.893155 1.51252 -2.56371 15.6607 -2.56371 461.078 
-67 -10 0 -269.057 -41.1953 -3.71882 46.7582 -5.50677 -94.3254 -5.50677 2.6089 8.00473 -94.3254 8.00473 209.299 
-83 -4 -1 -334.081 -18.4579 -6.43546 0.716079 -0.0487029 -0.511999 -0.0487029 1.0329 1.34289 -0.511999 1.34289 5.45366 
-85 0 -1 -341.954 0.2482 -6.83577 0.870483 0.0119236 -0.111185 0.0119236 0.194385 -0.375316 -0.111185 -0.375316 8.56776 
-66 6 -1 -265.792 26.1961 -6.524 0.693558 0.0686715 -1.34147 0.0686715 2.2633 -9.36187 -1.34147 -9.36187 59.8147 
-78 -4 -1 -313.8 -18.095 -5.19099 0.79346 0.107684 -0.0979672 0.107684 0.710143 -0.129093 -0.0979672 -0.129093 2.67186 
-67 6 -1 -270.348 26.6677 -6.42277 1.10152 0.11978 0.997577 0.11978 1.54436 -3.02775 0.997577 -3.02775 13.3788 
-63 -2 -1 -253.955 -9.83616 -6.49049 0.79401 0.0431395 -0.128147 0.0431395 0.826341 -0.718747 -0.128147 -0.718747 15.1548 
-65 -5 -1 -262.247 -22.0336 -6.38854 0.774264 0.125847 -0.236428 0.125847 0.838947 0.0783808 -0.236428 0.0783808 23.8334 
-69 -4 1 -277.659 -17.6934 5.05253 0.689432 6.07757 -0.0694886 6.07757 172.207 1.18463 -0.0694886 1.18463 2.7224 
-68 1 -1 -273.552 7.22785 -6.09729 1.7744 -1.09383 0.269111 -1.09383 1.8757 -0.577132 0.269111 -0.577132 1.15465 
-72 8 -1 -290.946 32.9917 -4.71869 1.1711 0.825653 -2.83202 0.825653 3.32159 -18.0174 -2.83202 -18.0174 122.923 
-85 -1 -1 -341.681 -5.93904 -6.87302 1.04509 0.00950687 -1.2895 0.00950687 0.74908 0.186303 -1.2895 0.186303 5.3438 
-69 -5 -1 -277.88 -22.3484 -5.72775 0.908435 0.132231 -0.0529083 0.132231 0.843783 0.589497 -0.0529083 0.589497 3.55421 
-86 -4 -1 -346.338 -17.5006 -6.60946 1.45551 -0.235759 1.98739 -0.235759 0.785919 -0.508043 1.98739 -0.508043 3.75438 
-69 -6 -1 -277.737 -25.6106 -5.47178 0.800837 0.152668 -0.0142597 0.152668 1.71134 0.527393 -0.0142597 0.527393 2.34699 
-64 -12 -1 -257.73 -49.1892 -6.60276 2.37904 0.527557 30.0838 0.527557 2.83381 14.6606 30.0838 14.6606 500.467 
-71 10 -1 -285.705 41.9892 -4.30274 0.961832 0.945362 3.76895 0.945362 3.97694 9.08346 3.76895 9.08346 59.9525 
-87 -6 -1 -349.121 -25.9244 -6.61821 18.0894 -0.79031 0.231586 -0.79031 0.722579 -0.48258 0.231586 -0.48258 2.36193 
-67 -5 -1 -269.679 -22.0782 -5.57187 1.43063 -0.188495 0.57561 -0.188495 0.713299 0.108151 0.57561 0.108151 2.31704 
-67 -6 0 -269.822 -26.414 -1.04208 0.704349 -0.141268 -0.0398891 -0.141268 0.870675 0.199498 -0.0398891 0.199498 0.237567 
-84 -5 -1 -337.47 -22.2768 -5.98062 0.994309 -0.229692 -0.683395 -0.229692 1.48848 0.973423 -0.683395 0.973423 2.23397 
-81 0 -1 -325.996 -0.231815 -5.77318 0.734187 -0.0101719 -0.0905277 -0.0101719 0.193495 0.147479 -0.0905277 0.147479 3.3536 
-77 0 0 -310.891 1.26613 -0.6274 2.0816 0.457893 0.0244271 0.457893 0.550835 0.0649321 0.0244271 0.0649321 0.181791 
-86 3 -1 -345.608 14.0663 -6.41524 0.994728 -0.0743707 -1.57844 -0.0743707 0.718447 0.033733 -1.57844 0.033733 11.8166 
-69 -4 -1 -277.842 -17.97 -5.77103 0.627017 0.14865 -0.108133 0.14865 1.07216 -0.09818 -0.108133 -0.09818 1.98575 
-67 -3 -1 -270.194 -15.013 -5.57142 0.781446 0.710368 -0.191292 0.710368 7.86059 -1.39268 -0.191292 -1.39268 2.16042 
-86 5 -1 -346.044 22.0529 -6.62432 0.740824 -0.0130957 2.08603 -0.0130957 0.765779 5.63027 2.08603 5.63027 493.342 
-81 -1 -1 -326.01 -6.06645 -5.41423 1.14997 -0.0596218 0.116296 -0.0596218 0.919628 0.322263 0.116296 0.322263 2.27254 
-85 -2 -1 -341.539 -9.76145 -7.06772 0.813093 0.0289142 -0.956815 0.0289142 0.821882 -0.492175 -0.956815 -0.492175 7.67455 
-81 2 0 -326.516 9.68806 -3.42313 1.00095 0.327576 0.840476 0.327576 1.00479 0.866375 0.840476 0.866375 7.13078 
-67 -7 -1 -269.581 -30.2001 -5.21652 1.10903 0.163687 0.0852139 0.163687 0.752108 0.257014 0.0852139 0.257014 1.77599 
-73 2 -1 -294.571 9.69661 -5.90322 71.4217 -76.4575 48.5712 -76.4575 83.9024 -52.9934 48.5712 -52.9934 35.0842 
-65 6 -1 -262 26.4337 -6.35556 0.764057 0.0357202 -0.0779454 0.0357202 1.25282 -2.90679 -0.0779454 -2.90679 15.6172 
-65 4 -1 -261.625 17.8306 -6.42563 0.849118 -0.059027 3.13619 -0.059027 0.838526 -2.11179 3.13619 -2.11179 48.0443 
-73 -3 -1 -294.137 -14.2752 -5.44322 0.985374 1.04821 -0.28726 1.04821 2.95621 -1.17829 -0.28726 -1.17829 2.57326 
-68 0 1 -273.835 -1.47506 5.87486 1.32159 20.208 -0.760163 20.208 701.254 -17.7298 -0.760163 -17.7298 2.85125 
-83 -2 -1 -333.795 -9.975 -6.86506 2.02249 -0.41204 -29.1066 -0.41204 0.788235 8.77375 -29.1066 8.77375 661.865 
-80 10 -1 -322.344 42.1639 -5.17264 5.25866 2.08475 -57.8216 2.08475 2.52532 -26.0754 -57.8216 -26.0754 742.452 
-76 -6 0 -307.578 -25.6802 -3.48035 114.378 1.18443 7.47288 1.18443 0.558366 -0.405483 7.47288 -0.405483 8.53793 
-75 -3 -1 -301.998 -14.4329 -5.2683 1.05122 -1.05423 0.224586 -1.05423 4.699 -1.10281 0.224586 -1.10281 2.41408 
-83 0 -1 -333.821 0.626033 -6.26186 0.820474 0.000103076 -0.444489 0.000103076 0.24401 -0.345481 -0.444489 -0.345481 2.21171 
-82 3 -1 -329.691 13.6262 -6.13791 1.06117 -0.00563866 -1.00646 -0.00563866 0.940217 0.722651 -1.00646 0.722651 3.87802 
-79 6 -1 -318.04 26.4854 -6.26448 0.725457 0.473944 -3.75584 0.473944 11.3937 -78.8191 -3.75584 -78.8191 599.715 
-85 2 -1 -341.677 10.0434 -6.32847 0.87286 -0.106795 -0.465418 -0.106795 0.787738 -0.0708293 -0.465418 -0.0708293 4.25223 
-80 -5 -1 -322.118 -21.893 -5.37926 0.904335 0.0645573 -0.0382544 0.0645573 0.659323 -0.166147 -0.0382544 -0.166147 2.93456 
-67 0 -1 -269.834 0.13723 -6.7775 1.77446 -1.13085 -8.26502 -1.13085 1.38929 9.54558 -8.26502 9.54558 100.414 
-62 -3 -1 -250.975 -14.0099 -6.71295 3.28077 -0.237139 14.2153 -0.237139 0.86801 -9.96576 14.2153 -9.96576 730.73 
-72 0 -1 -289.927 -0.246202 -6.72304 1.26087 1.19342 -4.23483 1.19342 8.48525 43.9868 -4.23483 43.9868 413.521 
-71 -2 -1 -287 -8.51558 -4.78297 3.98882 2.26703 -0.0903285 2.26703 2.75897 -3.42275 -0.0903285 -3.42275 32.3745 
-68 1 0 -273.232 7.30446 -1.56481 4.72327 1.28284 0.0765599 1.28284 3.18499 -0.552128 0.0765599 -0.552128 0.660343 
-70 2 -1 -282.247 9.49533 -5.77018 3.47014 -0.222033 2.79002 -0.222033 3.62543 -0.885262 2.79002 -0.885262 4.27782 
-66 -4 -1 -265.905 -18.5869 -5.75682 0.748603 0.0958755 0.0990919 0.0958755 5.09117 -2.24801 0.0990919 -2.24801 2.66637 
-83 -7 -1 -333.049 -28.5668 -4.95894 2.02226 0.423077 0.557421 0.423077 4.42711 0.344141 0.557421 0.344141 3.33528 
-67 -10 -1 -269.401 -41.5259 -5.33482 2.30326 0.517206 -0.645819 0.517206 1.47256 -1.1513 -0.645819 -1.1513 3.47626 
-66 -3 -1 -267.394 -14.7686 -5.31159 9.00796 -1.8707 -0.0456975 -1.8707 11.5612 -1.1805 -0.0456975 -1.1805 1.72866 
-62 -8 -1 -251.131 -33.8347 -6.73302 3.4444 0.00142067 8.74516 0.00142067 0.632775 3.39711 8.74516 3.39711 612.965 
-68 8 -1 -274.148 33.4178 -4.72321 1.63712 -0.936452 3.08042 -0.936452 1.75565 -5.30512 3.08042 -5.30512 32.5756 
-86 1 -1 -346.02 5.82037 -6.70427 0.784315 -0.0333731 -0.220693 -0.0333731 0.922287 0.305209 -0.220693 0.305209 16.6493 
-65 -1 -1 -260.131 -6.00262 -5.36357 740.028 -23.7246 5.38024 -23.7246 1.50221 -0.178032 5.38024 -0.178032 1.73361 
-76 9 0 -307.02 37.6467 0.951613 1.5583 -0.129424 -0.0190302 -0.129424 0.807439 -0.0380063 -0.0190302 -0.0380063 0.178391 
-84 1 -1 -338.064 5.92822 -6.29839 0.879564 0.117581 -0.201387 0.117581 0.82905 0.100456 -0.201387 0.100456 2.14894 
-82 1 -1 -329.96 6.00275 -5.74184 0.809094 -0.230834 0.0801045 -0.230834 0.783515 0.224485 0.0801045 0.224485 1.69426 
-84 -6 -1 -336.833 -24.9226 -4.68932 2.30175 0.280252 -0.899239 0.280252 1.80758 -0.818319 -0.899239 -0.818319 3.69087 
-67 1 -1 -269.758 6.13442 -6.55772 1.37306 -1.332 5.56458 -1.332 12.6508 -83.6755 5.56458 -83.6755 604.859 
-78 -3 1 -315.983 -12.5954 6.50164 922.4 14.9239 -1.61305 14.9239 8.26999 -0.168342 -1.61305 -0.168342 0.928316 
-78 3 -1 -314.339 13.6161 -6.21822 0.844664 0.0670502 -1.38978 0.0670502 4.37375 34.9805 -1.38978 34.9805 342.516 
-62 -5 0 -250.134 -22.0686 -2.07338 2907.51 -260.588 399.651 -260.588 29.4937 -41.3646 399.651 -41.3646 67.678 
-76 -5 -1 -305.953 -21.9165 -5.2967 0.777416 -0.0022866 0.0812686 -0.0022866 0.653751 0.111258 0.0812686 0.111258 2.42997 
-62 -11 -1 -251.081 -45.4923 -6.70051 4.71973 0.21129 -13.8594 0.21129 0.47168 -3.99738 -13.8594 -3.99738 432.409 
-87 9 -1 -349.096 37.6466 -5.85278 4.25119 1.23602 -29.0019 1.23602 2.62945 -40.9648 -29.0019 -40.9648 1156.11 
-65 -8 -1 -261.992 -33.9376 -5.18614 0.929394 0.0306744 0.219197 0.0306744 0.81344 0.0765112 0.219197 0.0765112 2.0265 
-81 -8 0 -326.022 -32.4384 -2.849 0.938221 0.0255593 0.00537406 0.0255593 10.9813 -1.66373 0.00537406 -1.66373 2.18676 
-84 -10 -1 -336.588 -40.3604 -5.96901 10.5928 7.04552 2.06474 7.04552 60.0083 7.16741 2.06474 7.16741 3.66265 
-82 1 0 -330.876 5.1131 -1.419 1.74873 -0.0904521 0.0365059 -0.0904521 1.96866 -0.180653 0.0365059 -0.180653 0.598959 
-72 -4 -1 -290.022 -17.7297 -5.51086 0.546476 0.0352003 -0.064978 0.0352003 0.981599 -0.0769799 -0.064978 -0.0769799 2.11848 
-73 -6 -1 -294.001 -25.4773 -5.29146 1.10109 0.0179287 0.413007 0.0179287 0.832526 0.0683987 0.413007 0.0683987 2.67836 
-74 7 -1 -298.039 29.9183 -5.58673 1.03313 -0.0474043 1.26098 -0.0474043 7.69483 -23.107 1.26098 -23.107 82.1232 
-77 -8 0 -309.233 -33.6105 -2.76706 4.53851 -0.809371 -3.03891 -0.809371 1.23628 0.875099 -3.03891 0.875099 5.54215 
-72 -6 -1 -290.142 -25.2998 -5.02484 1.18817 -0.562707 0.504801 -0.562707 0.848252 -0.0882291 0.504801 -0.0882291 2.80028 
-75 -4 1 -302 -17.8528 6.6193 0.982746 -0.120516 0.118989 -0.120516 1.87776 1.19272 0.118989 1.19272 1.93589 
-72 8 0 -291.687 34.7751 -2.75819 63.4337 -7.38534 -9.56964 -7.38534 15.7516 7.21659 -9.56964 7.21659 6.24427 
-64 -9 -1 -258.068 -37.8214 -6.47591 0.857861 -0.0468212 9.88033 -0.0468212 1.02894 8.30501 9.88033 8.30501 581.97 
-75 8 0 -301.625 34.7513 -0.742512 2.07041 -0.889532 -0.140493 -0.889532 1.73178 0.241905 -0.140493 0.241905 0.319198 
-81 2 -1 -326.198 10.0314 -5.09395 0.893535 0.169726 0.123379 0.169726 0.771425 0.0610528 0.123379 0.0610528 1.53723 
-63 -9 -1 -253.565 -38.2149 -5.40811 0.752855 -0.216809 -0.18588 -0.216809 1.79745 0.801146 -0.18588 0.801146 1.2311 
-70 -5 -1 -281.885 -22.3702 -5.62988 0.762738 0.111018 -0.0945341 0.111018 0.826875 0.473666 -0.0945341 0.473666 3.40487 
-64 8 0 -257.595 33.1809 0.385671 0.80133 -0.0419068 -0.0242486 -0.0419068 1.03431 -0.19652 -0.0242486 -0.19652 0.3823 
-65 -9 -1 -262.438 -37.1707 -5.62651 0.922923 0.0469291 0.212266 0.0469291 1.29368 -1.03885 0.212266 -1.03885 2.48542 
-63 -8 -1 -253.777 -33.6405 -6.48578 2.06269 0.41903 7.87484 0.41903 1.10283 2.52152 7.87484 2.52152 53.2957 
-63 7 1 -254.345 30.5415 4.65349 2.2607 -2.53891 2.26701 -2.53891 4.09711 -3.57959 2.26701 -3.57959 5.96508 
-63 -7 -1 -254.101 -30.0147 -6.6108 1.19139 0.267359 5.93637 0.267359 0.959759 3.81306 5.93637 3.81306 78.0531 
-69 -3 -1 -278.005 -14.7707 -5.55937 0.775342 0.587972 -0.257686 0.587972 4.30405 -1.61316 -0.257686 -1.61316 2.26216 
-77 1 -1 -311.54 5.18524 -5.78279 9.23805 0.59949 1.4322 0.59949 0.988231 -0.362947 1.4322 -0.362947 2.76715 
-65 -6 -1 -261.899 -25.9555 -6.43365 1.65337 -0.248341 24.0736 -0.248341 0.71879 -4.85941 24.0736 -4.85941 640.525 
-64 7 0 -257.667 29.5635 0.435094 0.959509 -0.065461 0.103642 -0.065461 1.00054 -0.0154331 0.103642 -0.0154331 0.26169 
-84 -2 0 -338.366 -10.4046 -3.59364 158.451 118.689 -53.3148 118.689 208.632 -69.0851 -53.3148 -69.0851 56.0704 
-63 -6 -1 -254 -25.9988 -6.66575 1.13353 -0.0323004 16.928 -0.0323004 0.745404 -1.50404 16.928 -1.50404 741.085 
-64 -5 -1 -257.942 -22.3561 -6.54225 1.26448 -0.197215 19.1597 -0.197215 1.02425 -4.50235 19.1597 -4.50235 743.937 
-66 -5 -1 -265.922 -22.0034 -6.33618 1.06218 0.146025 15.5511 0.146025 0.81415 7.45019 15.5511 7.45019 708.409 
-77 10 -1 -310.215 42.6869 -4.45775 39.0054 19.3739 -145.896 19.3739 12.0902 -73.0315 -145.896 -73.0315 744.435 
-81 -5 -1 -326.039 -22.1026 -5.40009 0.75216 -0.000341701 -0.0824271 -0.000341701 0.643306 -0.242682 -0.0824271 -0.242682 2.7238 
-65 -7 1 -261.601 -29.8196 5.14013 0.7926 -0.260745 -0.127409 -0.260745 1.24325 -0.174686 -0.127409 -0.174686 2.01456 
-65 7 -1 -261.698 29.8401 -5.2211 0.752697 -0.407907 0.952003 -0.407907 7.85318 -15.6502 0.952003 -15.6502 35.277 
-75 7 0 -302.395 30.1191 0.335281 0.852257 -0.536223 0.300045 -0.536223 3.05824 -1.88924 0.300045 -1.88924 1.5461 
-79 0 -1 -317.819 0.936625 -5.39083 0.691934 -0.0402452 0.0209645 -0.0402452 0.214061 -0.135491 0.0209645 -0.135491 1.65013 
-64 6 -1 -258.001 26.261 -6.41016 0.748541 0.0509043 -0.288937 0.0509043 4.42154 -21.9065 -0.288937 -21.9065 129.437 
-64 -7 0 -257.846 -29.8344 1.39038 0.877199 0.0358139 -0.303227 0.0358139 0.710789 -0.13328 -0.303227 -0.13328 0.933965 
-63 6 -1 -254.3 26.027 -6.4134 1.03499 0.487181 -4.01896 0.487181 5.36199 -32.384 -4.01896 -32.384 223.294 
-62 6 -1 -250.907 26.4822 -6.30609 3.57729 0.152329 -1.18141 0.152329 5.20911 -27.5312 -1.18141 -27.5312 164.859 
-81 -5 0 -325.421 -22.7656 -3.0918 1.48925 -0.4458 -1.25519 -0.4458 1.67887 0.816448 -1.25519 0.816448 3.98772 
-70 10 -1 -282.119 41.7701 -4.293 0.838758 0.0325846 0.804335 0.0325846 3.10058 8.8891 0.804335 8.8891 64.6669 
-63 -5 -1 -253.976 -22.0054 -6.65865 1.43412 -0.00271377 22.2609 -0.00271377 0.726317 0.766218 22.2609 0.766218 694.536 
-76 6 -1 -306.39 27.0261 -6.23797 1.45473 -0.637177 1.71652 -0.637177 10.7658 -84.4654 1.71652 -84.4654 744.777 
-72 7 -1 -289.814 29.9632 -5.65919 0.979592 -0.853102 1.93272 -0.853102 10.9397 -30.1468 1.93272 -30.1468 87.61 
-72 10 -1 -289.483 42.4625 -4.19922 2.08407 8.00577 -27.1996 8.00577 110.265 -190.952 -27.1996 -190.952 590.294 
-86 12 -1 -346.163 48.722 -5.22913 1.65384 -4.7464 -1.59206 -4.7464 25.4453 0.168111 -1.59206 0.168111 7.1774 
-68 6 -1 -273.254 27.42 -6.46456 2.34952 1.70401 -17.1269 1.70401 7.28318 -43.4377 -17.1269 -43.4377 335.424 
-72 6 -1 -290.59 26.6629 -5.88002 182.505 -214.416 67.1849 -214.416 253.158 -78.8456 67.1849 -78.8456 25.7795 
-77 6 -1 -309.909 26.7322 -6.23284 0.790583 -0.172325 -0.342559 -0.172325 1.30217 -2.46165 -0.342559 -2.46165 55.7693 
-84 7 -1 -337.875 29.9407 -6.23952 0.83065 -0.0185143 1.40681 -0.0185143 0.849973 -2.73659 1.40681 -2.73659 35.7097 
-65 -1 0 -260.127 -6.01479 -0.459931 184.029 -5.87703 -0.382825 -5.87703 0.924837 0.0208207 -0.382825 0.0208207 0.185149 
-69 7 -1 -278.173 30.1248 -5.67517 0.912269 1.29839 -3.05425 1.29839 26.9637 -67.5472 -3.05425 -67.5472 173.971 
-76 7 -1 -306.129 30.1735 -5.50985 0.928393 1.02458 -3.17107 1.02458 12.7143 -38.0387 -3.17107 -38.0387 122.979 
-64 -7 1 -258.54 -30.2342 5.25618 1.54822 0.584475 1.042 0.584475 1.03069 1.02651 1.042 1.02651 3.23921 
-64 7 -1 -258.005 29.7047 -5.37405 0.74838 -0.580494 1.85925 -0.580494 25.7028 -74.9403 1.85925 -74.9403 226.252 
-76 12 -1 -304.931 48.9832 -4.14079 1510.22 1.25282 181.958 1.25282 2.38304 22.8674 181.958 22.8674 2077.02 
-66 11 1 -265.135 46.2275 6.60175 1.8428 26.9851 0.0561573 26.9851 661.425 -3.58121 0.0561573 -3.58121 1.20587 
-80 2 -1 -321.996 9.9165 -5.1107 0.795905 -0.122994 -0.0509 -0.122994 0.767055 0.0869906 -0.0509 0.0869906 1.75974 
-67 11 1 -268.752 46.3316 6.63529 6.68918 21.7654 0.21944 21.7654 804.838 5.97092 0.21944 5.97092 1.6461 
-65 -10 -1 -261.692 -41.9037 -6.35192 2.33356 0.114529 30.6788 0.114529 2.66773 -19.9514 30.6788 -19.9514 1090.64 
-66 -10 -1 -266.607 -41.1161 -6.04639 7.68494 4.18648 12.2911 4.18648 6.54884 9.94274 12.2911 9.94274 27.7229 
-67 -9 -1 -270.183 -37.5021 -5.1828 0.717933 0.187548 0.171117 0.187548 0.928377 0.187985 0.171117 0.187985 2.0574 
-67 -8 -1 -270.091 -33.8202 -5.26522 0.79031 -0.0837838 0.173512 -0.0837838 0.703687 -0.0109371 0.173512 -0.0109371 2.23042 
-75 7 -1 -302.176 29.7355 -5.62771 0.845944 -0.228717 1.09568 -0.228717 11.2175 -34.1799 1.09568 -34.1799 113.424 
-66 -8 -1 -265.798 -33.8161 -5.02328 0.910074 0.170821 -0.0857156 0.170821 0.719233 -0.103116 -0.0857156 -0.103116 2.05641 
-81 -8 -1 -326.074 -32.5057 -4.75868 0.76115 0.837037 0.172427 0.837037 9.79888 -0.998694 0.172427 -0.998694 2.69161 
-81 -7 0 -325.74 -30.3131 -1.27196 1.13916 -0.240395 -0.151205 -0.240395 1.84832 0.226918 -0.151205 0.226918 0.380874 
-81 -7 -1 -326.277 -29.8998 -5.00303 1.10888 -0.405362 -0.0484009 -0.405362 1.11832 0.25128 -0.0484009 0.25128 3.47633 
-73 -7 0 -294.211 -29.2389 -3.6421 0.635881 -0.226047 0.691783 -0.226047 1.27746 -0.464313 0.691783 -0.464313 25.3111 
-68 -7 -1 -273.72 -29.6213 -5.77462 38.4614 37.9165 15.5832 37.9165 38.3338 16.8846 15.5832 16.8846 11.2657 
-70 7 1 -280.845 31.3175 5.23322 5.71623 -10.848 10.1342 -10.848 28.0621 -24.113 10.1342 -24.113 23.0673 
-69 -7 -1 -277.063 -28.4903 -5.43104 15.1793 8.17809 6.03015 8.17809 13.3575 2.0826 6.03015 2.0826 5.91616 
-87 12 -1 -348.834 49.0763 -5.46458 15.9461 16.7354 -88.7827 16.7354 20.405 -88.6756 -88.7827 -88.6756 1180.76 
-68 -6 -1 -274.227 -25.8232 -5.36553 0.72825 0.0705109 0.0925159 0.0705109 1.13163 0.353424 0.0925159 0.353424 2.23464 
-63 2 -1 -253.909 9.79467 -5.96844 0.776106 0.0615847 -0.338522 0.0615847 0.876508 1.10404 -0.338522 1.10404 13.2313 
-67 -6 -1 -269.948 -25.7799 -5.4089 1.07483 0.00122553 0.251738 0.00122553 0.636557 0.0710581 0.251738 0.0710581 1.95446 
-81 -6 -1 -325.746 -25.4835 -5.01422 0.878284 0.13126 -0.0539364 0.13126 1.11958 0.402659 -0.0539364 0.402659 2.21981 
-74 -5 -1 -297.961 -22.242 -5.32039 0.839341 -0.207004 -0.0821867 -0.207004 1.02418 0.387123 -0.0821867 0.387123 2.74362 
-73 -5 -1 -293.98 -22.0587 -5.40372 0.675947 -0.0140689 0.0156717 -0.0140689 0.794125 0.124343 0.0156717 0.124343 2.61155 
-82 4 -1 -330.339 18.0339 -6.38038 0.904826 -0.0922713 0.801794 -0.0922713 0.822314 -0.143226 0.801794 -0.143226 8.16953 
-71 -5 -1 -285.703 -22.1737 -5.55824 0.950161 -0.00254835 -0.164547 -0.00254835 0.884625 0.167384 -0.164547 0.167384 2.81016 
-81 1 -1 -325.751 6.22598 -5.22712 0.83755 -0.0762096 -0.346176 -0.0762096 0.864092 -0.158461 -0.346176 -0.158461 1.64884 
-65 -8 0 -261.979 -33.9196 -1.78332 0.721521 0.0100589 -0.0672672 0.0100589 0.767222 -0.0787335 -0.0672672 -0.0787335 0.241012 
-68 -5 -1 -273.744 -21.857 -5.41566 0.802335 0.0107749 -0.00977145 0.0107749 0.767125 -0.219558 -0.00977145 -0.219558 2.46536 
-79 8 0 -316.646 33.2191 -1.55022 4.70702 1.30797 -0.587566 1.30797 2.55693 -0.000347639 -0.587566 -0.000347639 1.80568 
-82 2 0 -328.835 9.77471 -3.39527 3.97073 -0.0188761 -1.25647 -0.0188761 0.99537 0.975208 -1.25647 0.975208 8.27778 
-70 7 -1 -281.959 30.1994 -5.64232 0.635031 0.190409 -0.986234 0.190409 8.15846 -21.6811 -0.986234 -21.6811 64.5107 
-78 -5 -1 -313.766 -22.1464 -5.25686 0.959643 -0.214296 0.57343 -0.214296 0.816205 0.0349182 0.57343 0.0349182 3.26192 
-80 -4 -1 -321.8 -18.129 -5.59633 0.919606 -0.10323 -0.678964 -0.10323 0.819777 0.346745 -0.678964 0.346745 4.11801 
-80 -3 -1 -322.1 -13.9251 -5.7681 0.740869 -0.00364465 -0.0433409 -0.00364465 0.692387 -0.0217781 -0.0433409 -0.0217781 6.18278 
-65 -3 -1 -260.4 -14.0036 -5.3278 99.9521 -3.11284 5.64069 -3.11284 0.903707 -0.307537 5.64069 -0.307537 2.16153 
-73 -2 -1 -295.655 -10.4858 -5.13324 166.248 -17.8714 -39.2214 -17.8714 2.88251 5.03633 -39.2214 5.03633 11.9708 
-66 2 0 -264.931 9.79474 -2.09981 2.07022 -0.315617 -0.336665 -0.315617 0.932338 -0.127871 -0.336665 -0.127871 1.12547 
-76 -2 -1 -306.67 -10.3944 -5.34284 8.84594 -0.354351 -3.65156 -0.354351 0.988569 0.358153 -3.65156 0.358153 3.86248 
-84 9 -1 -337.944 37.9585 -5.79879 2.5222 2.0761 -33.5078 2.0761 3.00292 -34.7822 -33.5078 -34.7822 606.085 
-78 9 0 -314.354 38.7089 1.91372 1.80804 0.0320781 -0.982048 0.0320781 1.80803 -0.802472 -0.982048 -0.802472 1.80086 
-66 2 -1 -266.141 10.3999 -5.95097 0.535538 0.106626 -0.0538071 0.106626 0.717677 -0.0689789 -0.0538071 -0.0689789 2.3802 
-79 -1 -1 -317.864 -5.93185 -5.61546 0.530438 0.0705622 -0.439002 0.0705622 0.699867 -0.0347624 -0.439002 -0.0347624 3.51202 
-73 -1 -1 -294.905 -6.93223 -5.17036 5.38552 6.76288 -2.07834 6.76288 10.8552 -1.63952 -2.07834 -1.63952 3.05217 
-76 -1 -1 -306.924 -5.93127 -5.27582 2.08024 -0.935916 -0.0658865 -0.935916 34.6988 -6.03694 -0.0658865 -6.03694 3.97794 
-68 10 0 -273.915 40.0878 0.0098779 0.838708 0.922076 -0.116426 0.922076 100.262 1.71681 -0.116426 1.71681 0.234163 
-74 -1 0 -296.619 -6.66695 -3.56104 8.93518 0.670585 -3.06423 0.670585 5.15483 10.5098 -3.06423 10.5098 55.0421 
-62 3 -1 -251.022 14.1673 -6.33679 2.78989 -0.358126 -8.40778 -0.358126 3.24531 43.6278 -8.40778 43.6278 773.954 
-80 0 -1 -321.931 0.517969 -5.34829 0.834487 -0.0407653 -0.121034 -0.0407653 0.207715 -0.193002 -0.121034 -0.193002 1.63784 
-80 1 -1 -322.324 6.04242 -5.11536 0.910096 0.181248 0.227256 0.181248 0.773681 0.127634 0.227256 0.127634 1.49092 
-65 7 0 -260.695 30.9745 1.12193 5.40989 1.78154 -0.843613 1.78154 3.2441 1.12774 -0.843613 1.12774 2.47598 
-64 1 -1 -257.864 5.53177 -5.2192 0.781893 0.190484 0.0384512 0.190484 1.21336 0.491882 0.0384512 0.491882 2.39715 
-86 8 -1 -345.853 33.9612 -5.96651 0.873722 0.175376 -5.16848 0.175376 1.3811 -21.3175 -5.16848 -21.3175 776.887 
-63 1 -1 -254.016 5.73872 -5.84114 0.77921 0.0446847 0.752265 0.0446847 0.801888 0.799975 0.752265 0.799975 10.1511 
-77 0 -1 -310.791 1.24291 -5.52246 1.69059 0.236898 0.531839 0.236898 0.463713 0.229735 0.531839 0.229735 1.91068 
-62 1 -1 -251.212 6.11322 -6.2035 5.15342 -0.325474 13.0241 -0.325474 0.760347 -1.98758 13.0241 -1.98758 75.1815 
-68 2 -1 -272.929 9.12603 -5.38046 91.695 83.679 2.31743 83.679 84.8636 0.709499 2.31743 0.709499 1.63405 
-67 2 -1 -269.397 10.0839 -6.27192 2.46218 -0.778781 2.78846 -0.778781 2.03165 -27.5179 2.78846 -27.5179 740.351 
-62 2 -1 -251.122 9.98038 -6.19896 3.17313 -0.031498 11.8926 -0.031498 0.832694 4.3033 11.8926 4.3033 325.209 
-68 10 -1 -275.427 41.4701 -4.09722 7.81504 3.76532 94.3599 3.76532 6.55285 87.2267 94.3599 87.2267 1818.87 
-76 2 -1 -307.139 9.88816 -6.25284 1.8259 0.668312 4.02422 0.668312 1.00984 -9.11412 4.02422 -9.11412 362.889 
-77 2 -1 -310.715 9.97986 -6.10575 0.975891 0.299009 0.776949 0.299009 2.8038 2.71025 0.776949 2.71025 8.22776 
-76 -8 -1 -307.76 -33.1357 -4.7769 1295.09 -44.412 -4.65703 -44.412 3.14699 0.929791 -4.65703 0.929791 3.13272 
-74 2 -1 -297.305 9.45887 -6.19753 4.66435 1.07836 -68.2882 1.07836 9.60843 -51.0599 -68.2882 -51.0599 1639.46 
-63 0 0 -255.621 2.51722 -3.53024 9.28546 0.40938 -1.06009 0.40938 6.72076 -0.784181 -1.06009 -0.784181 12.6572 
-77 -7 0 -309.39 -29.8686 -3.06398 2.19433 -0.135559 -2.39371 -0.135559 0.738743 0.0887487 -2.39371 0.0887487 12.7518 
-72 -7 0 -291.919 -28.616 -3.71651 1203.66 -143.365 -20.9968 -143.365 24.4436 -7.32652 -20.9968 -7.32652 49.1094 
-79 -4 -1 -317.823 -18.1018 -5.25442 0.759367 -0.0104692 -0.356556 -0.0104692 0.813679 0.16922 -0.356556 0.16922 2.96502 
-78 8 -1 -314.15 33.6922 -4.82256 0.519175 0.156248 0.692186 0.156248 1.21747 -0.886601 0.692186 -0.886601 23.9914 
-78 3 0 -315.012 13.2254 -1.83357 1.24688 0.163799 -0.0935442 0.163799 1.59766 0.199632 -0.0935442 0.199632 0.487043 
-66 9 0 -265.652 38.146 -0.404486 1.17956 0.622355 -0.433761 0.622355 2.19934 -0.966643 -0.433761 -0.966643 0.602405 
-67 4 -1 -269.018 17.9494 -6.59093 0.846756 0.42723 -3.40969 0.42723 19.5425 42.1277 -3.40969 42.1277 807.941 
-87 7 -1 -349.01 29.9276 -6.19838 3.5465 0.981991 -12.9405 0.981991 6.29628 -69.312 -12.9405 -69.312 890.581 
-62 9 0 -251.017 39.1772 0.160165 3.1969 1.53257 -0.0772791 1.53257 96.7877 -1.79564 -0.0772791 -1.79564 0.241674 
-82 7 -1 -330.039 29.8842 -6.08629 1.86869 2.39537 -28.4749 2.39537 5.64489 -58.4457 -28.4749 -58.4457 698.067 
-67 -7 1 -269.484 -28.209 5.94838 0.875279 -0.914643 -0.422459 -0.914643 46.8036 5.16678 -0.422459 5.16678 1.77014 
-87 11 -1 -348.798 45.716 -5.51037 3.38296 0.136794 -1.90785 0.136794 0.583454 -0.211901 -1.90785 -0.211901 18.5301 
-67 7 -1 -270.276 29.6749 -5.41349 0.784651 -0.0402285 -0.472591 -0.0402285 3.8525 -8.75072 -0.472591 -8.75072 25.7163 
-80 -7 1 -322.313 -29.8767 4.72761 243.105 -0.190559 -9.31801 -0.190559 0.786985 -0.211151 -9.31801 -0.211151 5.39735 
-80 7 -1 -321.963 29.8468 -5.79818 0.986771 1.74783 -12.1236 1.74783 14.1343 -91.6169 -12.1236 -91.6169 623.051 
-68 -9 -1 -272.119 -38.3556 -4.86096 2092.2 -342.436 16.9189 -342.436 59.1359 -2.42415 16.9189 -2.42415 3.28872 
-79 7 -1 -318.074 29.9264 -5.68706 1.81739 4.41845 -26.4236 4.41845 19.3402 -109.305 -26.4236 -109.305 643.277 
-66 7 -1 -265.749 29.8122 -5.31193 0.870282 1.64209 -3.88827 1.64209 93.762 -210.351 -3.88827 -210.351 477.3 
-84 11 -1 -338.437 46.0077 -5.54316 0.843147 -0.337932 -3.33503 -0.337932 2.00599 -18.7964 -3.33503 -18.7964 579.065 
-82 -6 -1 -330.142 -25.7303 -4.81411 1.16648 -0.53726 0.214029 -0.53726 1.07958 -0.0804375 0.214029 -0.0804375 2.77808 
-80 -6 0 -322.7 -25.7817 -0.855967 4.86044 -0.0204447 -0.722403 -0.0204447 0.86432 0.0565168 -0.722403 0.0565168 0.293376 
-63 -7 1 -255.288 -30.0311 4.6875 7.61733 -2.99118 2.49894 -2.99118 5.18401 -1.54093 2.49894 -1.54093 4.74002 
-63 7 -1 -254.038 29.7465 -5.39258 0.897336 -1.87127 5.23527 -1.87127 53.9112 -158.954 5.23527 -158.954 476.315 
-71 7 -1 -285.888 30.3505 -5.54351 0.801193 -0.992845 2.56809 -0.992845 22.0237 -57.071 2.56809 -57.071 153.915 
-77 11 -1 -311.155 46.339 -4.27044 664.951 358.274 -803.982 358.274 321.224 -299.943 -803.982 -299.943 1137.01 
-87 8 -1 -348.984 34.1591 -5.99401 3.46257 0.24495 -7.74418 0.24495 2.48823 -37.5734 -7.74418 -37.5734 882.683 
-85 8 -1 -342.033 33.6831 -5.93187 0.56953 -0.00316555 -0.166158 -0.00316555 0.99924 -0.890635 -0.166158 -0.890635 15.2588 
-84 8 -1 -337.818 33.7999 -5.94818 0.873263 0.123656 1.34862 0.123656 0.775425 0.36159 1.34862 0.36159 13.985 
-85 9 -1 -341.964 37.9737 -5.61248 0.92413 0.310177 0.338381 0.310177 1.02206 -0.174614 0.338381 -0.174614 3.99979 
-69 0 1 -277.914 -1.34357 6.04902 1.14548 17.903 -0.50486 17.903 610.428 -13.3011 -0.50486 -13.3011 2.41616 
-72 -6 1 -289.533 -24.502 4.89687 24.0221 -11.9731 -2.8534 -11.9731 59.9431 4.76736 -2.8534 4.76736 2.65102 
-64 -1 -1 -257.843 -6.11225 -6.47199 0.678872 0.0076716 -0.212226 0.0076716 0.873443 0.977491 -0.212226 0.977491 19.1494 
-65 -7 0 -261.875 -30.7903 0.774846 0.993832 -0.320855 -0.220655 -0.320855 1.13938 -0.0976886 -0.220655 -0.0976886 0.219311 
-68 -10 -1 -272.587 -41.3478 -5.06592 961.718 -173.205 22.9074 -173.205 33.6415 -6.65946 22.9074 -6.65946 6.86398 
-71 -7 0 -285.657 -29.5015 -2.92589 700.716 -114.94 -15.8337 -114.94 20.8496 5.91731 -15.8337 5.91731 9.83733 
-79 2 -1 -318.39 10.1092 -5.67728 1.22015 0.239735 1.01266 0.239735 0.908017 -0.242083 1.01266 -0.242083 3.11805 
-64 2 -1 -257.388 9.56325 -6.02199 0.917899 -0.0262261 -2.31575 -0.0262261 0.873889 1.64003 -2.31575 1.64003 83.0981 
-77 -10 -1 -309.775 -42.1935 -4.77057 1.34435 -0.412947 0.697551 -0.412947 1.39805 1.73987 0.697551 1.73987 9.82212 
-80 -7 -1 -322.947 -30.1003 -4.90458 4.57818 -1.40086 0.13095 -1.40086 1.26244 0.338502 0.13095 0.338502 3.27428 
-77 7 -1 -310.036 29.879 -5.61473 0.935556 -1.09285 3.05131 -1.09285 6.36355 -19.5991 3.05131 -19.5991 67.1116 
-73 -7 -1 -293.406 -29.5501 -5.24197 0.60985 -0.25109 0.329101 -0.25109 1.59565 -0.00459719 0.329101 -0.00459719 3.04012 
-72 -7 -1 -291.952 -28.7448 -4.73849 3850.63 -375.741 43.2106 -375.741 46.5167 -6.92619 43.2106 -6.92619 5.60816 
-67 -5 0 -269.274 -22.3225 -2.89016 1.47889 -0.441815 -0.350705 -0.441815 0.965918 0.333433 -0.350705 0.333433 2.02952 
-77 -5 0 -309.961 -21.8644 -2.24959 0.987183 0.106787 -0.245668 0.106787 0.857601 -0.340804 -0.245668 -0.340804 0.679596 
-76 -6 -1 -307.589 -25.7633 -5.05225 101.08 0.469178 -3.50745 0.469178 0.699264 -0.138471 -3.50745 -0.138471 3.24117 
-80 -6 -1 -322.97 -25.5888 -4.92995 2.48197 0.191805 -0.0687705 0.191805 0.821871 0.323677 -0.0687705 0.323677 2.84847 
-87 10 -1 -348.886 42.8995 -5.06052 3.13219 -0.2995 -0.230648 -0.2995 0.853034 -0.964762 -0.230648 -0.964762 3.3085 
-82 8 -1 -330.13 33.8827 -5.79489 1.33942 1.03115 -18.688 1.03115 2.07348 -28.3511 -18.688 -28.3511 593.689 
-86 10 -1 -346.031 40.9962 -5.68815 0.970571 -0.695881 0.196224 -0.695881 1.75314 -0.12331 0.196224 -0.12331 29.6369 
-75 -4 0 -302.342 -17.2339 -0.894796 0.793214 -0.654746 -0.00795097 -0.654746 2.03885 -0.0219792 -0.00795097 -0.0219792 0.255891 
-82 5 -1 -329.98 21.8206 -6.52153 0.869314 0.0425451 0.0991977 0.0425451 0.770625 1.00648 0.0991977 1.00648 18.5223 
-70 -4 -1 -282.052 -17.9264 -5.64543 0.955662 -0.0853564 0.0475293 -0.0853564 0.88695 -0.0768678 0.0475293 -0.0768678 2.44853 
-84 10 -1 -338.813 41.3629 -5.70352 1.83548 0.521102 -14.5696 0.521102 1.50494 -22.4115 -14.5696 -22.4115 915.969 
-67 8 -1 -269.07 34.0358 -4.26961 11.4349 -4.02033 -4.43437 -4.02033 2.93827 -3.62369 -4.43437 -3.62369 36.1097 
-70 8 -1 -282.115 32.8495 -4.82447 1.10923 1.41274 -2.90949 1.41274 5.724 -19.3439 -2.90949 -19.3439 94.2568 
-74 10 -1 -297.423 42.6511 -4.08735 1.01639 4.50468 -11.1029 4.50468 664.404 87.9644 -11.1029 87.9644 494.154 
-66 0 0 -265.805 -1.85005 0.440308 1.07505 8.22172 -0.0995314 8.22172 247.885 -4.45968 -0.0995314 -4.45968 0.332806 
-66 -12 -1 -265.384 -49.6514 -6.33148 68.877 71.9458 219.227 71.9458 110.504 19.0597 219.227 19.0597 2323.84 
-81 8 -1 -325.87 33.9176 -5.54929 4.93284 3.23742 -54.0663 3.23742 3.36223 -42.2634 -54.0663 -42.2634 711.675 
-86 9 -1 -346.473 37.8133 -5.83042 0.831275 -0.123889 5.97598 -0.123889 1.17354 -17.8882 5.97598 -17.8882 714.897 
-64 -9 1 -258.13 -38.5729 4.31155 1.04005 0.163157 -0.949868 0.163157 0.954541 -1.65922 -0.949868 -1.65922 11.3127 
-64 9 -1 -257.664 37.6175 -4.27909 39.2296 -25.9372 0.538111 -25.9372 17.8434 -2.80352 0.538111 -2.80352 19.053 
-75 -4 -1 -302.006 -17.9188 -5.50902 0.70715 -0.0739489 0.0119821 -0.0739489 0.77296 -0.16511 0.0119821 -0.16511 2.41247 
-81 9 -1 -326.317 36.9372 -5.48606 3.80698 -0.776509 -36.9167 -0.776509 0.972436 4.74516 -36.9167 4.74516 449.084 
-85 10 -1 -342.343 42.0401 -5.74391 0.840764 0.534918 -7.00567 0.534918 1.23237 -12.5229 -7.00567 -12.5229 459.199 
-73 6 -1 -294.961 26.317 -6.45158 6.00957 -1.97208 8.01733 -1.97208 1.08086 0.0875444 8.01733 0.0875444 367.859 
-79 -2 -1 -317.813 -10.0378 -5.54375 0.682724 0.0292473 -0.373304 0.0292473 0.857125 -0.0403238 -0.373304 -0.0403238 3.79843 
-83 10 -1 -334.403 43.07 -5.59555 3.96051 2.25671 -29.8304 2.25671 2.37466 -21.0483 -29.8304 -21.0483 650.955 
-71 -9 0 -285.679 -38.4303 -1.55758 2.29728 -0.719703 -0.383347 -0.719703 1.10697 -0.192492 -0.383347 -0.192492 2.15841 
-85 11 -1 -342.092 45.9264 -5.60768 1.3006 0.277661 -18.1978 0.277661 1.33715 -17.0638 -18.1978 -17.0638 699.406 
-68 -10 0 -272.486 -40.5739 -2.95139 456.735 -71.2323 13.2061 -71.2323 18.5572 -3.42116 13.2061 -3.42116 1.11587 
-78 -1 1 -315.918 -6.00142 6.38795 717.081 -17.312 -4.49972 -17.312 1.1367 0.143748 -4.49972 0.143748 2.27928 
-78 1 -1 -314.003 6.04704 -5.42317 0.789043 -0.206802 0.0588369 -0.206802 1.07567 0.178974 0.0588369 0.178974 1.97688 
-78 -2 -1 -315.186 -9.72618 -4.69885 1.92376 1.0879 -1.88408 1.0879 1.00114 -0.314645 -1.88408 -0.314645 9.42058 
-70 -6 1 -281.89 -25.9124 6.16506 0.813003 1.56723 -0.0236489 1.56723 10.2693 1.10937 -0.0236489 1.10937 0.77733 
-69 0 0 -277.864 -1.41995 1.26178 0.967282 10.4511 0.0396288 10.4511 282.579 -1.63689 0.0396288 -1.63689 0.326248 
-67 -7 0 -269.569 -30.3256 -2.89898 1.28047 0.149613 -0.261195 0.149613 0.751036 -0.288456 -0.261195 -0.288456 0.808713 
-64 10 -1 -258.149 41.0941 -4.28987 0.826728 0.0359951 0.699822 0.0359951 21.7632 13.3191 0.699822 13.3191 35.3716 
-62 10 -1 -251.015 40.6837 -4.23327 4.2326 1.29296 6.64815 1.29296 17.2865 20.2447 6.64815 20.2447 50.3995 
-77 -1 -1 -308.977 -6.40849 -5.28835 7.94699 -4.22635 2.1239 -4.22635 4.26813 -1.55873 2.1239 -1.55873 2.65607 
-76 -5 1 -305.775 -20.9972 6.36543 1.57248 1.68368 0.0445893 1.68368 11.1045 -2.04184 0.0445893 -2.04184 1.14625 
-85 5 -1 -341.999 22.0713 -6.62247 0.836986 -0.106425 3.05412 -0.106425 0.715315 1.37569 3.05412 1.37569 595.169 
-76 5 -1 -306.187 22.6937 -6.47722 1.05934 -0.669839 -1.5231 -0.669839 4.79978 5.75147 -1.5231 5.75147 23.9178 
-63 -10 -1 -254.013 -41.5646 -6.14672 1.28608 0.356541 -0.035602 0.356541 1.8098 -0.913841 -0.035602 -0.913841 1.54772 
-79 8 -1 -318.236 33.6637 -5.08857 3.63282 4.5942 -44.5815 4.5942 8.49994 -70.9587 -44.5815 -70.9587 678.852 
-73 -4 -1 -294.145 -17.9028 -5.73253 0.880783 -0.0427572 0.117466 -0.0427572 0.942099 -0.218507 0.117466 -0.218507 2.9143 
-77 8 -1 -310.2 33.7328 -4.76943 0.922337 1.4112 -10.3883 1.4112 5.30261 -39.3694 -10.3883 -39.3694 355.025 
-80 -9 1 -322.468 -37.674 4.96782 513.56 -15.4453 1.12898 -15.4453 1.1838 -0.1077 1.12898 -0.1077 3.20848 
-80 9 -1 -322.217 36.3935 -5.20528 7.51048 3.80575 -68.9592 3.80575 13.0473 -29.5986 -68.9592 -29.5986 743.779 
-81 11 -1 -326.537 45.595 -5.38076 3.40103 0.984436 -42.3893 0.984436 1.49909 -13.4787 -42.3893 -13.4787 664.78 
-82 11 -1 -329.071 46.6115 -5.46136 2.36616 0.303032 -15.3914 0.303032 2.75946 -41.7904 -15.3914 -41.7904 1751.49 
-82 0 -1 -329.808 -0.246599 -5.98512 0.837755 0.101659 -0.40238 0.101659 0.206594 0.00491067 -0.40238 0.00491067 1.70174 
-81 3 -1 -326.618 13.1552 -5.5088 1.26731 0.359873 0.700631 0.359873 1.40293 1.04761 0.700631 1.04761 2.46177 
-71 -4 0 -285.954 -17.2854 -0.679435 0.776866 0.460205 0.0429845 0.460205 10.1918 0.693616 0.0429845 0.693616 0.25368 
-67 -4 0 -269.897 -17.9256 -1.24825 0.967225 0.497758 0.0866094 0.497758 2.63123 0.0929044 0.0866094 0.0929044 0.245579 
-76 8 -1 -305.958 34.1477 -4.5143 1.08379 0.589108 -1.93243 0.589108 1.75416 -5.65155 -1.93243 -5.65155 32.0219 
-75 8 -1 -301.861 33.3519 -4.66563 1.07584 -0.26587 1.83368 -0.26587 9.93783 -79.905 1.83368 -79.905 692.591 
-74 8 -1 -298.622 32.8623 -4.69499 0.653585 -0.843478 6.01775 -0.843478 11.2201 -77.4959 6.01775 -77.4959 574.334 
-62 8 -1 -251.114 32.513 -4.79179 3.23735 0.543173 -48.6884 0.543173 9.30785 -46.3828 -48.6884 -46.3828 1977.15 
-80 -11 1 -322.562 -45.4726 4.72191 451.048 -12.5432 -4.45556 -12.5432 0.859087 -0.256307 -4.45556 -0.256307 2.96906 
-80 11 -1 -321.496 44.9432 -5.12533 1.36479 5.97543 -9.65677 5.97543 66.708 31.8787 -9.65677 31.8787 342.022 
-78 -2 1 -315.962 -9.80218 6.29701 771.968 -2.8944 -4.49519 -2.8944 0.885179 -0.178741 -4.49519 -0.178741 1.17221 
-87 6 -1 -349.045 26.1552 -6.48239 3.21635 0.379108 -4.41574 0.379108 2.56184 -35.0114 -4.41574 -35.0114 642.446 
-66 -7 0 -266.057 -30.9012 -1.76521 0.778478 -0.0688901 -0.103303 -0.0688901 1.63292 -0.295447 -0.103303 -0.295447 0.228641 
-65 8 -1 -261.036 34.4424 -4.37399 2.25769 0.589922 2.3069 0.589922 1.09666 -0.0481084 2.3069 -0.0481084 19.7487 
-66 8 -1 -266.455 34.7561 -4.32602 1.66767 8.32895 -11.3144 8.32895 195.761 -362.053 -11.3144 -362.053 715.843 
-77 9 -1 -310.797 36.3109 -4.62159 1.05619 3.27049 -11.4418 3.27049 25.938 -11.2893 -11.4418 -11.2893 321.808 
-75 -5 -1 -302.011 -21.9921 -5.31359 0.769815 0.180062 0.0586168 0.180062 0.80906 0.295628 0.0586168 0.295628 2.55615 
-62 -9 -1 -251.154 -37.8824 -5.58312 3.9949 -0.26458 1.24958 -0.26458 1.01852 -0.241463 1.24958 -0.241463 1.12179 
-76 9 -1 -305.907 37.0261 -4.38938 1.84473 -0.508379 -10.584 -0.508379 2.55193 -7.2163 -10.584 -7.2163 185.242 
-65 -9 1 -261.478 -38.4365 4.61983 5.21992 1.56693 1.03088 1.56693 1.23066 0.850356 1.03088 0.850356 10.5371 
-64 -8 0 -258.619 -33.7777 0.339537 1.12573 -0.0896216 -0.398103 -0.0896216 0.812591 0.0487613 -0.398103 0.0487613 0.442372 
-65 9 -1 -260.578 37.8084 -4.32536 832.051 -27.0171 -122.967 -27.0171 1.80158 2.69515 -122.967 2.69515 42.6456 
-75 10 0 -302.137 41.2443 -1.39342 0.914733 -0.110372 -0.00353998 -0.110372 2.896 0.410481 -0.00353998 0.410481 0.269529 
-83 -6 0 -334.251 -25.6744 -2.41883 1.43576 1.01106 0.0748433 1.01106 1.51634 0.0309051 0.0748433 0.0309051 1.0134 
-82 2 -1 -329.834 9.93585 -5.79048 0.946174 -0.0686247 -0.590451 -0.0686247 0.705149 0.0394888 -0.590451 0.0394888 1.60208 
-63 9 -1 -253.01 38.1201 -4.25634 2.86159 2.03838 6.74807 2.03838 2.8511 -0.195593 6.74807 -0.195593 55.9545 
-62 -6 -1 -251.001 -25.9957 -6.72021 3.05104 0.0200338 8.50114 0.0200338 0.755953 2.48911 8.50114 2.48911 747.52 
-83 -3 -1 -333.957 -13.975 -6.8545 3.3675 0.0604724 -41.1046 0.0604724 0.688085 -1.73209 -41.1046 -1.73209 631.792 
-69 9 -1 -276.839 38.5157 -4.26967 316.503 24.2812 249.215 24.2812 4.37245 26.7155 249.215 26.7155 269.458 
-67 8 1 -271.032 34.5581 4.41474 3.85151 0.658807 -3.76684 0.658807 0.948657 -2.42609 -3.76684 -2.42609 17.3469 
-65 10 -1 -260.455 40.8492 -4.35259 191.043 -46.8533 -11.8186 -46.8533 18.5472 4.4026 -11.8186 4.4026 25.2372 
-85 -5 -1 -341.27 -21.6064 -6.22646 0.979602 -0.144219 -0.225855 -0.144219 0.788777 -0.250608 -0.225855 -0.250608 1.51268 
-63 10 -1 -254.158 40.9099 -4.28114 0.774628 -0.687681 -0.113012 -0.687681 24.2484 26.8726 -0.113012 26.8726 59.6622 
-69 10 -1 -277.89 41.7594 -4.26883 2.52992 -3.84834 -11.5496 -3.84834 10.1979 22.7155 -11.5496 22.7155 100.135 
-64 -6 -1 -258.152 -26.1203 -6.46888 0.860677 -0.00920312 1.43678 -0.00920312 0.796485 0.696817 1.43678 0.696817 12.7551 
-76 9 1 -305.806 38.0353 5.43918 4.59829 -0.087891 -1.52805 -0.087891 1.44873 0.0242104 -1.52805 0.0242104 1.57583 
-86 -6 -1 -345.772 -26.3273 -6.78714 0.915634 -0.596533 0.152361 -0.596533 1.65038 -0.666808 0.152361 -0.666808 4.42589 
-64 -9 0 -257.845 -37.6304 1.17152 0.869875 0.0218597 -0.0949766 0.0218597 0.887122 0.197482 -0.0949766 0.197482 0.407159 
-73 -5 0 -294.107 -23.451 -0.729726 2.67983 11.5663 -0.519602 11.5663 69.9121 -3.02727 -0.519602 -3.02727 0.353904 
-75 10 -1 -302.067 42.75 -4.10771 0.740598 3.55479 5.19661 3.55479 159.656 101.208 5.19661 101.208 416.697 
-67 -9 0 -270.532 -37.4058 -2.32877 0.694412 0.0446064 0.177596 0.0446064 1.34451 -0.331796 0.177596 -0.331796 0.531194 
-67 -4 -1 -269.599 -17.9744 -5.5181 0.940339 -0.11387 -0.325003 -0.11387 0.969666 0.0118166 -0.325003 0.0118166 1.70247 
-87 -7 -1 -348.894 -29.9913 -7.28388 2.54849 -0.397924 0.22325 -0.397924 0.782826 -0.130281 0.22325 -0.130281 5.61526 
-66 -9 0 -265.926 -37.6406 -0.487529 1.10072 0.408143 -0.281761 0.408143 1.07454 -0.0756626 -0.281761 -0.0756626 0.294749 
-62 -9 0 -251.197 -37.2995 -2.53941 4.87957 -1.35178 0.829886 -1.35178 1.63303 -0.429115 0.829886 -0.429115 1.57515 
-63 6 0 -254.584 27.3757 -0.540433 1.5158 -0.753675 0.169419 -0.753675 5.90961 -0.182741 0.169419 -0.182741 0.719791 
-79 -3 -1 -317.715 -13.6631 -5.34713 0.575316 0.00399161 -0.675408 0.00399161 0.756596 0.149266 -0.675408 0.149266 3.99129 
-65 -9 0 -261.909 -37.8002 0.579258 0.925517 -0.0245907 -0.056827 -0.0245907 0.799548 0.112808 -0.056827 0.112808 0.372201 
-84 -6 0 -336.653 -24.7773 -2.59826 5.38076 0.823714 -1.08508 0.823714 2.69255 -0.539993 -1.08508 -0.539993 1.37333 
-67 -8 0 -270.181 -34.0319 -1.89521 0.668724 -0.149327 0.0760422 -0.149327 0.930674 0.169794 0.0760422 0.169794 0.372365 
-62 -8 0 -251.009 -35.511 -1.69969 5.27074 1.72921 0.99282 1.72921 8.01532 -1.2085 0.99282 -1.2085 1.06051 
-66 -8 0 -265.987 -33.8632 -1.84453 0.717151 0.0147308 0.0154887 0.0147308 0.853342 0.11121 0.0154887 0.11121 0.236466 
-77 -3 -1 -309.052 -13.8101 -5.29036 7.74117 -0.82616 1.56356 -0.82616 0.854728 -0.134598 1.56356 -0.134598 2.45114 
-76 -8 0 -307.756 -33.2882 -3.18821 1625.98 -66.4126 -45.0579 -66.4126 5.29033 -0.328613 -45.0579 -0.328613 7.86629 
-67 -6 1 -269.773 -27.2553 6.2486 0.543938 -0.0935585 -0.194284 -0.0935585 3.55486 -1.02744 -0.194284 -1.02744 1.33106 
-82 -8 0 -331.112 -33.6698 -2.4341 16.7516 9.38411 -2.72158 9.38411 13.5632 -1.16017 -2.72158 -1.16017 1.21608 
-78 -4 0 -314.001 -17.856 -2.46186 0.927835 -0.118541 0.369082 -0.118541 0.639475 -0.0964235 0.369082 -0.0964235 0.923708 
-79 10 -1 -317.141 41.6676 -4.69601 4.23612 1.08447 -11.857 1.08447 2.23491 -1.13899 -11.857 -1.13899 59.4033 
-83 -7 0 -332.714 -28.4231 -2.35671 3.94023 1.43269 -0.950376 1.43269 7.46132 -1.09579 -0.950376 -1.09579 1.08477 
-80 -1 -1 -322.251 -5.97405 -5.65904 0.874048 0.0614362 0.682704 0.0614362 0.75071 0.261418 0.682704 0.261418 5.06851 
-82 -7 0 -331.12 -28.598 -2.81398 2.9619 0.0797447 0.485088 0.0797447 4.32833 -0.781525 0.485088 -0.781525 1.0368 
-81 -6 0 -325.485 -25.6035 -2.64382 1.15876 -0.0553786 -0.328518 -0.0553786 0.930607 0.0241593 -0.328518 0.0241593 1.38709 
-72 -6 0 -289.721 -24.5687 -1.65397 0.99114 -0.302139 -0.173344 -0.302139 1.59928 -0.213673 -0.173344 -0.213673 0.330584 
-73 -6 0 -293.788 -25.6247 -3.51379 1.26305 0.0877935 -1.97775 0.0877935 0.865181 -0.852709 -1.97775 -0.852709 14.5655 
