-62 -38 3 -251.016 -155.441 12.9699 470.962 869.898 -823.519 869.898 1646.17 -1570.94 -823.519 -1570.94 1516.78 
-69 -39 3 -278.207 -158.174 12.6823 10.0263 0.665588 -6.92553 0.665588 1.16435 -0.621038 -6.92553 -0.621038 13.8317 
-64 -38 2 -257.967 -152.817 10.9318 43.275 29.555 -77.7016 29.555 20.6272 -52.783 -77.7016 -52.783 148.768 
-67 -38 2 -268.969 -154.965 10.967 23.1233 15.5897 3.41007 15.5897 89.7528 -43.0497 3.41007 -43.0497 28.5936 
-69 -38 2 -278.357 -152.431 10.522 67.7333 99.3535 -5.77338 99.3535 152.492 -8.74998 -5.77338 -8.74998 1.28644 
-69 -37 2 -279.235 -150.758 9.07603 28.1541 -13.2321 -10.628 -13.2321 8.81389 4.58142 -10.628 4.58142 5.86054 
-65 -37 2 -262.33 -150.908 9.42052 5.16643 7.68107 -3.7452 7.68107 20.6684 -10.5298 -3.7452 -10.5298 7.00313 
-65 -38 2 -262.617 -153.342 9.68977 6.07854 -9.90476 -0.827771 -9.90476 19.9295 1.87747 -0.827771 1.87747 1.06136 
-68 -38 2 -274.255 -154.036 9.8557 5.46623 1.66932 -1.35758 1.66932 2.15145 1.05976 -1.35758 1.05976 2.19075 
-71 -38 2 -285.236 -153.697 9.4948 1.18678 1.05587 0.282852 1.05587 3.23429 1.23028 0.282852 1.23028 1.48048 
-65 -39 2 -263.778 -156.869 9.54536 38.6462 -41.1011 -16.1138 -41.1011 78.435 31.1551 -16.1138 31.1551 13.3445 
-63 -39 2 -253.937 -156.949 10.2538 2.13268 14.3111 -6.93948 14.3111 137.89 -64.901 -6.93948 -64.901 31.2349 
-67 -39 2 -268.62 -158.065 9.53972 22.3816 -4.41477 8.14799 -4.41477 3.45032 -1.96093 8.14799 -1.96093 4.48514 
-68 -40 2 -275.32 -160.695 9.7772 80.698 -120.288 -84.6232 -120.288 185.932 126.767 -84.6232 126.767 89.8161 
-69 -39 2 -277.657 -158.579 10.1744 1.1691 -0.45242 0.225941 -0.45242 3.10795 -1.07107 0.225941 -1.07107 1.11431 
-76 -37 1 -305.105 -151.393 5.96786 17.3311 -9.76192 -1.54168 -9.76192 16.5286 -0.316705 -1.54168 -0.316705 1.35885 
-71 -38 0 -285.152 -153.481 2.71701 1.23389 -0.110856 0.332983 -0.110856 0.481432 -0.0234305 0.332983 -0.0234305 1.37707 
-66 -40 2 -265.683 -160.099 9.65426 10.5831 -66.8131 1.14399 -66.8131 506.122 -7.01119 1.14399 -7.01119 1.00875 
-67 -39 0 -269.232 -158.697 2.01949 0.7817 -1.11067 0.0204063 -1.11067 4.45373 0.690535 0.0204063 0.690535 0.911292 
-65 -37 1 -260.728 -150.569 5.57235 11.1276 -10.1365 1.12763 -10.1365 13.8121 0.511627 1.12763 0.511627 1.32181 
-70 -40 0 -282.06 -162.561 2.97635 2.54206 -0.320896 -0.936724 -0.320896 0.63926 -0.370794 -0.936724 -0.370794 3.95889 
-66 -39 0 -266.576 -158.524 2.25341 0.840847 0.527102 -0.104344 0.527102 1.77758 -0.151825 -0.104344 -0.151825 0.75051 
-66 -40 0 -266.223 -161.216 2.87169 4.43745 -7.34553 1.0953 -7.34553 16.0751 -3.10978 1.0953 -3.10978 1.32574 
-67 -38 0 -269.313 -154.062 1.17452 22.464 -12.0431 4.29865 -12.0431 12.5849 -2.67881 4.29865 -2.67881 1.35988 
-70 -37 0 -281.528 -150.907 0.38319 1.04057 -0.76095 0.0754869 -0.76095 4.49215 0.364737 0.0754869 0.364737 0.216175 
-66 -38 1 -266.017 -153.139 4.55483 0.725508 -0.377102 1.37866 -0.377102 1.72827 -2.33726 1.37866 -2.33726 11.4532 
-64 -37 1 -258.353 -150.575 6.06331 0.916099 -1.5061 -0.0574938 -1.5061 7.40972 0.283045 -0.0574938 0.283045 0.531261 
-68 -39 1 -274.665 -158.429 5.67251 1.35932 0.417069 0.0563761 0.417069 0.856542 -0.0364717 0.0563761 -0.0364717 0.678073 
-70 -38 2 -283.818 -153.128 8.27772 47.3046 -0.28722 -15.5365 -0.28722 7.58972 -6.92774 -15.5365 -6.92774 39.5938 
-75 -37 0 -302.917 -151.415 -2.09889 12.385 7.17269 -3.96565 7.17269 35.8646 40.6161 -3.96565 40.6161 67.1536 
-74 -37 1 -298.129 -151.194 6.36306 1.64919 0.665935 1.11592 0.665935 2.40527 0.517056 1.11592 0.517056 1.79659 
-64 -41 0 -257.659 -165.565 -2.38305 4.42184 2.04675 0.31569 2.04675 3.35923 0.451487 0.31569 0.451487 0.927114 
-68 -38 0 -274.532 -152.665 1.62297 1.3531 -0.195771 -0.133046 -0.195771 3.47234 0.0498662 -0.133046 0.0498662 0.288474 
-70 -38 0 -282.019 -153.117 1.38421 0.914862 0.884558 0.313148 0.884558 1.73786 0.44069 0.313148 0.44069 0.337501 
-62 -40 0 -251.273 -161.815 -1.85305 2.8307 -0.109067 0.203917 -0.109067 0.856117 0.173717 0.203917 0.173717 0.213847 
-64 -38 0 -257.93 -153.7 -1.7269 0.620479 -0.19313 0.0961833 -0.19313 0.789021 0.126483 0.0961833 0.126483 0.23227 
-64 -38 -1 -256.922 -153.609 -4.15012 23.6622 5.94574 88.1167 5.94574 2.03479 20.1729 88.1167 20.1729 434.561 
-68 -39 0 -274.127 -158.281 2.35029 0.852567 0.0632309 0.00476494 0.0632309 1.09478 0.252279 0.00476494 0.252279 1.08203 
-71 -37 0 -285.401 -151.137 1.49795 1.25758 0.483667 0.0658408 0.483667 4.48699 -0.00705782 0.0658408 -0.00705782 0.22034 
-64 -37 0 -257.461 -150.723 -1.06287 0.832968 -0.213001 -0.0364992 -0.213001 3.24594 -0.148776 -0.0364992 -0.148776 0.201504 
-62 -39 -1 -251.085 -156.443 -4.06425 4.40528 -4.82938 30.0393 -4.82938 16.4453 -25.861 30.0393 -25.861 570.182 
-62 -37 0 -251.029 -150.215 -0.0287882 14.4268 -38.5754 -21.7393 -38.5754 176.408 131.378 -21.7393 131.378 237.081 
-74 -38 0 -298.76 -152.316 3.27319 25.5077 36.626 -5.80692 36.626 78.9595 -7.752 -5.80692 -7.752 4.09008 
-69 -37 0 -277.833 -150.826 1.46915 1.12172 1.06149 0.0258101 1.06149 3.80035 -0.310553 0.0258101 -0.310553 0.292756 
-64 -39 1 -258.398 -158.534 6.38219 2.29347 -5.82478 0.97559 -5.82478 18.9181 -2.13741 0.97559 -2.13741 1.25165 
-62 -38 -1 -250.977 -154.983 -4.29032 3.0648 1.06872 3.16467 1.06872 6.90339 34.5089 3.16467 34.5089 244.449 
-71 -37 2 -285.72 -150.971 9.30671 3.322 0.214981 1.97771 0.214981 5.78015 -1.90261 1.97771 -1.90261 3.30968 
-64 -39 2 -258.221 -158.047 9.17267 2.95169 -1.8859 -1.4237 -1.8859 2.14676 0.567777 -1.4237 0.567777 2.24393 
-68 -37 1 -275.12 -150.532 5.85346 1.51179 -0.935292 0.457783 -0.935292 7.12415 -0.458384 0.457783 -0.458384 1.23954 
-69 -38 0 -277.106 -153.057 0.261731 1.19813 -0.546548 0.0267083 -0.546548 2.3664 0.171111 0.0267083 0.171111 0.191271 
-72 -38 1 -288.501 -152.751 7.02739 81.6068 252.372 -65.9593 252.372 910.238 -207.826 -65.9593 -207.826 66.1789 
-63 -39 0 -253.301 -158.694 -2.03055 1.38025 -0.00325768 -0.072632 -0.00325768 0.925829 0.0970727 -0.072632 0.0970727 0.270326 
-70 -40 1 -282.75 -163.132 5.01468 4.2509 4.44961 0.450222 4.44961 22.429 7.91497 0.450222 7.91497 6.76627 
-62 -39 3 -250.88 -156.644 12.5236 45.5566 45.3257 8.4074 45.3257 52.6724 22.5989 8.4074 22.5989 38.1775 
-64 -40 0 -257.622 -162.743 -0.869887 4.14284 1.84775 -0.823877 1.84775 1.29029 -0.261216 -0.823877 -0.261216 0.383189 
-68 -37 0 -274.557 -151.273 1.46497 0.818997 -0.814492 0.0644669 -0.814492 3.18552 0.0639795 0.0644669 0.0639795 0.24985 
-62 -39 2 -251.121 -158.211 9.78372 6.31687 -2.23068 1.86837 -2.23068 1.67219 -0.896921 1.86837 -0.896921 1.24175 
-68 -40 0 -273.708 -160.304 2.60963 5.00215 -6.56714 -1.21907 -6.56714 25.7515 1.27939 -1.21907 1.27939 0.572117 
-65 -39 0 -261.036 -158.37 0.777934 0.751523 0.111289 0.0428192 0.111289 1.36637 0.158837 0.0428192 0.158837 0.208102 
-63 -38 -1 -254.012 -154.847 -4.14709 1.31282 0.570253 7.98569 0.570253 1.21746 -3.41272 7.98569 -3.41272 492.461 
-64 -39 0 -258.933 -157.704 0.698277 1.52392 0.0269589 0.00939973 0.0269589 2.85793 0.654418 0.00939973 0.654418 0.331869 
-65 -38 0 -263.076 -153.118 0.705251 2.1691 0.170836 -0.0367937 0.170836 1.07938 -0.109665 -0.0367937 -0.109665 0.222847 
-63 -38 0 -255.458 -153.373 -2.83028 5.85979 0.782998 0.544095 0.782998 0.649877 0.0141926 0.544095 0.0141926 0.564485 
-65 -37 0 -262.287 -150.917 1.01541 0.772951 -0.477446 0.0513592 -0.477446 4.14558 0.181532 0.0513592 0.181532 0.367545 
-76 -37 0 -304.894 -151.201 0.222241 4.32302 -6.03162 -0.173302 -6.03162 14.3862 0.139694 -0.173302 0.139694 0.210939 
-63 -37 0 -255.239 -150.688 -0.844091 3.98655 0.215251 -0.192809 0.215251 2.99945 -0.0568287 -0.192809 -0.0568287 0.200517 
-66 -37 0 -265.728 -151.198 0.785655 0.587716 -0.119351 0.0665055 -0.119351 2.75299 0.165649 0.0665055 0.165649 0.311355 
-67 -37 1 -268.626 -151.302 6.1384 6.74167 4.29191 4.1476 4.29191 5.44887 3.6173 4.1476 3.6173 4.34974 
-66 -39 2 -267.194 -157.171 9.35891 1.62018 0.472954 0.330431 0.472954 0.769578 -0.292679 0.330431 -0.292679 1.25205 
-71 -37 1 -285.703 -151.104 6.0795 1.80526 1.46158 -0.877052 1.46158 8.15201 0.72489 -0.877052 0.72489 1.35714 
-62 -39 0 -251.104 -158.526 -1.79183 3.29291 0.788947 0.342717 0.788947 1.31552 0.383186 0.342717 0.383186 0.346838 
-68 -40 1 -273.391 -160.799 5.75215 2.37105 -1.73805 -1.01427 -1.73805 3.0161 0.942018 -1.01427 0.942018 1.19754 
-66 -40 1 -265.485 -160.251 5.79037 13.2034 40.8815 0.430294 40.8815 151.444 0.420014 0.430294 0.420014 0.582574 
-69 -39 1 -277.286 -159.127 5.88257 2.13153 1.62019 0.105675 1.62019 3.69239 0.56331 0.105675 0.56331 1.00079 
-68 -39 3 -273.861 -157.55 12.6761 16.7901 17.593 5.21723 17.593 19.4145 6.08973 5.21723 6.08973 3.13643 
-71 -38 1 -285.651 -153.369 5.72976 1.30502 0.586987 0.220396 0.586987 1.2307 -0.155387 0.220396 -0.155387 0.841444 
-66 -39 1 -266.69 -158.247 5.54716 0.953515 0.447947 0.227395 0.447947 1.14159 0.0233959 0.227395 0.0233959 0.83113 
-65 -39 1 -261.894 -158.167 5.48502 0.602175 0.604997 0.0239179 0.604997 1.30436 -0.356022 0.0239179 -0.356022 0.972577 
-66 -38 0 -265.509 -153.306 1.19727 1.57932 -0.892381 0.00835055 -0.892381 1.3928 -0.322942 0.00835055 -0.322942 0.558417 
-67 -39 1 -268.428 -158.528 5.78552 215.459 283.211 6.82619 283.211 536.336 8.10138 6.82619 8.10138 0.923529 
-74 -39 1 -297.293 -156.426 5.31978 16.7335 1.73035 -3.74595 1.73035 44.7862 1.33216 -3.74595 1.33216 2.01929 
-65 -38 1 -262.791 -153.138 6.44987 12.3755 -3.7748 0.920572 -3.7748 5.36039 -1.86947 0.920572 -1.86947 1.46741 
-70 -37 2 -281.167 -150.703 9.10693 1.63415 1.43104 0.559478 1.43104 6.96063 1.36911 0.559478 1.36911 1.62571 
-74 -38 1 -297.9 -152.568 5.81477 0.799421 0.59291 -0.202867 0.59291 4.1808 -0.680528 -0.202867 -0.680528 0.93237 
-69 -38 1 -278.828 -152.874 6.58566 1.15784 0.641551 0.889613 0.641551 1.92102 0.744655 0.889613 0.744655 1.22042 
-62 -39 1 -251.379 -158.474 6.78736 5.16785 2.00339 -3.85204 2.00339 2.42126 -3.34209 -3.85204 -3.34209 7.08737 
-70 -37 1 -281.815 -151.053 6.07871 0.719757 -0.673136 0.161624 -0.673136 4.18005 -0.962139 0.161624 -0.962139 1.23488 
-63 -40 1 -252.764 -160.862 5.5012 5.91111 -0.532281 0.472031 -0.532281 1.82401 0.082637 0.472031 0.082637 1.20238 
-66 -37 1 -267.768 -151.756 5.62199 72.891 -74.209 -0.786108 -74.209 159.531 -0.97314 -0.786108 -0.97314 0.40384 
-69 -37 1 -278.061 -150.537 5.63829 1.35679 -1.00843 0.733816 -1.00843 7.43187 0.958248 0.733816 0.958248 1.25884 
-62 -40 1 -251.295 -161.293 6.50184 8.61723 2.86722 -1.69199 2.86722 3.51111 -2.43032 -1.69199 -2.43032 2.63681 
-69 -40 1 -278.681 -160.574 6.90433 403.603 -173.636 40.135 -173.636 78.1392 -17.0733 40.135 -17.0733 4.49467 
-67 -37 0 -269.788 -150.672 -0.0172539 1.14601 0.184446 -0.00125373 0.184446 3.78462 -0.098042 -0.00125373 -0.098042 0.216451 
-63 -39 1 -253.738 -157.779 6.57626 0.454069 -0.0724928 0.162962 -0.0724928 1.86158 -1.77527 0.162962 -1.77527 2.54377 
-70 -38 1 -282.62 -153.011 5.96771 1.04576 0.470392 0.0871259 0.470392 1.24521 0.034265 0.0871259 0.034265 1.12161 
-66 -38 2 -265.111 -154.262 11.1274 69.9365 -142.097 28.9025 -142.097 291.426 -59.1481 28.9025 -59.1481 14.4784 
-69 -40 2 -279.228 -160.923 9.70509 76.5498 -84.3248 -3.05118 -84.3248 140.126 16.2929 -3.05118 16.2929 4.38419 
-68 -39 2 -274.28 -157.711 9.78138 3.10546 -0.620897 -0.329268 -0.620897 0.87564 -0.276817 -0.329268 -0.276817 0.992802 
-62 -38 2 -250.877 -155.516 8.76784 37.9706 -81.2542 -4.19247 -81.2542 215.413 12.8754 -4.19247 12.8754 1.54249 
-68 -38 1 -275.009 -155.245 7.23501 20.5977 -3.16545 -10.559 -3.16545 4.2939 0.957779 -10.559 0.957779 8.46687 
-63 -40 0 -253.686 -160.986 -0.852306 1.21132 -0.204405 -0.0196168 -0.204405 1.65737 0.0230385 -0.0196168 0.0230385 0.155202 
-63 -39 -1 -253.672 -156.616 -4.07131 6.19194 5.49993 59.4881 5.49993 9.20141 53.5355 59.4881 53.5355 1820.23 
-62 -38 1 -251.561 -155.883 7.55118 98.0072 -364.759 6.70715 -364.759 1606.17 -35.439 6.70715 -35.439 11.567 
-69 -39 0 -277.353 -159.218 2.19051 2.65424 3.03657 0.802861 3.03657 19.4828 1.18342 0.802861 1.18342 0.527337 
-62 -40 2 -250.54 -160.968 8.48275 505.941 17.835 -476.773 17.835 6.8278 -24.8418 -476.773 -24.8418 466.554 
