-83 -24 3 -333.018 -99.2863 12.2593 25.4205 -5.92461 1.02918 -5.92461 7.44929 -1.99098 1.02918 -1.99098 17.4156 
-83 -25 3 -333.327 -101.226 12.2983 69.2064 -12.0868 78.4659 -12.0868 23.093 -2.48915 78.4659 -2.48915 121.167 
-83 -30 3 -332.711 -122.341 12.8082 107.442 -146.298 166.624 -146.298 205.215 -234.654 166.624 -234.654 270.221 
-83 -32 3 -332.398 -129.086 12.7513 22.9075 6.40332 -8.69159 6.40332 6.39645 -5.93897 -8.69159 -5.93897 8.4517 
-84 -35 3 -338.715 -140.881 12.1985 71.6145 -63.0161 -12.555 -63.0161 61.2971 11.3978 -12.555 11.3978 38.2087 
-83 -20 2 -334.889 -82.6173 9.72189 31.6916 -214.412 -8.4491 -214.412 1621.7 55.7299 -8.4491 55.7299 4.26217 
-79 -34 2 -316.416 -139.379 10.0517 32.5287 25.763 27.7028 25.763 31.1404 28.1368 27.7028 28.1368 29.2632 
-71 -36 2 -284.874 -146.796 9.91225 111.375 28.1097 17.6107 28.1097 8.83224 5.67599 17.6107 5.67599 5.71928 
-83 -24 2 -333.099 -98.7823 9.99629 2.73988 0.413411 -1.07369 0.413411 0.945594 -0.568655 -1.07369 -0.568655 1.34862 
-83 -25 2 -333.22 -101.481 9.65789 4.07404 -1.80298 1.00335 -1.80298 2.30903 -0.963543 1.00335 -0.963543 1.03346 
-83 -28 2 -334.203 -113.508 8.49498 7.58875 -2.58556 -1.9125 -2.58556 4.35786 -4.53224 -1.9125 -4.53224 18.2102 
-83 -29 2 -332.883 -117.845 9.65224 1.87198 0.226175 0.0187626 0.226175 1.8043 0.45417 0.0187626 0.45417 0.649336 
-82 -29 2 -331.787 -118.842 9.36097 32.2329 9.32634 1.80166 9.32634 6.2706 1.02296 1.80166 1.02296 1.05024 
-83 -31 2 -333.606 -125.617 9.48001 2.00642 0.0384171 -0.65366 0.0384171 0.757195 -0.0358067 -0.65366 -0.0358067 0.961407 
-82 -31 2 -331.149 -126.623 9.08873 7.24093 1.40347 5.26132 1.40347 0.787943 1.02591 5.26132 1.02591 6.43536 
-78 -34 2 -315.133 -138.512 8.92973 8.80704 -0.110117 1.47884 -0.110117 1.24322 0.495584 1.47884 0.495584 1.27769 
-84 -34 2 -338.724 -139.153 10.0736 3.32103 1.37844 -0.0618742 1.37844 5.91519 1.15407 -0.0618742 1.15407 0.93816 
-84 -35 2 -338.143 -140.858 10.509 1.54804 0.467519 -0.0790453 0.467519 3.10526 0.96523 -0.0790453 0.96523 0.804876 
-64 -35 2 -258.457 -141.461 9.02838 90.905 25.8813 -14.0307 25.8813 45.7274 -14.516 -14.0307 -14.516 7.6836 
-65 -35 2 -263.066 -142.167 8.50008 18.9637 -77.528 27.7397 -77.528 337.634 -117.678 27.7397 -117.678 47.2317 
-74 -35 2 -298.399 -142.564 8.72075 2.73216 22.8728 -8.46861 22.8728 285.567 -125.781 -8.46861 -125.781 62.9593 
-83 -35 2 -334.945 -143.036 9.38154 5.78324 4.59305 7.45738 4.59305 7.46177 4.44373 7.45738 4.44373 11.8576 
-70 -35 2 -281.677 -142.311 8.51754 20.5717 -3.72261 6.33608 -3.72261 1.10466 -1.41935 6.33608 -1.41935 6.31784 
-77 -36 2 -311.136 -146.281 10.2783 5.16722 1.54634 -0.93841 1.54634 1.26425 0.0232807 -0.93841 0.0232807 2.07256 
-68 -36 2 -273.655 -145.824 8.77643 0.308535 -0.108402 0.200271 -0.108402 1.86044 -2.18605 0.200271 -2.18605 7.49353 
-69 -36 2 -278.433 -147.181 9.28595 2.02102 -2.31752 0.489533 -2.31752 6.40639 -0.793116 0.489533 -0.793116 0.828839 
-76 -36 2 -304.61 -146.946 8.51992 108.909 -11.4771 -29.7772 -11.4771 2.17247 3.54536 -29.7772 3.54536 17.4584 
-77 -37 2 -311.223 -148.306 9.99637 9.79805 27.9557 2.2109 27.9557 96.9556 5.75142 2.2109 5.75142 1.09038 
-64 -37 2 -259.68 -149.025 9.28474 70.7075 13.2237 -40.2643 13.2237 17.3841 -13.2177 -40.2643 -13.2177 27.2865 
-65 -37 2 -261.09 -149.341 9.90312 19.2532 -13.254 12.1152 -13.254 22.3743 -6.04046 12.1152 -6.04046 8.61196 
-70 -37 2 -282.55 -149.43 9.43141 0.946567 -0.143157 -0.141226 -0.143157 5.61732 -0.157607 -0.141226 -0.157607 0.654704 
-82 -25 1 -330.783 -100.358 6.54889 3.18803 1.03457 -3.48993 1.03457 40.4058 -8.48678 -3.48993 -8.48678 10.2914 
-84 -28 1 -336.405 -114.291 5.98089 67.0958 -29.5928 -19.5105 -29.5928 15.9057 8.74822 -19.5105 8.74822 10.0536 
-77 -36 1 -310.255 -145.462 6.42089 3.01957 -2.50317 3.51181 -2.50317 2.79262 -2.49435 3.51181 -2.49435 6.81234 
-78 -36 1 -313.543 -144.781 6.73165 3.23494 1.92431 0.290607 1.92431 2.77677 1.07976 0.290607 1.07976 2.01409 
-73 -36 1 -295.779 -145.051 5.82023 387.985 657.722 -356.851 657.722 2274.94 -1080.12 -356.851 -1080.12 526.533 
-83 -20 1 -332.879 -82.4579 6.45126 9.06483 -1.84012 2.97962 -1.84012 1.44751 -0.134836 2.97962 -0.134836 1.61585 
-82 -29 1 -330.638 -119.102 5.67812 3.56891 1.35477 0.583597 1.35477 6.45409 -0.245115 0.583597 -0.245115 1.52214 
-75 -37 1 -301.303 -149.093 6.14032 3.1729 -3.9666 -0.278638 -3.9666 9.9338 0.430251 -0.278638 0.430251 1.02548 
-80 -18 1 -323.321 -74.8653 5.1568 5.8794 16.6337 -1.13095 16.6337 668.715 -17.9282 -1.13095 -17.9282 3.59918 
-77 -19 1 -310.8 -79.867 4.24645 49.3336 280.454 -20.7859 280.454 1696.8 -98.7122 -20.7859 -98.7122 38.9097 
-77 -20 1 -309.012 -80.1636 4.27856 48.0001 327.33 -40.4411 327.33 2440.23 -381.901 -40.4411 -381.901 140.666 
-76 -20 1 -306.304 -80.5532 4.2884 16.5586 97.2955 3.54693 97.2955 594.839 27.4123 3.54693 27.4123 58.0406 
-64 -37 0 -257.975 -148.689 0.00337473 0.806987 0.200733 0.0687134 0.200733 3.53528 -0.0110979 0.0687134 -0.0110979 0.222169 
-71 -29 0 -286.988 -116.344 -3.73132 3.63544 -6.2465 13.6182 -6.2465 67.9619 -22.184 13.6182 -22.184 150.881 
-82 -25 0 -329.426 -101.304 -0.478563 0.934398 -0.622027 0.369876 -0.622027 1.26758 -0.236234 0.369876 -0.236234 0.380651 
-65 -37 0 -261.575 -148.826 1.15726 0.706275 0.0653461 -0.0447807 0.0653461 3.51815 -0.121154 -0.0447807 -0.121154 0.305625 
-66 -37 0 -265.765 -148.645 0.286757 0.856118 -0.858172 -0.154191 -0.858172 6.44338 -0.0582293 -0.154191 -0.0582293 0.28972 
-68 -37 0 -274.084 -149.296 -0.198644 1.91154 1.09118 -0.10517 1.09118 4.31855 0.412853 -0.10517 0.412853 0.327104 
-62 -35 1 -250.797 -141.483 4.93473 3.88347 0.945476 -0.835345 0.945476 2.48211 0.341444 -0.835345 0.341444 2.94725 
-76 -35 -1 -306.121 -141.186 -4.15966 1.60779 -2.94229 -12.3129 -2.94229 8.61328 46.6547 -12.3129 46.6547 408.757 
-69 -28 -1 -278.044 -114.25 -5.64082 0.806247 -0.213549 0.0866376 -0.213549 2.17664 -1.40723 0.0866376 -1.40723 3.39994 
-79 -30 0 -319.451 -122.945 0.151999 3.94286 -1.08965 0.22738 -1.08965 2.63702 -0.0184004 0.22738 -0.0184004 0.199745 
-84 -32 0 -337.263 -130.841 0.67644 1.35376 0.636227 -0.191526 0.636227 2.03046 -0.0625671 -0.191526 -0.0625671 0.235822 
-69 -35 -1 -277.58 -141.276 -4.01949 1.15129 0.413974 -2.3902 0.413974 0.840731 2.56576 -2.3902 2.56576 531.141 
-67 -35 -1 -269.924 -142.147 -4.10318 1.23228 0.534746 -8.28135 0.534746 1.31255 2.93935 -8.28135 2.93935 422.131 
-66 -29 -1 -266.016 -118.034 -6.14148 2.05385 -0.23215 29.7231 -0.23215 0.809883 -5.54766 29.7231 -5.54766 674.954 
-75 -25 -1 -302.351 -102.025 -6.12751 2.59901 -0.529086 34.4182 -0.529086 0.832486 -10.39 34.4182 -10.39 668.706 
-72 -34 -1 -289.99 -137.227 -4.22468 0.912169 -1.90454 -10.7827 -1.90454 21.4567 117.331 -10.7827 117.331 688.555 
-67 -34 -1 -270.473 -137.261 -4.32342 0.755882 -0.543957 -2.39803 -0.543957 2.42143 15.9266 -2.39803 15.9266 148.604 
-77 -34 -1 -310.676 -137.006 -4.55 12.5319 -2.091 2.30824 -2.091 2.62942 8.4381 2.30824 8.4381 62.0265 
-79 -35 2 -317.09 -141.889 9.83554 11.9773 -1.2487 -6.94265 -1.2487 0.510261 0.747803 -6.94265 0.747803 5.17249 
-85 -34 1 -340.491 -139.408 5.47088 284.83 -697.254 -257.683 -697.254 1860.68 690.283 -257.683 690.283 258.876 
-72 -32 -1 -290.032 -130.052 -5.55917 0.736367 -0.409569 -2.87579 -0.409569 11.6669 73.3157 -2.87579 73.3157 496.369 
-64 -34 -1 -257.768 -136.606 -4.62043 2.08393 2.60444 22.7264 2.60444 9.81031 31.8602 22.7264 31.8602 411.651 
-70 -37 0 -281.125 -148.796 0.508706 0.984079 0.29318 0.0263541 0.29318 3.17374 0.297142 0.0263541 0.297142 0.273027 
-62 -37 0 -250.883 -149.04 0.363036 5.09583 0.985885 0.637039 0.985885 3.81903 0.479695 0.637039 0.479695 0.726037 
-80 -35 -1 -322.448 -141.247 -4.22401 2.34641 0.646479 0.949012 0.646479 8.58966 12.5334 0.949012 12.5334 37.916 
-81 -34 -1 -325.785 -138.863 -4.67193 7.94331 -1.87493 -10.9377 -1.87493 1.5049 2.79083 -10.9377 2.79083 35.4746 
-81 -34 1 -325.866 -138.569 5.40437 21.9624 3.5572 0.105347 3.5572 24.803 -9.57321 0.105347 -9.57321 8.03454 
-63 -35 -1 -254.205 -143.2 -4.39858 1.0504 -0.658118 1.15949 -0.658118 5.23129 -0.713988 1.15949 -0.713988 37.2257 
-64 -35 -1 -258.417 -142.775 -4.28987 1.05037 0.401223 -0.796656 0.401223 1.81563 -1.8826 -0.796656 -1.8826 41.1924 
-80 -34 0 -320.801 -137.894 -2.52915 2.49625 -1.70484 0.663742 -1.70484 3.60636 -0.541887 0.663742 -0.541887 0.390675 
-63 -36 -1 -254.144 -144.932 -4.32903 1.18709 0.502585 -1.05782 0.502585 1.20359 -0.58066 -1.05782 -0.58066 34.4221 
-79 -19 0 -317.875 -78.8711 0.276619 5.28026 29.4514 -0.907491 29.4514 190.455 -5.8901 -0.907491 -5.8901 0.37759 
-63 -37 -1 -254.628 -148.731 -4.54191 12.9929 11.2893 101.203 11.2893 13.9086 79.7271 101.203 79.7271 953.192 
-68 -34 1 -274.795 -139.046 5.28009 2.18605 0.397997 0.442549 0.397997 3.11904 -0.577515 0.442549 -0.577515 2.30308 
-81 -33 -1 -325.83 -132.652 -4.37749 3.29879 -0.169121 -1.70966 -0.169121 7.05344 -3.4297 -1.70966 -3.4297 13.2854 
-79 -33 -1 -317.137 -133.215 -4.39941 8.45828 -2.24819 1.33029 -2.24819 6.06607 0.975335 1.33029 0.975335 12.8827 
-62 -30 -1 -250.933 -121.516 -5.85711 3.58558 -0.0202337 -0.697497 -0.0202337 0.90092 -1.15167 -0.697497 -1.15167 5.2722 
-83 -28 0 -332.579 -114.165 1.77035 4.46942 -0.364848 0.510671 -0.364848 0.968786 0.189747 0.510671 0.189747 0.48303 
-82 -26 -1 -331.48 -106.358 -4.70647 26.4261 -25.6717 16.5166 -25.6717 57.1702 -38.3764 16.5166 -38.3764 30.4506 
-65 -34 -1 -262.196 -136.684 -4.47147 1.06575 -0.026186 3.69637 -0.026186 1.50372 4.94945 3.69637 4.94945 70.093 
-80 -27 -1 -321.471 -108.909 -4.85552 6.66463 -2.09712 1.08461 -2.09712 6.12124 -0.872585 1.08461 -0.872585 11.7946 
-76 -28 -1 -305.947 -113.927 -6.01429 1.80919 0.572682 26.4077 0.572682 1.26877 18.568 26.4077 18.568 744.876 
-79 -31 0 -318.184 -126.202 -0.592439 2.42117 1.13114 -0.0306404 1.13114 1.28001 -0.0776567 -0.0306404 -0.0776567 0.262347 
-80 -30 -1 -320.576 -122.544 -4.99458 15.9223 11.2178 -9.37692 11.2178 16.6015 -10.0979 -9.37692 -10.0979 14.3259 
-76 -24 -1 -305.561 -98.4695 -5.48638 1.18124 -0.141434 1.05041 -0.141434 0.84003 0.232108 1.05041 0.232108 5.53064 
-64 -36 -1 -257.865 -144.978 -4.29831 1.17016 -0.36439 1.05595 -0.36439 0.960963 3.49989 1.05595 3.49989 51.781 
-63 -28 -1 -254.217 -114.701 -5.26177 0.818136 -0.0558446 -0.137662 -0.0558446 2.38122 -0.756541 -0.137662 -0.756541 1.77348 
-78 -31 -1 -313.84 -125.671 -5.43677 0.885469 0.7218 13.0015 0.7218 2.91679 34.6227 13.0015 34.6227 592.674 
-80 -32 -1 -320.814 -128.976 -4.69303 7.63754 -2.04137 -2.49306 -2.04137 1.95881 0.25292 -2.49306 0.25292 9.13645 
-66 -36 1 -265.375 -145.426 4.9942 1.57349 -1.08011 1.34667 -1.08011 1.92843 -2.09776 1.34667 -2.09776 8.3888 
-76 -32 -1 -306.069 -129.604 -5.36839 1.50798 2.56885 22.9138 2.56885 11.8157 93.014 22.9138 93.014 802.337 
-68 -33 -1 -274.128 -133.965 -4.80343 1.01665 1.27728 5.61773 1.27728 7.12159 27.7629 5.61773 27.7629 120.552 
-72 -35 1 -288.838 -143.051 5.02462 4.42776 0.0307979 0.0594116 0.0307979 3.08815 -1.10406 0.0594116 -1.10406 2.83598 
-66 -33 -1 -265.833 -133.937 -4.75467 0.756117 -0.0151345 -0.367552 -0.0151345 1.85982 4.44209 -0.367552 4.44209 18.1739 
-72 -33 -1 -289.984 -133.941 -4.93855 0.775849 -0.735645 -2.98924 -0.735645 10.2063 40.0798 -2.98924 40.0798 170.983 
-64 -33 -1 -257.985 -133.948 -5.00118 0.770731 0.151948 0.646935 0.151948 3.87595 17.221 0.646935 17.221 96.5182 
-62 -37 1 -250.884 -148.739 4.37702 5.49015 2.66614 4.39362 2.66614 5.66205 4.11101 4.39362 4.11101 10.1102 
-63 -33 -1 -254.041 -134.217 -4.93529 0.784865 -0.0270071 0.242847 -0.0270071 1.48797 3.48672 0.242847 3.48672 16.3066 
-71 -34 0 -285.767 -138.313 -1.92849 1.48398 -0.551629 -0.392286 -0.551629 1.00124 0.357105 -0.392286 0.357105 0.485032 
-65 -35 -1 -261.983 -142.231 -4.25673 0.789152 0.0827539 1.51543 0.0827539 1.07313 0.457836 1.51543 0.457836 64.3706 
-79 -32 -1 -318.535 -128.98 -4.53585 0.7294 0.0925731 -2.41779 0.0925731 2.39631 1.87418 -2.41779 1.87418 33.6215 
-80 -31 -1 -320.747 -126.144 -4.71992 6.69138 -0.886917 -6.86751 -0.886917 0.684645 2.0307 -6.86751 2.0307 20.9554 
-64 -37 -1 -258.031 -148.637 -4.35011 1.25857 1.51016 0.0989865 1.51016 7.09939 -0.846866 0.0989865 -0.846866 64.369 
-82 -32 2 -330.96 -129.46 8.94079 6.67655 -0.794675 3.91338 -0.794675 1.16564 -0.561287 3.91338 -0.561287 3.72254 
-72 -35 0 -289.794 -141.521 -1.13568 1.01739 -0.0849284 -0.214857 -0.0849284 0.846846 0.107931 -0.214857 0.107931 0.375697 
-83 -28 1 -334.303 -114.294 6.24422 0.944926 0.353809 -0.255792 0.353809 1.08732 -0.0918578 -0.255792 -0.0918578 1.05288 
-77 -22 -1 -308.782 -89.2525 -4.42037 4.94781 0.910801 2.58532 0.910801 12.8497 -0.300699 2.58532 -0.300699 5.25435 
-73 -32 -1 -294.002 -129.973 -5.56392 0.893556 1.01331 7.56678 1.01331 7.93919 53.2702 7.56678 53.2702 399.025 
-66 -14 -1 -265.493 -57.305 -5.71102 2.55143 1.12826 23.9228 1.12826 1.14509 14.4127 23.9228 14.4127 397.658 
-64 -32 -1 -257.998 -130.021 -5.59875 0.789652 0.284594 1.6526 0.284594 2.6685 10.5665 1.6526 10.5665 62.26 
-65 -29 -1 -261.834 -117.879 -5.8635 1.08729 0.0332806 -0.469396 0.0332806 0.98313 -0.446589 -0.469396 -0.446589 5.82684 
-64 -36 0 -258.132 -146.553 0.265593 0.963819 0.0732946 0.0130872 0.0732946 1.07272 0.138931 0.0130872 0.138931 0.243069 
-78 -35 1 -313.99 -141.789 6.14959 0.936242 0.0572723 -0.135316 0.0572723 0.752254 -0.0161509 -0.135316 -0.0161509 0.701103 
-73 -29 -1 -293.784 -117.865 -5.78471 0.815554 -0.0118336 -0.451008 -0.0118336 0.689098 -0.90789 -0.451008 -0.90789 5.31673 
-68 -29 -1 -273.995 -118 -6.16509 0.783322 0.0692443 5.03706 0.0692443 0.895224 10.3235 5.03706 10.3235 749.233 
-71 -32 0 -286.608 -131.575 -3.116 3.14289 0.55074 0.139658 0.55074 3.70291 1.13361 0.139658 1.13361 2.6078 
-75 -35 1 -302.339 -142.882 4.95994 0.687054 0.124416 -0.722664 0.124416 2.45458 0.00942923 -0.722664 0.00942923 2.87426 
-64 -31 -1 -258.089 -126.091 -6.04433 0.781781 0.054392 1.78155 0.054392 1.00926 6.67953 1.78155 6.67953 287.908 
-76 -21 0 -306.397 -85.4145 -1.65217 2.43854 -1.58948 0.556127 -1.58948 2.35592 -0.805691 0.556127 -0.805691 0.757719 
-71 -34 -1 -286.079 -137.174 -4.16495 0.795511 -0.163208 -1.86367 -0.163208 6.28675 37.9705 -1.86367 37.9705 327.406 
-69 -30 -1 -278.132 -121.801 -5.99848 0.82886 0.0207982 1.29696 0.0207982 0.771556 -1.54401 1.29696 -1.54401 23.3523 
-69 -31 -1 -277.983 -126.099 -5.99775 0.741622 0.0197098 0.508744 0.0197098 1.4958 18.6611 0.508744 18.6611 647.724 
-75 -24 -1 -302.091 -98.0159 -6.03259 1.22167 -0.511233 17.8303 -0.511233 1.82288 -22.0327 17.8303 -22.0327 560.509 
-82 -32 0 -331.562 -130.582 1.76118 32.4947 10.331 -1.89629 10.331 5.60544 -0.263088 -1.89629 -0.263088 1.06954 
-70 -31 -1 -282.093 -125.98 -5.99058 0.766525 0.12154 2.11801 0.12154 1.24219 15.7709 2.11801 15.7709 651.27 
-71 -31 -1 -285.922 -125.912 -5.98794 0.791932 -0.0397738 -0.560306 -0.0397738 1.05478 11.2225 -0.560306 11.2225 618.407 
-82 -23 1 -331.471 -94.1848 5.43403 193.92 -1.556 -178.373 -1.556 0.939024 3.26313 -178.373 3.26313 170.657 
-72 -31 -1 -289.932 -126.014 -5.97882 0.743604 -0.00792833 2.0314 -0.00792833 0.879609 4.40407 2.0314 4.40407 616.592 
-65 -34 0 -262.297 -138.437 0.493405 1.07502 -0.130329 -0.0720735 -0.130329 1.26553 0.0976976 -0.0720735 0.0976976 0.407173 
-63 -31 -1 -254.028 -126.255 -6.06223 0.7513 0.0509846 1.44014 0.0509846 1.07758 10.1851 1.44014 10.1851 263.599 
-65 -17 -1 -260.915 -70.1593 -6.43294 2.1419 0.42772 14.3168 0.42772 2.52833 32.2001 14.3168 32.2001 565.24 
-82 -13 0 -330.795 -55.6269 -1.54137 81.1262 179.315 71.7539 179.315 569.234 198.644 71.7539 198.644 73.5753 
-73 -31 -1 -293.979 -126.019 -5.94097 0.857111 0.139481 9.08049 0.139481 0.898409 10.2986 9.08049 10.2986 736.184 
-76 -33 -1 -305.685 -133.739 -4.83232 0.830595 0.210191 0.879977 0.210191 2.20385 9.69569 0.879977 9.69569 77.4923 
-76 -26 -1 -305.806 -106.164 -6.04154 1.686 -0.610298 25.104 -0.610298 0.984457 -13.6 25.104 -13.6 614.532 
-68 -33 0 -275.262 -133.144 -1.25687 4.36402 -0.833826 -0.124081 -0.833826 2.60366 -0.269377 -0.124081 -0.269377 0.627276 
-64 -28 -1 -258.242 -114.773 -5.15787 0.743833 0.0363657 0.0929548 0.0363657 2.04473 -0.477837 0.0929548 -0.477837 1.72973 
-65 -32 -1 -262.028 -129.994 -5.58236 0.796751 -0.214248 -1.41182 -0.214248 2.18988 8.77096 -1.41182 8.77096 57.2265 
-72 -37 0 -289.353 -148.702 0.600101 1.51704 -0.227631 -0.3987 -0.227631 4.82905 0.00105086 -0.3987 0.00105086 0.333154 
-67 -36 0 -269.834 -145.644 -0.434392 0.681425 0.156333 -0.000992657 0.156333 0.81209 0.140884 -0.000992657 0.140884 0.251866 
-82 -30 1 -330.802 -123.77 6.83954 72.0643 -131.364 37.028 -131.364 316.25 -68.4372 37.028 -68.4372 21.3033 
-74 -31 0 -299.828 -124.99 -3.97535 65.143 14.503 -77.7678 14.503 6.49255 -54.9358 -77.7678 -54.9358 2577.18 
-84 -22 0 -338.251 -90.0201 1.06967 3.04389 2.80234 -0.849613 2.80234 3.47695 -1.08427 -0.849613 -1.08427 0.614015 
-77 -24 -1 -311.041 -99.1873 -5.00366 9.95534 -3.84168 -3.58798 -3.84168 17.2711 7.24874 -3.58798 7.24874 8.02097 
-83 -27 0 -332.876 -111.14 -1.62455 13.3157 -2.70366 0.655698 -2.70366 12.919 -0.306653 0.655698 -0.306653 1.1505 
-78 -35 -1 -314.663 -141.012 -4.25077 2.10511 0.226013 -1.29003 0.226013 2.33779 -2.4975 -1.29003 -2.4975 32.3081 
-64 -17 -1 -257.518 -70.4216 -6.51739 2.36034 1.02069 35.8999 1.02069 3.15639 18.6957 35.8999 18.6957 973.943 
-68 -28 -1 -274.161 -114.131 -5.48729 0.749402 0.16961 -0.0629531 0.16961 3.15271 -2.06039 -0.0629531 -2.06039 3.04342 
-79 -35 -1 -317.841 -140.414 -4.47053 3.79921 4.29545 -21.2216 4.29545 12.9302 -29.1739 -21.2216 -29.1739 140.392 
-77 -26 -1 -309.832 -105.947 -5.8721 1.69296 -0.293895 26.1373 -0.293895 0.843229 -7.83752 26.1373 -7.83752 671.022 
-73 -28 -1 -294.135 -114.358 -6.05852 0.959887 0.0854263 0.681451 0.0854263 1.19042 -0.173657 0.681451 -0.173657 8.71444 
-69 -37 2 -278.686 -149.165 9.66071 15.4685 -3.09565 -5.18564 -3.09565 3.07749 1.54274 -5.18564 1.54274 2.42962 
-75 -27 -1 -301.97 -110.049 -6.19339 0.8483 0.0990757 10.1024 0.0990757 0.67506 2.84669 10.1024 2.84669 618.78 
-74 -32 0 -299.044 -131.303 -2.57491 5.29566 -3.96618 0.125071 -3.96618 10.4828 4.08052 0.125071 4.08052 4.40486 
-69 -32 0 -276.285 -131.619 -0.589221 16.5605 -8.29809 0.616301 -8.29809 21.7198 2.01286 0.616301 2.01286 4.42644 
-73 -34 -1 -294.021 -137.315 -4.24997 0.79491 -0.426606 -2.12695 -0.426606 12.1577 63.247 -2.12695 63.247 375.974 
-83 -33 1 -335.27 -132.907 4.46704 13.724 5.96238 -15.9981 5.96238 8.17156 -11.057 -15.9981 -11.057 39.3313 
-84 -35 0 -338.55 -141.308 1.36442 2.78887 2.28248 -0.0902074 2.28248 3.41284 -0.405977 -0.0902074 -0.405977 0.181814 
-83 -22 1 -332.606 -90.6877 6.54483 1.96781 0.183713 0.442089 0.183713 1.47195 -0.460782 0.442089 -0.460782 1.07045 
-79 -25 -1 -319.068 -102.426 -4.75962 3.26925 0.757219 9.09211 0.757219 0.872726 2.35395 9.09211 2.35395 30.2093 
-82 -21 1 -331.877 -86.267 4.64498 342.09 -3.69812 11.1732 -3.69812 0.739828 0.241808 11.1732 0.241808 3.35896 
-69 -33 -1 -278.019 -133.949 -4.72993 0.968004 3.18086 12.7354 3.18086 40.6388 160.733 12.7354 160.733 647.5 
-81 -33 0 -325.714 -133.05 -3.19702 4.41365 0.725937 1.61053 0.725937 1.39752 -0.200542 1.61053 -0.200542 3.81918 
-79 -27 -1 -317.219 -110.419 -5.68979 1.43809 -0.515637 22.6985 -0.515637 1.36632 -16.176 22.6985 -16.176 729.987 
-70 -29 -1 -281.514 -118.169 -5.84407 0.893644 0.0168382 -1.3195 0.0168382 0.828524 0.394252 -1.3195 0.394252 7.11396 
-83 -26 -1 -335.157 -107.044 -5.23419 11.1737 -6.43655 0.27083 -6.43655 11.5402 -0.388622 0.27083 -0.388622 25.6047 
-66 -35 0 -266.226 -142.258 -0.299847 0.778124 -0.0694393 -0.034624 -0.0694393 1.03666 -0.100645 -0.034624 -0.100645 0.213655 
-62 -31 -1 -251.001 -126.237 -6.08236 3.09481 0.163556 3.2615 0.163556 1.20868 11.3069 3.2615 11.3069 234.732 
-76 -21 -1 -306.173 -85.7054 -5.01503 2.24064 -1.26254 0.0671621 -1.26254 1.75134 -0.659269 0.0671621 -0.659269 4.06283 
-84 -33 1 -336.703 -132.685 4.2013 460.592 -1033.64 -810.107 -1033.64 2365.01 1813.42 -810.107 1813.42 1465.96 
-66 -34 -1 -266.314 -137.46 -4.26205 1.01019 -0.304133 -0.347725 -0.304133 1.36384 6.55473 -0.347725 6.55473 80.5278 
-71 -29 -1 -286.28 -117.964 -5.60357 1.19865 -0.172435 0.905074 -0.172435 0.976116 -0.632884 0.905074 -0.632884 4.14569 
-66 -31 -1 -266.002 -126.078 -6.01482 0.739835 6.65966e-05 0.149484 6.65966e-05 1.46815 14.1743 0.149484 14.1743 383.042 
-79 -30 -1 -318.667 -122.9 -4.63997 0.802501 -0.794492 1.08869 -0.794492 2.0686 -2.41233 1.08869 -2.41233 9.62025 
-74 -36 1 -298.285 -145.048 5.92721 0.961897 0.643424 0.153607 0.643424 3.03477 0.632654 0.153607 0.632654 0.972528 
-65 -28 -1 -261.85 -114.437 -5.52702 0.853149 0.0833544 -0.122704 0.0833544 3.00054 -1.46556 -0.122704 -1.46556 2.63786 
-83 -14 -1 -333.801 -57.6171 -7.08912 75.9684 -52.4433 92.238 -52.4433 36.9027 -63.8735 92.238 -63.8735 114.194 
-63 -30 -1 -254.224 -121.733 -6.01826 0.861551 0.0488751 1.32711 0.0488751 0.812044 -1.27524 1.32711 -1.27524 15.1172 
-70 -33 -1 -282.002 -133.915 -4.71987 0.830611 -1.05165 -4.12398 -1.05165 15.8798 61.0569 -4.12398 61.0569 246.346 
-69 -29 -1 -278.413 -118.256 -5.7113 1.11106 -0.0365303 0.786715 -0.0365303 0.805213 0.332129 0.786715 0.332129 3.88286 
-74 -33 -1 -298.052 -134.063 -4.8421 0.931474 0.538408 2.38575 0.538408 3.92855 13.1788 2.38575 13.1788 54.0591 
-83 -14 0 -334.661 -57.3418 0.0218354 5.95006 7.74061 0.864102 7.74061 12.1899 1.70611 0.864102 1.70611 0.890573 
-65 -30 -1 -262 -122.001 -6.12539 0.759357 -0.0568019 -2.33968 -0.0568019 1.1789 17.8818 -2.33968 17.8818 750.839 
-76 -25 -1 -306.214 -101.591 -5.78797 0.905855 -0.0434119 0.395339 -0.0434119 1.35409 -3.64699 0.395339 -3.64699 19.7253 
-69 -37 1 -278.571 -149.029 5.99631 1.42778 1.7542 -0.38191 1.7542 6.69645 -1.75786 -0.38191 -1.75786 1.43145 
-67 -31 -1 -270.086 -126.095 -6.00156 0.791928 0.00565012 0.75958 0.00565012 1.65211 17.9075 0.75958 17.9075 455.371 
-72 -37 1 -288.524 -148.383 5.59684 17.1718 -20.4641 8.79935 -20.4641 41.8205 1.742 8.79935 1.742 24.0227 
-79 -24 -1 -319.327 -97.6414 -4.93494 2.39019 -0.210777 0.741815 -0.210777 0.669655 0.250339 0.741815 0.250339 5.98299 
-74 -31 -1 -298.477 -125.672 -5.53904 0.987096 0.0559227 0.927703 0.0559227 0.94008 -0.53288 0.927703 -0.53288 4.147 
-66 -32 -1 -266.025 -130.05 -5.57729 0.754407 0.213146 1.35803 0.213146 2.79048 12.1255 1.35803 12.1255 75.1576 
-82 -32 1 -330.965 -130.112 5.76544 3.71671 -1.20229 0.629992 -1.20229 1.44046 -0.354236 0.629992 -0.354236 0.842835 
-65 -35 0 -262.252 -142.396 -0.837526 0.898837 0.0261846 0.117032 0.0261846 0.872691 -0.0457526 0.117032 -0.0457526 0.202713 
-83 -31 1 -333.985 -125.716 6.99985 6.76973 -3.02683 -0.605453 -3.02683 1.9336 0.267557 -0.605453 0.267557 2.11723 
-64 -13 -1 -257.188 -53.1169 -6.56739 4.91871 4.20138 54.715 4.20138 5.41604 51.5458 54.715 51.5458 841.7 
-79 -34 0 -317.241 -137.866 -0.905701 0.595072 -0.0720568 -0.17043 -0.0720568 1.63717 -0.0510706 -0.17043 -0.0510706 0.186041 
-72 -32 0 -291.257 -131.714 -2.97106 3.79752 1.20287 -0.0577896 1.20287 24.7406 1.0532 -0.0577896 1.0532 2.86764 
-67 -30 -1 -269.969 -121.965 -6.10844 0.759777 -0.0951737 -4.05975 -0.0951737 0.887752 10.5036 -4.05975 10.5036 698.501 
-67 -33 -1 -269.843 -134.002 -4.69288 0.930742 -0.237541 -1.09697 -0.237541 2.10962 4.9388 -1.09697 4.9388 19.2121 
-70 -30 -1 -282.016 -122.031 -6.02719 0.720847 -0.0990266 -0.90056 -0.0990266 0.704534 -0.792446 -0.90056 -0.792446 72.336 
-65 -12 -1 -262.983 -51.1567 -6.34508 6.20005 10.1084 65.4409 10.1084 21.1992 126.791 65.4409 126.791 1086.43 
-82 -24 1 -330.875 -98.6476 5.88405 2.04075 0.0705137 -0.127698 0.0705137 1.14694 -0.086676 -0.127698 -0.086676 0.683951 
-65 -36 1 -261.55 -146.908 5.79451 0.954272 0.0918747 -0.29193 0.0918747 1.29471 -0.279769 -0.29193 -0.279769 1.03922 
-67 -36 1 -270.915 -145.8 5.96878 2.38635 1.21109 0.720538 1.21109 1.47122 0.404998 0.720538 0.404998 0.847382 
-81 -34 0 -324.768 -137.762 -0.0851181 17.6881 1.16385 1.51733 1.16385 0.620161 0.0894057 1.51733 0.0894057 0.214264 
-74 -35 1 -297.93 -142.785 5.89116 1.00891 -0.0770747 -0.167708 -0.0770747 1.11218 0.523773 -0.167708 0.523773 1.15237 
-64 -35 1 -257.954 -142.058 5.39555 0.927705 0.38637 -0.127015 0.38637 1.46185 0.0350474 -0.127015 0.0350474 0.879535 
-77 -31 -1 -309.896 -125.939 -5.45881 0.832515 0.214318 -1.26134 0.214318 0.986814 -0.674634 -1.26134 -0.674634 14.6658 
-82 -22 0 -329.574 -90.0571 1.4886 1.16421 -1.25197 0.33525 -1.25197 3.16227 0.13331 0.33525 0.13331 0.683387 
-73 -30 -1 -293.925 -121.906 -5.95923 0.865746 0.0165811 8.85659 0.0165811 0.780333 5.90527 8.85659 5.90527 677.585 
-82 -23 0 -328.985 -94.5966 0.678941 1.03989 -0.267553 0.238933 -0.267553 1.11101 -0.0139402 0.238933 -0.0139402 0.356139 
-68 -32 -1 -274.034 -130.025 -5.57162 0.735315 -0.125425 -0.549753 -0.125425 11.0946 61.5283 -0.549753 61.5283 367.817 
-79 -23 -1 -318.58 -94.1441 -5.05485 3.00515 -3.03928 4.26499 -3.03928 3.79186 -2.45669 4.26499 -2.45669 26.9506 
-79 -31 -1 -318.268 -126.161 -4.60611 1.58063 0.562357 0.172833 0.562357 0.914432 0.100385 0.172833 0.100385 7.74813 
-79 -33 0 -317.513 -133.46 -3.04722 9.90923 5.77393 0.747094 5.77393 6.37421 0.132974 0.747094 0.132974 2.56517 
-63 -32 -1 -253.827 -129.989 -5.64095 0.798013 -0.112705 -0.309658 -0.112705 1.54605 4.51664 -0.309658 4.51664 30.493 
-63 -12 -1 -253.412 -50.4885 -6.67601 1.49412 0.86519 16.7269 0.86519 18.643 60.8093 16.7269 60.8093 1270.17 
-84 -35 1 -338.782 -140.401 5.75343 5.63329 9.83575 -1.52368 9.83575 40.4568 -2.30846 -1.52368 -2.30846 1.5341 
-78 -30 -1 -313.953 -123.377 -4.7626 2.40115 4.6994 -1.46085 4.6994 26.7821 -8.52011 -1.46085 -8.52011 6.40999 
-83 -23 2 -333.196 -94.3715 10.1032 1.92619 0.0565126 -0.184826 0.0565126 0.831766 0.492564 -0.184826 0.492564 0.768367 
-76 -30 -1 -305.794 -121.401 -5.61514 0.535868 -0.245848 0.470855 -0.245848 3.06222 5.3078 0.470855 5.3078 14.5369 
-64 -29 -1 -257.98 -117.972 -5.48826 0.765894 0.179372 -0.199113 0.179372 0.995623 -0.35437 -0.199113 -0.35437 2.61399 
-75 -30 -1 -301.85 -121.877 -5.83719 0.727898 0.108099 0.142335 0.108099 0.819412 1.70093 0.142335 1.70093 30.8181 
-75 -31 -1 -301.742 -125.941 -5.47377 0.731409 -0.0578703 -0.153786 -0.0578703 1.07317 -0.283026 -0.153786 -0.283026 3.61179 
-83 -24 1 -333.23 -98.8616 5.95751 1.58246 -0.00386189 0.389458 -0.00386189 0.828559 0.16786 0.389458 0.16786 1.19898 
-78 -33 -1 -313.962 -133.633 -4.53999 2.98319 0.437541 4.28928 0.437541 1.56961 2.7697 4.28928 2.7697 14.5536 
-75 -36 1 -301.113 -144.569 5.42755 3.48188 1.53962 -6.94813 1.53962 2.14153 -4.37973 -6.94813 -4.37973 18.0105 
-62 -12 -1 -251.008 -50.6699 -6.6463 5.06366 3.68968 -27.8465 3.68968 20.6382 -33.7605 -27.8465 -33.7605 1454.32 
-70 -33 0 -282.653 -133.657 -2.59626 2.98073 -0.341948 -0.389118 -0.341948 2.57267 0.0122878 -0.389118 0.0122878 2.38942 
-76 -31 -1 -305.75 -125.896 -5.31949 0.735071 0.0164171 -0.0293305 0.0164171 1.25121 -1.49851 -0.0293305 -1.49851 5.38835 
-62 -32 -1 -251.013 -129.807 -5.6284 3.02169 -0.033116 0.138628 -0.033116 1.05928 1.39914 0.138628 1.39914 10.1619 
-62 -32 0 -251.58 -131.752 -2.61737 41.205 15.3611 4.26248 15.3611 28.3921 2.88259 4.26248 2.88259 2.58732 
-80 -34 -1 -322.206 -138.947 -4.40144 2.08938 -4.18024 1.69617 -4.18024 11.1049 -5.76978 1.69617 -5.76978 21.1466 
-71 -33 -1 -286.146 -133.536 -4.70206 0.915559 0.0826247 0.0222205 0.0826247 0.886304 1.1047 0.0222205 1.1047 10.682 
-74 -36 2 -298.411 -145.195 8.44052 1.3983 0.351534 -0.325447 0.351534 1.63388 -0.0891273 -0.325447 -0.0891273 10.8412 
-63 -35 0 -253.593 -141.914 -0.536965 1.30539 -0.235826 0.0269975 -0.235826 0.890242 0.117438 0.0269975 0.117438 0.238017 
-82 -30 2 -331.324 -122.456 10.2408 13.6428 -1.24108 2.09123 -1.24108 0.987511 -0.627559 2.09123 -0.627559 1.87947 
-78 -28 -1 -313.531 -114.021 -5.79813 1.42656 0.183818 21.722 0.183818 0.78428 6.72565 21.722 6.72565 710.11 
-62 -34 -1 -250.905 -136.954 -4.67094 3.90409 0.27824 -3.54432 0.27824 3.85269 5.80569 -3.54432 5.80569 32.2762 
-67 -29 -1 -269.76 -118.127 -6.10463 2.04914 -0.177989 -21.102 -0.177989 0.838854 3.92502 -21.102 3.92502 348.075 
-75 -26 -1 -301.861 -106.104 -6.19758 1.35687 0.0347193 17.7087 0.0347193 0.589026 -0.308195 17.7087 -0.308195 580.034 
-71 -36 0 -286.034 -145.71 -0.0883079 0.912898 0.0506539 0.0581354 0.0506539 0.695806 0.0290794 0.0581354 0.0290794 0.190452 
-68 -37 1 -275.006 -149.328 5.36578 1.56209 0.297029 0.685282 0.297029 4.87154 0.0825258 0.685282 0.0825258 1.54095 
-75 -29 -1 -301.879 -118.109 -5.99818 1.05486 0.661069 12.8648 0.661069 2.83159 40.1899 12.8648 40.1899 826.238 
-65 -33 -1 -262.072 -133.946 -4.90849 0.983734 1.11547 4.92743 1.11547 5.37532 19.7331 4.92743 19.7331 85.5349 
-67 -28 0 -270.15 -113.671 -2.46072 1.38486 19.4414 -0.169472 19.4414 625.05 -4.85158 -0.169472 -4.85158 1.45641 
-77 -29 -1 -309.507 -117.617 -5.8384 1.22856 0.127777 14.8651 0.127777 0.946607 11.0248 14.8651 11.0248 732.114 
-76 -29 -1 -305.728 -117.919 -5.92453 1.21793 0.632825 17.6673 0.632825 1.40113 18.6137 17.6673 18.6137 659.842 
-68 -30 -1 -274.001 -122.004 -6.10047 0.769795 0.0820964 4.11566 0.0820964 1.05808 14.8639 4.11566 14.8639 746.771 
-75 -28 -1 -301.94 -113.894 -6.1606 1.00919 -0.093522 4.02438 -0.093522 0.92226 -0.283496 4.02438 -0.283496 90.1637 
-71 -28 -1 -285.756 -114.343 -5.4069 1.43549 -0.176235 0.123139 -0.176235 1.34719 -0.310615 0.123139 -0.310615 2.0228 
-68 -34 -1 -273.452 -137.674 -4.23473 1.43285 1.54784 15.4853 1.54784 4.30289 42.2602 15.4853 42.2602 475.747 
-74 -25 -1 -299.015 -102.418 -6.22247 1.70285 0.373239 4.04324 0.373239 0.785015 -6.07591 4.04324 -6.07591 562.777 
-78 -29 -1 -314.268 -116.929 -5.71775 171.907 -233.504 11.6505 -233.504 319.791 8.53139 11.6505 8.53139 490.355 
-63 -34 -1 -254.063 -136.738 -4.58852 1.03246 -0.326376 1.01817 -0.326376 3.67303 -1.57006 1.01817 -1.57006 17.6375 
-66 -13 -1 -266.594 -53.0917 -5.86888 1.99894 -3.21115 -10.2214 -3.21115 10.3093 28.0934 -10.2214 28.0934 120.118 
-77 -30 -1 -309.721 -122.895 -5.43168 24.6321 -20.3674 -64.392 -20.3674 17.2006 53.6938 -64.392 53.6938 171.578 
-82 -31 1 -330.548 -125.614 6.57888 94.926 5.55579 32.7367 5.55579 1.05668 3.42775 32.7367 3.42775 25.1491 
-64 -30 -1 -257.81 -121.79 -6.04351 0.833458 -0.052054 -1.53015 -0.052054 0.762462 -1.10609 -1.53015 -1.10609 20.6958 
-62 -33 0 -251.32 -133.387 -2.52848 9.74255 4.00246 0.604106 4.00246 2.42522 0.409829 0.604106 0.409829 1.43037 
-68 -28 0 -273.909 -113.591 -2.58024 1.01808 11.7649 -0.119177 11.7649 853.66 -6.25928 -0.119177 -6.25928 1.46523 
-70 -28 -1 -281.785 -114.178 -5.63946 0.722938 0.220303 -0.189788 0.220303 1.9693 -1.35601 -0.189788 -1.35601 3.40498 
-74 -32 -1 -298.007 -130.065 -5.36059 0.869881 0.0121489 0.43219 0.0121489 1.22411 2.03619 0.43219 2.03619 11.3505 
-62 -33 -1 -250.97 -133.994 -5.08649 2.97035 0.158186 0.888244 0.158186 1.55869 5.92956 0.888244 5.92956 43.2725 
-80 -23 -1 -320.874 -95.2697 -4.6282 9.13725 42.9898 1.96653 42.9898 296.159 10.8971 1.96653 10.8971 7.88563 
-70 -34 -1 -282.157 -136.869 -4.19471 0.793126 -0.997871 -8.74341 -0.997871 12.2219 77.7035 -8.74341 77.7035 669.527 
-74 -30 -1 -298.109 -122.206 -5.80273 0.814064 -0.0185726 0.880057 -0.0185726 0.851214 1.32601 0.880057 1.32601 11.3257 
-69 -34 -1 -278.152 -136.852 -4.19629 0.886692 -0.505656 3.64369 -0.505656 7.01201 48.628 3.64369 48.628 595.985 
-62 -29 -1 -250.967 -118.224 -5.57983 4.08412 0.091733 -0.453521 0.091733 0.976284 -0.372181 -0.453521 -0.372181 2.84665 
-74 -27 -1 -298.48 -110.313 -6.19077 1.35147 0.0269243 -14.4023 0.0269243 0.706784 5.74867 -14.4023 5.74867 579.371 
-74 -29 -1 -297.923 -118.205 -6.03311 0.743615 -0.0179893 0.277386 -0.0179893 1.94274 28.7268 0.277386 28.7268 732.104 
-83 -33 0 -335.803 -132.544 2.25967 66.3822 16.4917 -4.879 16.4917 21.043 5.83953 -4.879 5.83953 4.16193 
-81 -21 0 -325.436 -85.6884 2.41089 2.44452 0.910607 -3.0046 0.910607 2.70443 -4.60144 -3.0046 -4.60144 10.2068 
-71 -32 -1 -286.217 -130.297 -5.21671 1.01071 0.127266 0.622996 0.127266 1.07202 1.3593 0.622996 1.3593 5.41809 
-74 -26 -1 -298.725 -105.789 -6.23197 1.95701 0.118076 -3.05182 0.118076 0.733568 -0.664038 -3.05182 -0.664038 722.07 
-69 -36 3 -278.156 -146.293 12.5454 642.458 -874.331 262.453 -874.331 1198.26 -358.655 262.453 -358.655 109.542 
-77 -32 -1 -309.679 -129.72 -5.20946 1.40631 1.15847 15.6941 1.15847 2.46471 23.9847 15.6941 23.9847 441.105 
-81 -26 -1 -325.29 -106.391 -5.15362 256.501 -44.2324 306.098 -44.2324 8.42007 -52.677 306.098 -52.677 367.213 
-70 -37 1 -282.14 -148.721 5.26663 0.717343 0.260648 0.194226 0.260648 6.15978 2.02645 0.194226 2.02645 1.54408 
-77 -27 -1 -309.939 -110.116 -5.88902 0.873712 -0.22457 -0.6124 -0.22457 0.904405 1.05466 -0.6124 1.05466 31.0598 
-69 -32 -1 -277.973 -130.122 -5.5306 0.784977 0.679528 3.64263 0.679528 14.6661 76.4812 3.64263 76.4812 420.026 
-74 -34 0 -298.741 -138.113 -1.31963 3.00548 -0.600184 0.105513 -0.600184 0.616729 0.157855 0.105513 0.157855 0.39847 
-80 -26 -1 -321.627 -105.433 -4.64894 2.12393 -0.494718 1.2174 -0.494718 1.03886 -1.45488 1.2174 -1.45488 10.78 
-72 -30 -1 -289.916 -121.842 -5.99129 0.812139 0.150996 6.10561 0.150996 0.844065 6.20248 6.10561 6.20248 675.797 
-71 -37 2 -285.39 -149.191 9.67572 1.6068 -0.635101 1.91757 -0.635101 3.53913 -0.912175 1.91757 -0.912175 4.10846 
-65 -14 -1 -262.395 -58.4081 -6.01897 10.2618 1.96899 36.3902 1.96899 1.3654 8.62508 36.3902 8.62508 144.313 
-73 -35 1 -295.598 -142.844 5.83776 107.189 -15.2611 16.3222 -15.2611 6.20218 -0.815229 16.3222 -0.815229 3.49833 
-82 -33 1 -331.625 -132.246 5.08299 1595.06 995.492 1104.51 995.492 652.075 676.774 1104.51 676.774 804.099 
-74 -35 0 -298.343 -141.773 -0.81082 1.11213 0.0364006 -0.0279306 0.0364006 0.608313 -0.0252214 -0.0279306 -0.0252214 0.173923 
-76 -34 0 -305.661 -138.363 -2.44203 6.07944 2.99273 0.674986 2.99273 5.12224 0.731048 0.674986 0.731048 0.69581 
-77 -20 0 -309.503 -80.1472 1.58342 9.74201 45.0185 -2.25499 45.0185 304.205 -10.5053 -2.25499 -10.5053 0.851253 
-72 -29 -1 -289.967 -117.715 -5.47593 0.982589 0.337272 -0.696151 0.337272 1.04869 -1.27866 -0.696151 -1.27866 4.12249 
-63 -29 -1 -253.997 -118.417 -5.55786 0.802341 0.0264819 0.0779492 0.0264819 1.03115 -0.0261749 0.0779492 -0.0261749 2.4838 
-75 -34 -1 -301.817 -137.314 -4.24972 0.965385 0.317904 -0.00625656 0.317904 3.34097 12.9167 -0.00625656 12.9167 80.132 
-66 -35 -1 -265.857 -142.679 -4.14182 0.895832 -0.316166 0.813268 -0.316166 1.93537 -0.249522 0.813268 -0.249522 84.6017 
-67 -32 -1 -270.026 -130.006 -5.57096 0.759986 0.231133 1.36668 0.231133 7.76003 42.3415 1.36668 42.3415 259.372 
-62 -36 0 -251.234 -146.523 1.12644 3.36488 -1.15103 -0.255164 -1.15103 1.00034 0.189629 -0.255164 0.189629 0.459999 
-75 -32 -1 -301.779 -129.871 -5.40606 1.08351 0.90303 4.21697 0.90303 4.83996 22.893 4.21697 22.893 130.267 
-66 -15 -1 -266.5 -60.8243 -5.6247 3.53347 -11.3432 -14.5371 -11.3432 53.8146 125.488 -14.5371 125.488 753.356 
-77 -33 -1 -309.318 -133.263 -4.77147 2.51307 0.69362 5.49128 0.69362 2.36924 3.76199 5.49128 3.76199 30.4359 
-78 -25 -1 -313.551 -102.242 -5.65399 1.53142 0.20826 12.1535 0.20826 1.49629 -12.4438 12.1535 -12.4438 302.313 
-74 -36 0 -298.522 -145.208 -0.441246 1.27025 0.269499 -0.208775 0.269499 1.02121 -0.0525638 -0.208775 -0.0525638 0.20857 
-72 -36 1 -288.925 -145.615 5.28537 2.81162 0.00128332 -1.13309 0.00128332 1.28037 -0.0258045 -1.13309 -0.0258045 1.30109 
-79 -28 -1 -317.169 -113.059 -5.70417 1.67087 -0.437182 25.9496 -0.437182 2.37846 -7.67508 25.9496 -7.67508 842.347 
-82 -28 -1 -330.17 -113.974 -4.77672 2.90783 -0.286273 1.44733 -0.286273 1.23263 -0.911684 1.44733 -0.911684 4.65031 
-68 -35 0 -274.102 -142.217 -0.694432 0.891834 -0.0226463 0.0532412 -0.0226463 0.756429 -0.111687 0.0532412 -0.111687 0.21833 
-68 -36 0 -274.191 -145.7 -0.64851 0.521527 -0.0152564 -0.00730462 -0.0152564 0.720226 0.0123751 -0.00730462 0.0123751 0.234001 
-74 -28 -1 -297.938 -114.041 -6.15696 1.16534 0.106138 -15.8103 0.106138 0.91164 2.09942 -15.8103 2.09942 691.742 
-74 -33 0 -298.809 -134.145 -2.13595 2.55324 0.426251 0.413484 0.426251 0.843204 -0.0295342 0.413484 -0.0295342 0.985568 
-63 -34 0 -254.003 -137.396 -1.74082 2.32949 1.03742 -0.220659 1.03742 0.986389 0.0936744 -0.220659 0.0936744 0.464377 
-76 -31 0 -305.815 -124.716 -3.41868 2.15556 11.358 -4.15687 11.358 81.0555 -23.0512 -4.15687 -23.0512 12.8788 
-72 -33 0 -291.061 -133.697 -2.38821 2.83736 0.207058 0.541584 0.207058 1.40952 0.535231 0.541584 0.535231 1.54348 
-64 -37 1 -258.165 -148.657 5.57551 1.01704 -0.627236 -0.0484372 -0.627236 4.14896 0.697767 -0.0484372 0.697767 0.889988 
-80 -31 1 -320.261 -124.704 4.98322 401.752 -944.636 26.9835 -944.636 2433.32 -67.1105 26.9835 -67.1105 4.68507 
-65 -31 -1 -262.003 -126.091 -6.02679 0.743476 0.0377372 0.977715 0.0377372 1.25381 9.54782 0.977715 9.54782 303.299 
-70 -36 0 -281.502 -145.897 -0.476436 1.00773 0.14161 -0.0680915 0.14161 0.884893 0.0310738 -0.0680915 0.0310738 0.259444 
-75 -20 0 -303.968 -80.4801 0.495296 223.479 -9.2602 0.0859494 -9.2602 16.0292 -1.78209 0.0859494 -1.78209 0.429042 
-62 -28 -1 -251.19 -114.723 -5.40972 3.72919 0.554394 -0.520022 0.554394 3.46717 -1.85722 -0.520022 -1.85722 2.52742 
-79 -35 0 -318.456 -141.858 -2.57474 0.716788 -0.326132 -0.0135633 -0.326132 0.939 0.0154175 -0.0135633 0.0154175 0.246948 
-67 -37 0 -269.661 -149.122 -0.462675 1.01981 -0.557689 0.0070955 -0.557689 3.0246 -0.389562 0.0070955 -0.389562 0.341709 
-75 -35 0 -302.405 -141.857 -1.33107 0.700544 0.0745285 0.107217 0.0745285 0.845732 0.0236772 0.107217 0.0236772 0.266506 
-74 -34 -1 -297.898 -137.04 -4.26065 0.774361 -0.0454845 0.685867 -0.0454845 1.9805 11.3809 0.685867 11.3809 123.468 
-71 -35 0 -285.906 -141.908 -0.238215 0.884039 -0.0638602 -0.0420728 -0.0638602 0.670148 -0.0083034 -0.0420728 -0.0083034 0.187817 
-75 -30 0 -301.942 -123.555 -3.21511 0.711934 0.337431 0.850187 0.337431 10.9222 1.11132 0.850187 1.11132 5.47864 
-71 -30 -1 -286.072 -122.322 -6.01211 0.766195 0.0280965 2.806 0.0280965 0.879557 8.44802 2.806 8.44802 755.282 
-62 -36 1 -250.936 -146.559 5.25791 3.20137 -1.01161 -0.0405828 -1.01161 0.892522 0.23271 -0.0405828 0.23271 1.23455 
-70 -35 0 -281.825 -141.886 -0.688438 0.930252 -0.0274425 0.0120019 -0.0274425 0.908714 -0.0111638 0.0120019 -0.0111638 0.205404 
-67 -35 0 -269.914 -142.241 -0.980932 0.699016 0.131038 0.0628032 0.131038 1.02994 0.0462015 0.0628032 0.0462015 0.213534 
-64 -35 0 -258.196 -142.204 -0.566956 0.952277 -0.00597656 0.00185863 -0.00597656 0.9545 -0.095943 0.00185863 -0.095943 0.176637 
-81 -18 0 -324.243 -75.0031 1.09922 220.153 0.127689 3.84306 0.127689 219.977 -7.2994 3.84306 -7.2994 0.529976 
-83 -21 0 -332.156 -86.7822 3.22247 82.1739 -0.0642521 -0.0252038 -0.0642521 1.0961 -0.698482 -0.0252038 -0.698482 3.49052 
-66 -36 0 -265.799 -146.077 -0.669671 1.34701 0.748688 0.0400376 0.748688 1.0596 0.150117 0.0400376 0.150117 0.285663 
-80 -35 0 -321.971 -141.463 -2.52348 1.00152 -0.90064 0.0102424 -0.90064 4.21674 0.196178 0.0102424 0.196178 0.223923 
-78 -19 0 -314.599 -79.3534 1.17296 6.56001 34.4482 -1.36482 34.4482 221.897 -7.06871 -1.36482 -7.06871 0.525349 
-62 -35 0 -250.985 -141.57 0.946586 3.40425 0.735599 -0.213655 0.735599 1.21481 0.00674497 -0.213655 0.00674497 0.273268 
-66 -32 0 -266.5 -131.541 -2.80284 4.28028 -2.41496 -0.956203 -2.41496 14.5978 2.54463 -0.956203 2.54463 2.21025 
-65 -36 2 -262.022 -145.585 8.55834 1.91406 -0.271613 1.09876 -0.271613 1.01919 -0.995369 1.09876 -0.995369 6.55311 
-78 -35 0 -314.252 -141.214 -0.465538 2.70023 -0.0652591 -0.0459541 -0.0652591 1.57682 0.198459 -0.0459541 0.198459 0.147892 
-84 -32 1 -336.854 -130.514 5.40936 1.58712 0.371089 -0.0506116 0.371089 1.37811 -1.14259 -0.0506116 -1.14259 1.53905 
-68 -34 0 -273.588 -138.608 0.171374 0.937274 0.109835 0.184814 0.109835 1.31377 -0.152411 0.184814 -0.152411 0.242315 
-73 -35 0 -294.54 -141.472 -1.22314 1.78364 0.579705 0.167008 0.579705 1.09552 0.120564 0.167008 0.120564 0.341088 
-84 -24 0 -336.982 -98.7989 -0.977486 18.9605 1.33671 0.417236 1.33671 2.16937 0.220629 0.417236 0.220629 0.171594 
-83 -32 2 -332.863 -130.179 9.83301 3.86552 1.0881 -0.306923 1.0881 1.30659 -0.310746 -0.306923 -0.310746 0.77938 
-82 -27 0 -331.002 -111.568 -1.73417 27.3823 -9.86961 8.7044 -9.86961 11.4867 -2.91447 8.7044 -2.91447 3.21408 
-82 -34 0 -330.418 -139.473 -0.450607 102.435 25.6605 -5.13743 25.6605 12.0638 -2.50984 -5.13743 -2.50984 0.637776 
-83 -23 0 -332.408 -94.0228 1.89129 406.764 187.217 407.061 187.217 128.823 183.727 407.061 183.727 416.788 
-75 -34 0 -301.724 -137.5 -1.36636 2.5154 1.254 0.0021599 1.254 1.97866 0.0668646 0.0021599 0.0668646 0.341689 
-73 -34 0 -292.822 -137.893 -2.31015 3.36767 -2.52373 -0.603885 -2.52373 3.13835 0.380644 -0.603885 0.380644 0.568837 
-72 -34 0 -290.161 -138.74 -1.73474 1.20484 1.19141 0.0511427 1.19141 2.47001 0.238369 0.0511427 0.238369 0.379424 
-76 -34 -1 -305.664 -138.373 -4.26801 5.94172 2.83324 0.320062 2.83324 4.44538 9.75478 0.320062 9.75478 77.0063 
-70 -34 0 -282.174 -139.364 -0.801543 1.15642 -0.134339 -0.117497 -0.134339 3.78606 -0.0947696 -0.117497 -0.0947696 0.207675 
-66 -34 0 -266.172 -138.407 -1.3347 1.3428 -0.452674 -0.207297 -0.452674 1.46208 0.204537 -0.207297 0.204537 0.298403 
-66 -28 -1 -266.03 -114.39 -5.61276 0.736701 -0.06666 0.0958449 -0.06666 3.07863 -1.89897 0.0958449 -1.89897 3.25569 
-78 -34 0 -314.33 -138.866 -1.02315 1.99916 0.699329 0.135237 0.699329 2.22027 -0.0382279 0.135237 -0.0382279 0.162558 
-77 -34 0 -310.775 -138.061 -2.05907 4.3154 0.167073 -0.192747 0.167073 2.02694 0.125371 -0.192747 0.125371 1.47873 
-69 -36 0 -278.075 -146.558 -0.362294 0.653513 0.0380464 0.0484234 0.0380464 1.05978 0.125328 0.0484234 0.125328 0.337438 
-83 -24 0 -333.513 -99.263 0.494768 1.06035 0.38072 -0.0610878 0.38072 4.82868 -0.292154 -0.0610878 -0.292154 0.282237 
-67 -33 0 -269.407 -134.418 -1.98797 2.16724 -0.168406 0.000115764 -0.168406 1.78758 0.0160723 0.000115764 0.0160723 0.568811 
-66 -33 0 -265.546 -134.215 -2.41305 2.11617 1.08379 -0.234944 1.08379 1.22013 -0.0594054 -0.234944 -0.0594054 1.09042 
-65 -36 0 -261.67 -145.988 -0.317979 0.563119 0.133834 0.0230423 0.133834 0.610703 0.11582 0.0230423 0.11582 0.242868 
-71 -33 0 -286.498 -132.774 -2.84832 2.23864 1.02889 -0.0670162 1.02889 3.7901 -0.503046 -0.0670162 -0.503046 1.54667 
-77 -25 -1 -309.59 -102.107 -5.63086 0.670253 0.0050494 -0.635101 0.0050494 1.71489 -6.34386 -0.635101 -6.34386 34.1668 
-72 -29 0 -289.838 -116.347 -3.75349 0.815053 1.32575 -3.4975 1.32575 239.277 -300.215 -3.4975 -300.215 632.133 
-65 -33 0 -263.749 -135.11 -3.06158 45.3055 5.34566 2.77707 5.34566 5.66242 0.270705 2.77707 0.270705 2.55925 
-70 -35 1 -281.675 -141.673 5.39375 1.33964 -0.403743 0.186482 -0.403743 0.905146 -0.0829104 0.186482 -0.0829104 1.00382 
-63 -33 0 -253.894 -134.724 -2.16066 3.17406 -2.33041 -0.130657 -2.33041 2.39959 0.224505 -0.130657 0.224505 0.64415 
-64 -36 1 -258.291 -146.744 5.5897 1.04713 0.0988299 0.0595055 0.0988299 1.10764 -0.31657 0.0595055 -0.31657 1.13767 
-79 -31 1 -319.699 -124.313 4.91725 1213.37 -1105.76 -19.3901 -1105.76 1043.13 18.2608 -19.3901 18.2608 3.23843 
-78 -33 0 -313.821 -133.94 -3.06697 3.48761 0.393047 1.31063 0.393047 1.29786 0.312272 1.31063 0.312272 5.83098 
-75 -36 0 -301.328 -145.593 -1.61034 1.46003 -0.236378 0.148633 -0.236378 0.93123 0.121982 0.148633 0.121982 0.408036 
-66 -12 -1 -265.021 -50.9126 -6.28067 7.59941 11.8051 64.2421 11.8051 24.2402 120.525 64.2421 120.525 708.777 
-76 -33 0 -305.269 -133.52 -2.5148 2.78152 0.415983 0.254125 0.415983 2.11034 -0.212178 0.254125 -0.212178 1.76813 
-73 -33 0 -293.029 -133.524 -2.36849 2.11619 -0.0814161 -0.448258 -0.0814161 1.41866 0.183282 -0.448258 0.183282 1.404 
-79 -26 -1 -318.246 -105.714 -5.299 1.00069 -0.315465 2.9612 -0.315465 1.00325 -2.93153 2.9612 -2.93153 16.8524 
-76 -22 0 -307.523 -88.5551 -2.57991 19.9841 -7.89926 4.27493 -7.89926 16.0668 -2.45959 4.27493 -2.45959 2.68293 
-67 -34 0 -271.421 -138.919 -1.25253 2.37518 -1.11327 0.234857 -1.11327 1.81397 -0.105014 0.234857 -0.105014 0.241799 
-72 -28 0 -289.841 -113.239 -2.29683 0.857457 -0.171802 -0.0117499 -0.171802 8.78195 -1.06295 -0.0117499 -1.06295 1.80174 
-63 -37 0 -254.022 -149.086 -0.0730324 0.572697 -0.545044 -0.148926 -0.545044 3.13519 0.102906 -0.148926 0.102906 0.357047 
-69 -33 0 -276.367 -133.438 -1.06609 14.8077 -1.09308 1.31526 -1.09308 2.59889 -0.607191 1.31526 -0.607191 1.1093 
-77 -33 0 -310.265 -133.34 -2.63872 4.88313 1.64977 1.24464 1.64977 2.38816 0.408411 1.24464 0.408411 2.35973 
-77 -32 0 -310.524 -131.903 -2.81813 29.0546 -16.198 18.3514 -16.198 106.883 -8.93732 18.3514 -8.93732 15.8991 
-73 -33 -1 -293.959 -133.978 -4.98723 0.736081 0.0725599 0.246403 0.0725599 9.10412 36.1347 0.246403 36.1347 158.189 
-71 -37 1 -286.419 -148.397 5.64164 1.20363 -0.790985 -0.213776 -0.790985 10.699 1.10292 -0.213776 1.10292 0.949402 
-62 -34 0 -250.747 -137.961 -0.871811 3.88799 -0.385927 0.198431 -0.385927 1.66068 0.524084 0.198431 0.524084 0.391779 
-80 -22 -1 -321.807 -89.8185 -4.43413 1.41096 -0.685936 -0.706832 -0.685936 3.0737 -0.623594 -0.706832 -0.623594 5.40784 
-64 -33 0 -257.26 -132.844 -2.32111 8.08353 -0.391437 -0.338965 -0.391437 6.88781 0.763096 -0.338965 0.763096 2.00564 
-72 -28 -1 -290.414 -114.482 -6.19306 1.43978 -0.382846 -4.19333 -0.382846 1.29 1.33463 -4.19333 1.33463 42.314 
-73 -32 0 -292.513 -131.713 -2.90465 11.7695 -3.94233 -1.44035 -3.94233 21.3149 -0.452346 -1.44035 -0.452346 2.39034 
-78 -27 -1 -314.051 -109.875 -5.78622 2.2805 -0.409144 34.9105 -0.409144 1.09364 -9.41121 34.9105 -9.41121 874.295 
-80 -32 0 -320.731 -128.599 -0.493813 51.887 -86.4848 1.06475 -86.4848 159.738 -1.78353 1.06475 -1.78353 0.291547 
-80 -31 0 -320.253 -126.158 -0.102435 79.4576 -3.80107 0.560498 -3.80107 0.657195 -0.131705 0.560498 -0.131705 0.231775 
-75 -31 0 -301.749 -124.952 -3.37569 1.16067 -0.335972 1.9463 -0.335972 3.9536 -2.35214 1.9463 -2.35214 10.195 
-77 -31 0 -309.268 -124.223 -3.61454 54.7453 270.754 19.0665 270.754 1377.21 93.7959 19.0665 93.7959 23.3905 
-78 -26 -1 -313.589 -106.292 -5.74144 1.41935 -0.187169 21.0728 -0.187169 1.16482 -10.885 21.0728 -10.885 646.65 
-81 -23 0 -326.969 -93.9155 -1.40824 3.01005 -0.524979 0.379283 -0.524979 0.867898 -0.0597138 0.379283 -0.0597138 0.537832 
-84 -31 2 -337.296 -126.12 9.2691 3.04352 -3.47716 2.2458 -3.47716 6.87796 -3.91848 2.2458 -3.91848 3.32332 
-78 -30 0 -313.133 -123.483 -3.48645 17.0717 65.65 -5.59688 65.65 269.404 -28.2794 -5.59688 -28.2794 9.1336 
-66 -35 1 -265.424 -141.705 5.17259 1.17352 0.192731 -0.421545 0.192731 1.27767 -0.026272 -0.421545 -0.026272 1.17824 
-78 -35 2 -314.229 -142.262 9.72681 1.5174 0.384447 0.0337659 0.384447 1.00364 0.0459345 0.0337659 0.0459345 0.630591 
-68 -35 -1 -273.794 -141.212 -4.06973 2.34718 -0.0664255 12.3513 -0.0664255 0.539415 -0.384747 12.3513 -0.384747 476.357 
-76 -20 -1 -305.048 -82.5865 -4.79463 6.96972 0.422537 -2.64415 0.422537 0.834185 -1.42938 -2.64415 -1.42938 5.9921 
-82 -29 0 -330.854 -116.321 -1.30828 5.41377 -1.99086 -0.00357948 -1.99086 13.4151 -1.2096 -0.00357948 -1.2096 0.325072 
-71 -28 0 -286.147 -113.408 -2.48915 0.853487 0.117723 0.0694082 0.117723 4.83031 -1.23941 0.0694082 -1.23941 1.65296 
-82 -28 0 -331.054 -114.11 -0.759022 3.02547 0.510934 0.704945 0.510934 0.831614 0.293182 0.704945 0.293182 0.45153 
-65 -28 0 -262.014 -113.904 -1.79779 0.925626 1.86514 0.0953426 1.86514 83.2273 -2.15287 0.0953426 -2.15287 0.429807 
-64 -28 0 -258.059 -114.003 -2.44397 0.926041 10.1193 -0.0913125 10.1193 790.88 -2.51446 -0.0913125 -2.51446 1.44391 
-63 -28 0 -254.079 -114.089 -2.39577 0.811936 5.46603 -0.0120156 5.46603 255.138 -2.40437 -0.0120156 -2.40437 1.39133 
-62 -28 0 -250.952 -114.122 -2.55146 3.14773 0.675996 0.272998 0.675996 15.7003 1.18419 0.272998 1.18419 1.31263 
-66 -28 0 -265.986 -113.794 -2.44192 1.14056 17.0864 -0.0519816 17.0864 750.338 -1.67471 -0.0519816 -1.67471 1.28917 
-64 -36 2 -259.336 -146.695 9.19666 36.051 -0.397288 3.07081 -0.397288 0.740628 -0.382642 3.07081 -0.382642 1.08441 
-70 -28 0 -281.97 -113.379 -2.48748 1.33069 20.8524 -0.25728 20.8524 738.934 -7.85169 -0.25728 -7.85169 1.43861 
-69 -28 0 -278.296 -113.503 -2.03967 0.871731 1.24072 0.299255 1.24072 140.514 2.22429 0.299255 2.22429 0.691351 
-69 -35 0 -278.038 -142.072 -1.10189 0.827111 0.136673 0.00885083 0.136673 0.91473 0.011173 0.00885083 0.011173 0.219583 
-76 -35 1 -304.965 -142.997 5.01388 0.892464 -0.286642 -0.0232033 -0.286642 3.15229 1.41671 -0.0232033 1.41671 2.23638 
-80 -24 -1 -320.872 -98.045 -4.76065 1.73068 -1.4682 0.624301 -1.4682 5.21547 -3.53635 0.624301 -3.53635 8.03149 
-73 -28 0 -293.769 -113.148 -1.99621 1.24568 -0.0659572 0.208093 -0.0659572 9.21072 -0.170987 0.208093 -0.170987 1.03285 
-81 -26 0 -326.666 -106.499 -3.3139 11326.1 -322.215 -287.385 -322.215 54.659 -1.83972 -287.385 -1.83972 21.5849 
-81 -25 0 -327.253 -100.6 -1.6615 3.57813 -1.02422 0.368181 -1.02422 5.5504 -0.980538 0.368181 -0.980538 0.601466 
-76 -27 -1 -305.876 -109.911 -6.05103 0.877131 0.106163 2.45186 0.106163 0.879177 1.26207 2.45186 1.26207 41.6433 
-85 -23 0 -341.225 -94.2078 -2.22945 127.618 67.4987 17.7427 67.4987 39.773 11.6378 17.7427 11.6378 4.02873 
-64 -16 -1 -257.36 -66.6626 -6.54627 3.66806 0.881953 19.7927 0.881953 1.11257 4.5987 19.7927 4.5987 834.051 
-81 -22 0 -325.926 -89.9412 -0.181046 1.19439 -0.251079 0.165214 -0.251079 1.11926 -0.313974 0.165214 -0.313974 0.411384 
-63 -36 0 -253.689 -145.699 -0.82678 1.2082 0.257398 0.019785 0.257398 0.711948 0.0368826 0.019785 0.0368826 0.210503 
-65 -24 0 -262.22 -97.246 2.92759 1.15271 -0.081933 -0.596821 -0.081933 2.01648 -2.51593 -0.596821 -2.51593 9.96919 
-77 -22 0 -309.11 -88.7065 -1.98968 2.55118 2.47393 -0.926263 2.47393 15.5135 -3.92248 -0.926263 -3.92248 1.82429 
-76 -20 0 -305.553 -81.0786 0.715851 1.16297 -0.0199054 0.215173 -0.0199054 1.61712 -0.286317 0.215173 -0.286317 0.275993 
-75 -33 -1 -302.006 -133.911 -4.86566 0.782496 0.506329 2.82187 0.506329 24.614 133.388 2.82187 133.388 747.752 
-76 -37 0 -304.712 -148.501 -1.34813 5.53025 -2.63703 0.858729 -2.63703 21.618 -2.06321 0.858729 -2.06321 0.422329 
-75 -37 0 -301.921 -149.019 -0.626017 2.11386 -0.937379 -0.307759 -0.937379 4.69207 0.51336 -0.307759 0.51336 0.232384 
-71 -37 0 -285.614 -148.52 0.872995 0.653967 0.21347 0.0378469 0.21347 4.62782 -0.193429 0.0378469 -0.193429 0.209833 
-72 -36 0 -289.372 -145.678 0.36802 1.4013 0.151894 -0.112817 0.151894 0.884017 0.0126492 -0.112817 0.0126492 0.160642 
-76 -37 1 -305.215 -148.527 5.97582 311.183 28.1198 -24.098 28.1198 4.4255 -2.19665 -24.098 -2.19665 2.34998 
-69 -34 0 -277.925 -138.845 0.581224 0.893474 -0.26033 -0.262775 -0.26033 1.78959 -0.152306 -0.262775 -0.152306 0.467229 
-73 -37 0 -293.073 -148.389 0.344523 1.98713 -1.01461 0.678067 -1.01461 19.967 -2.78725 0.678067 -2.78725 0.841484 
-64 -32 0 -256.843 -131.854 -3.14564 8.85988 -5.44771 -41.0928 -5.44771 63.2222 -9.04649 -41.0928 -9.04649 407.122 
-84 -29 0 -337.176 -117.387 3.02039 49.6515 -54.8249 26.036 -54.8249 62.6376 -31.434 26.036 -31.434 20.865 
-81 -24 0 -327.196 -98.5269 -0.813606 1.71047 0.386602 0.292503 0.386602 0.63932 0.0918465 0.292503 0.0918465 0.475695 
-83 -25 0 -333.685 -101.371 1.38192 1.80792 -0.514604 -0.345007 -0.514604 1.10351 0.166452 -0.345007 0.166452 0.329632 
-82 -24 0 -330.091 -98.5606 0.855136 0.910425 0.0210044 0.303964 0.0210044 0.652895 0.0713826 0.303964 0.0713826 0.307001 
-83 -30 2 -333.026 -123.376 10.2938 1.49231 0.157353 -0.803734 0.157353 2.07074 -0.682461 -0.803734 -0.682461 1.45009 
-70 -32 -1 -282.002 -129.979 -5.55089 0.756843 0.101231 0.536489 0.101231 14.6707 77.5607 0.536489 77.5607 434.483 
-80 -21 0 -321.176 -87.3044 -0.535157 8.50446 6.09271 1.56438 6.09271 5.54511 1.30984 1.56438 1.30984 0.737185 
-80 -19 0 -320.201 -78.5192 -0.223415 84.5629 -8.4304 -1.02704 -8.4304 196.702 -5.33532 -1.02704 -5.33532 0.361109 
-80 -18 0 -323.286 -75.0146 0.302884 6.27706 9.26397 -0.302655 9.26397 263.623 -8.49187 -0.302655 -8.49187 0.538048 
-77 -28 -1 -309.698 -114.339 -5.88598 1.02124 0.112696 15.1451 0.112696 1.06829 8.51338 15.1451 8.51338 629.937 
-73 -36 0 -293.638 -145.08 0.059621 1.06532 -0.270057 0.125115 -0.270057 1.6375 0.0329076 0.125115 0.0329076 0.4298 
-76 -37 2 -304.772 -148.243 9.82041 545.285 -217.002 -92.2368 -217.002 305.59 54.8464 -92.2368 54.8464 17.8111 
-77 -21 0 -308.613 -87.2394 -0.835649 9.47252 -2.00246 -0.66421 -2.00246 1.69731 0.465336 -0.66421 0.465336 0.553076 
-75 -33 0 -301.298 -133.287 -1.76937 0.878834 -0.950919 -0.782446 -0.950919 2.62397 0.55219 -0.782446 0.55219 2.5296 
-75 -32 0 -300.253 -131.496 -2.45629 33.0535 3.28564 -0.378545 3.28564 12.0661 3.45091 -0.378545 3.45091 5.77458 
-81 -32 0 -325.253 -130.477 -2.57917 10.0667 -9.1246 -29.5947 -9.1246 9.27652 29.7095 -29.5947 29.7095 113.971 
-84 -33 0 -336.672 -132.658 2.25201 4.5118 -0.38759 0.784099 -0.38759 6.54237 -0.826386 0.784099 -0.826386 1.23271 
-76 -35 0 -304.941 -142.079 0.0118521 0.952525 -0.200886 -0.165061 -0.200886 1.05283 0.286262 -0.165061 0.286262 0.219305 
-84 -23 0 -338.048 -95.0364 0.554728 0.968122 0.692098 -0.130509 0.692098 5.49428 -0.144825 -0.130509 -0.144825 0.165319 
-63 -37 1 -253.874 -148.815 5.82739 0.778226 -1.45388 0.175656 -1.45388 4.44003 -0.571137 0.175656 -0.571137 0.627019 
-78 -24 -1 -312.969 -98.4721 -5.36475 2.4343 -0.866645 -7.38874 -0.866645 1.35343 4.47721 -7.38874 4.47721 40.6739 
-76 -22 -1 -307.357 -88.7071 -4.96089 5.77493 -0.920744 3.2337 -0.920744 4.2779 -1.41503 3.2337 -1.41503 4.28918 
-78 -34 1 -313.928 -137.886 5.79498 1.26044 0.179057 0.126934 0.179057 1.35964 0.265822 0.126934 0.265822 0.993956 
-69 -37 0 -278.438 -148.734 0.414648 0.793625 -0.27437 0.041288 -0.27437 3.76076 0.107527 0.041288 0.107527 0.413637 
-76 -36 0 -305.211 -144.956 0.0806665 0.700679 -0.186251 0.172926 -0.186251 0.534876 -0.0546689 0.172926 -0.0546689 0.240348 
-83 -32 0 -334.284 -129.635 0.22114 1.22014 -0.950806 -0.461441 -0.950806 2.52782 0.508458 -0.461441 0.508458 0.553872 
-68 -31 -1 -273.995 -126.109 -5.99878 0.730651 0.00111394 0.318801 0.00111394 1.61121 20.4022 0.318801 20.4022 646.092 
-84 -25 0 -336.676 -102.755 1.12972 13.9506 -0.180071 0.625268 -0.180071 0.796846 0.218225 0.625268 0.218225 0.431721 
-84 -34 1 -339.179 -139.414 5.38792 9.15608 12.9391 -0.96988 12.9391 35.7056 -3.53786 -0.96988 -3.53786 1.80371 
-68 -36 1 -273.145 -145.776 5.40235 0.704358 0.256198 -0.153788 0.256198 1.38745 -0.19302 -0.153788 -0.19302 1.20687 
-64 -34 0 -258.136 -139.631 1.08221 1.37389 -1.17502 0.687779 -1.17502 16.34 -1.63809 0.687779 -1.63809 0.964168 
-68 -32 0 -275.405 -131.535 -1.02965 7.2277 3.43247 2.14246 3.43247 10.6236 1.32542 2.14246 1.32542 3.10438 
-83 -29 0 -333.528 -117.449 1.72727 2.93884 -0.613177 0.651668 -0.613177 1.41177 -0.459541 0.651668 -0.459541 0.827068 
-78 -19 1 -313.912 -79.362 4.3174 13.3868 82.0652 7.06847 82.0652 527.835 33.744 7.06847 33.744 48.8351 
-80 -20 0 -323.026 -83.2575 -0.873193 8.4618 4.2512 2.52584 4.2512 5.23042 1.37624 2.52584 1.37624 1.04163 
-77 -35 1 -310.993 -142.35 6.0504 0.829556 0.277856 0.00109133 0.277856 0.775689 0.510186 0.00109133 0.510186 1.28558 
-78 -36 2 -312.927 -145.298 9.12603 2.00282 -0.485648 0.28789 -0.485648 0.928458 -0.184005 0.28789 -0.184005 1.41668 
-66 -30 -1 -266.003 -122.004 -6.11955 0.74807 -0.0264151 -1.09664 -0.0264151 1.23592 19.0213 -1.09664 19.0213 745.356 
-82 -14 0 -330.832 -56.8101 -0.549328 12.9521 11.6086 -1.78981 11.6086 11.0501 -1.44644 -1.78981 -1.44644 7.16347 
-77 -19 0 -310.981 -79.8788 2.22969 13.0951 81.4438 -2.00421 81.4438 667.423 -16.5773 -2.00421 -16.5773 1.09015 
-84 -34 0 -339.597 -139.555 3.28186 394.95 670.251 -406.255 670.251 1164.31 -704.052 -406.255 -704.052 428.954 
-70 -36 1 -281.963 -145.992 6.23524 1.04609 -0.243671 0.301424 -0.243671 0.692449 -0.128321 0.301424 -0.128321 1.17264 
-79 -19 1 -318.339 -78.6491 4.28136 13.9492 91.8434 14.1912 91.8434 652.494 128.765 14.1912 128.765 75.7005 
-65 -37 1 -260.996 -148.778 5.31286 2.34736 1.002 -0.599668 1.002 3.44384 0.386164 -0.599668 0.386164 1.17759 
-66 -37 1 -265.322 -149.204 4.76346 49.6198 -54.5352 19.0191 -54.5352 502.149 -96.8516 19.0191 -96.8516 23.1005 
-71 -36 1 -285.988 -146.173 5.70595 0.842158 0.119694 -0.318174 0.119694 0.930485 0.114557 -0.318174 0.114557 0.958227 
-73 -29 0 -293.326 -116.29 -3.82681 2.85419 4.17923 -40.8041 4.17923 398.39 -375.789 -40.8041 -375.789 1682.81 
-80 -30 0 -320.153 -122.179 -0.259497 121.835 125.228 -7.86166 125.228 165.341 -6.70634 -7.86166 -6.70634 0.833242 
-63 -36 1 -253.334 -146.134 5.07518 1.61423 0.823941 0.106662 0.823941 1.02464 0.552266 0.106662 0.552266 2.04736 
-76 -36 1 -305.579 -146.312 6.12254 1.61604 0.341781 -0.396557 0.341781 0.853164 0.215462 -0.396557 0.215462 0.892122 
-69 -36 1 -277.667 -145.781 5.92545 0.999204 -0.0984916 0.593327 -0.0984916 0.905136 0.804807 0.593327 0.804807 1.85802 
-71 -35 1 -285.456 -142.507 5.11646 1.00718 -0.0451145 -0.183459 -0.0451145 1.08735 0.17503 -0.183459 0.17503 1.30645 
-69 -35 1 -277.653 -142.212 5.44065 1.1753 0.0635967 -0.162687 0.0635967 1.004 -0.073797 -0.162687 -0.073797 1.15497 
-63 -35 1 -253.995 -142.402 5.01287 0.740673 -0.0962876 0.137141 -0.0962876 0.697929 -0.10077 0.137141 -0.10077 2.41272 
-65 -36 -1 -262.068 -145.25 -4.19825 0.82334 -0.0519482 -0.431622 -0.0519482 0.456502 -1.09997 -0.431622 -1.09997 48.5371 
-67 -35 1 -271.119 -141.73 4.77129 1.34428 0.310494 0.734818 0.310494 1.26576 0.887446 0.734818 0.887446 4.93528 
-65 -35 1 -262.519 -141.695 5.43961 0.911302 -0.313529 -0.0648981 -0.313529 0.805475 0.0659524 -0.0648981 0.0659524 0.982404 
-67 -28 -1 -269.979 -114.311 -5.63008 0.750892 0.0984074 -0.0977419 0.0984074 2.84616 -1.79148 -0.0977419 -1.79148 3.11367 
-68 -35 1 -274.05 -141.572 5.11666 0.659408 0.109552 0.058092 0.109552 1.2427 -0.215912 0.058092 -0.215912 1.73214 
-70 -34 1 -281.589 -139.424 5.55809 1.16589 -0.834648 0.243476 -0.834648 5.82742 -0.0467898 0.243476 -0.0467898 1.14564 
-69 -34 1 -277.518 -138.918 4.92245 0.607204 -0.784609 0.187438 -0.784609 3.46866 -0.72886 0.187438 -0.72886 3.25966 
-66 -34 1 -265.289 -139.387 5.03967 0.850252 -0.905645 -0.317645 -0.905645 5.16512 0.519464 -0.317645 0.519464 1.74335 
-64 -34 1 -259.488 -139.204 4.72398 23.6026 9.51091 16.4364 9.51091 6.02314 6.99022 16.4364 6.99022 13.7652 
-65 -34 1 -262.275 -138.78 5.16113 0.633095 0.108106 -0.0858061 0.108106 2.30823 0.788273 -0.0858061 0.788273 1.56827 
-65 -13 -1 -262.441 -54.6188 -6.21577 7.55557 2.34396 36.3372 2.34396 1.58227 12.027 36.3372 12.027 222.066 
-78 -33 1 -314.804 -135.612 4.65926 19.2422 -27.5056 20.1774 -27.5056 82.6477 -36.7256 20.1774 -36.7256 31.2476 
-80 -22 0 -321.667 -89.3268 -1.11713 1.68103 -0.614277 0.184041 -0.614277 2.82538 -0.517287 0.184041 -0.517287 0.459562 
-83 -32 1 -333.239 -130.541 6.40144 1.57237 -0.0312378 -0.402357 -0.0312378 0.71855 -0.0983197 -0.402357 -0.0983197 1.18089 
-79 -30 1 -319.49 -122.938 4.97507 98.1302 25.1916 -2.52827 25.1916 9.77228 -0.564987 -2.52827 -0.564987 3.37732 
-83 -29 1 -333.661 -117.185 5.77624 2.21862 -0.554703 -0.20332 -0.554703 1.63779 0.0359557 -0.20332 0.0359557 0.8619 
-84 -25 1 -336.997 -102.415 5.25379 14.6697 20.7138 -18.2348 20.7138 31.734 -26.9752 -18.2348 -26.9752 24.9876 
-78 -32 -1 -313.91 -130.404 -5.01328 0.61811 0.217679 1.16562 0.217679 0.972675 0.492566 1.16562 0.492566 16.3192 
-83 -25 1 -333.543 -101.94 5.8164 1.22411 -0.19255 0.0815055 -0.19255 1.05592 0.276344 0.0815055 0.276344 0.774015 
-83 -23 1 -332.864 -93.3112 6.31067 1.27148 -0.33441 0.282967 -0.33441 0.943526 -0.548045 0.282967 -0.548045 0.911486 
-82 -22 1 -331.668 -90.5031 5.28919 18.8507 1.38124 -0.711785 1.38124 1.65327 -0.425121 -0.711785 -0.425121 0.943871 
-83 -21 1 -332.546 -86.3296 5.93035 6.3409 -0.366001 1.19211 -0.366001 1.07135 0.1606 1.19211 0.1606 0.929572 
