-85 16 -1 -342.427 66.0816 -4.87659 2.35561 1.17197 -22.8972 1.17197 1.37987 -7.71066 -22.8972 -7.71066 385.265 
-85 15 -1 -342.473 62.6758 -4.89007 3.17557 4.23932 -3.65998 4.23932 13.4072 5.3386 -3.65998 5.3386 26.4784 
-86 12 -1 -345.653 50.8644 -4.90606 0.967376 -0.479211 -1.48917 -0.479211 3.3566 1.48582 -1.48917 1.48582 7.06439 
-85 12 -1 -342.683 51.1214 -5.25345 1.02632 -0.211369 1.52558 -0.211369 8.40544 -2.06143 1.52558 -2.06143 8.9392 
-76 13 -1 -304.776 53.2978 -4.13502 446.878 -13.695 -328.842 -13.695 1.17988 8.86027 -328.842 8.86027 390.631 
-85 14 -1 -342.738 56.948 -4.59864 16.891 -5.18154 15.0862 -5.18154 2.32519 -4.75782 15.0862 -4.75782 21.0544 
-82 14 -1 -329.799 58.4291 -5.252 4.46664 2.38732 -20.8269 2.38732 2.32921 -24.8995 -20.8269 -24.8995 460.433 
-78 13 -1 -312.85 52.88 -4.31323 26.5537 13.8331 -30.5768 13.8331 37.0789 -82.7253 -30.5768 -82.7253 226.201 
-76 12 0 -306.2 50.9689 -2.79858 2.45444 0.0278285 1.62138 0.0278285 2.37457 0.219331 1.62138 0.219331 2.41979 
-81 15 -1 -325.275 61.7588 -5.03533 7.92425 -2.74375 63.4778 -2.74375 3.50196 -38.3895 63.4778 -38.3895 673.382 
-86 18 1 -345.639 72.4429 4.55125 63.2704 -137.21 -3.25004 -137.21 365.041 -1.88458 -3.25004 -1.88458 3.11171 
-78 13 0 -313.145 53.2402 -1.58093 16.2347 11.0283 2.70869 11.0283 35.3275 4.6691 2.70869 4.6691 0.981586 
-85 13 -1 -341.927 54.0989 -4.93797 3.6427 -1.75944 9.16391 -1.75944 1.59902 -4.43406 9.16391 -4.43406 28.5635 
-83 14 -1 -333.219 58.2627 -5.07762 6.00881 -6.54176 13.7309 -6.54176 11.1278 -24.4019 13.7309 -24.4019 61.9959 
-76 16 0 -306.349 64.4424 -2.96471 816.982 376.364 4.06302 376.364 188.465 1.43716 4.06302 1.43716 1.09303 
-80 12 0 -321.381 51.1034 -2.01062 26.9554 -20.8291 2.603 -20.8291 21.9609 -1.91974 2.603 -1.91974 1.12539 
-76 13 0 -306.148 53.9931 -2.63153 1.93961 0.109334 0.297343 0.109334 0.859933 -0.0177341 0.297343 -0.0177341 0.356271 
-76 12 -1 -304.835 50.9428 -4.1599 310.659 12.7278 -617.21 12.7278 3.27793 -34.34 -617.21 -34.34 2530.98 
-85 14 0 -342.524 57.7851 -3.76227 35.0319 0.121743 -105.709 0.121743 3.59436 -18.6028 -105.709 -18.6028 435.675 
-84 13 -1 -339.045 53.1087 -5.35053 2.93277 -2.84053 44.9112 -2.84053 7.04432 -88.6433 44.9112 -88.6433 1473.86 
-76 14 0 -306.418 57.9468 -2.37394 183.916 1.35633 -2.78847 1.35633 0.636144 -0.0824914 -2.78847 -0.0824914 0.547192 
-76 15 0 -306.355 61.9559 -1.486 104.966 -1.71825 -1.82777 -1.71825 0.734097 0.0339142 -1.82777 0.0339142 0.345199 
-86 18 0 -346.021 72.5693 -0.446885 78.151 4.7828 -4.16409 4.7828 110.499 2.96965 -4.16409 2.96965 0.427892 
-86 17 -1 -346.292 69.5469 -4.96188 21.9758 7.48841 1.77172 7.48841 3.36364 -11.4281 1.77172 -11.4281 319.955 
-83 17 -1 -334.685 68.8784 -4.43528 1.01338 -2.77442 2.20687 -2.77442 16.0771 -12.8979 2.20687 -12.8979 31.8678 
-86 18 -1 -346.08 72.4201 -4.71929 11.0878 -19.8373 53.3532 -19.8373 87.2601 -179.246 53.3532 -179.246 601.959 
-76 17 0 -305.886 69.1069 -1.19604 6.60042 -1.38812 -0.225987 -1.38812 7.05205 -0.0268775 -0.225987 -0.0268775 0.325647 
