-107 14 3 -430.983 59.3528 14.2041 493.688 442.593 138.492 442.593 574.079 174.649 138.492 174.649 54.3431 
-110 14 3 -442.165 57.6921 13.9478 47.0207 -95.5016 -12.9568 -95.5016 465.427 14.5386 -12.9568 14.5386 4.63461 
-110 13 3 -442.634 53.5912 13.7032 33.9077 16.1221 7.89415 16.1221 31.0427 31.3091 7.89415 31.3091 35.6057 
-104 13 2 -418.959 55.7045 10.0216 685.709 12.3102 -126.601 12.3102 725.994 108.258 -126.601 108.258 40.9947 
-92 12 2 -369.331 51.6474 8.96133 2.05627 0.3921 1.69861 0.3921 12.019 8.34474 1.69861 8.34474 15.434 
-105 17 2 -423.635 70.9693 9.60177 226.566 231.255 60.8206 231.255 382.811 105.431 60.8206 105.431 29.7584 
-107 15 2 -430.201 60.9451 10.115 130.964 -185.816 -51.2488 -185.816 269.778 74.4231 -51.2488 74.4231 20.9857 
-103 14 2 -413.525 58.8409 9.814 93.498 29.3761 0.969549 29.3761 260.711 38.6253 0.969549 38.6253 6.3612 
-110 14 2 -442.867 57.3465 10.2004 98.0377 -29.3725 -8.00165 -29.3725 13.4506 3.71082 -8.00165 3.71082 1.87346 
-100 15 2 -402.576 60.7288 9.35655 29.2928 -10.7278 -0.164442 -10.7278 159.146 9.46434 -0.164442 9.46434 1.73608 
-92 13 2 -370.039 52.893 8.62891 2.35414 -0.175344 2.72922 -0.175344 0.728905 -0.432664 2.72922 -0.432664 4.47628 
-91 12 2 -366.583 51.3883 9.05052 35.9343 49.323 6.61614 49.323 72.2106 6.17254 6.61614 6.17254 4.92266 
-94 15 1 -378.133 61.9595 4.74527 4.38692 -15.5545 12.3759 -15.5545 491.218 221.005 12.3759 221.005 214.711 
-105 14 1 -420.356 56.6576 6.28586 141.624 -165.559 73.279 -165.559 363.923 -126.816 73.279 -126.816 48.8582 
-105 17 1 -423.601 71.718 5.53137 95.0877 -101.384 -8.00544 -101.384 424.462 43.0434 -8.00544 43.0434 4.90126 
-112 17 1 -448.504 68.1111 5.37668 100.129 106.236 3.30133 106.236 533.698 -1.12659 3.30133 -1.12659 1.10788 
-100 15 1 -402.268 60.8952 5.22093 158.122 77.6437 5.45905 77.6437 712.126 -24.5982 5.45905 -24.5982 2.01944 
-99 14 1 -398.105 58.8329 5.69906 97.2497 52.7484 -19.0934 52.7484 383.917 0.673402 -19.0934 0.673402 4.79632 
-110 14 1 -443.054 57.9086 5.89147 6.60088 12.5915 1.78401 12.5915 113.605 12.9623 1.78401 12.9623 2.31676 
-96 14 1 -387.149 56.1722 5.41724 127.283 -234.151 -27.4611 -234.151 847.623 63.7844 -27.4611 63.7844 7.29319 
-104 13 1 -419.495 55.9434 5.37569 328.596 -87.1356 -34.3268 -87.1356 621.84 20.6392 -34.3268 20.6392 4.46197 
-93 13 2 -372.517 52.8147 9.43956 1.54885 -1.44712 -0.0699072 -1.44712 4.39952 0.293289 -0.0699072 0.293289 0.917621 
-107 13 1 -429.257 53.8698 5.79238 7.88021 -4.62779 -0.321578 -4.62779 13.679 -0.106677 -0.321578 -0.106677 1.00174 
-92 13 1 -371.049 53.3542 6.44309 8.85327 0.0446944 -4.47263 0.0446944 1.31337 0.0339511 -4.47263 0.0339511 3.16048 
-93 13 1 -372.636 53.2385 6.03588 3.33842 2.80227 0.79709 2.80227 55.3579 3.39891 0.79709 3.39891 0.988875 
-97 13 1 -390.206 53.064 5.14657 13.1006 20.4184 -2.93445 20.4184 35.2764 -5.28487 -2.93445 -5.28487 2.07007 
-97 12 1 -389.321 51.5769 5.92133 27.8816 14.1044 0.380724 14.1044 12.3492 0.569926 0.380724 0.569926 0.704458 
-104 21 0 -417.429 86.7528 1.20468 2.24294 1.5997 -1.83262 1.5997 4.48187 -4.46145 -1.83262 -4.46145 5.42381 
-92 14 0 -368.667 56.4555 -0.533583 98.053 15.5283 -10.889 15.5283 4.05171 -1.61806 -10.889 -1.61806 1.4042 
-102 17 0 -409.32 70.7161 -1.95416 3.48392 3.4276 -5.39738 3.4276 14.9513 -31.2476 -5.39738 -31.2476 79.6786 
-105 18 0 -423.779 72.248 0.833983 68.529 -41.0934 -3.39158 -41.0934 159.465 9.79759 -3.39158 9.79759 0.835996 
-99 14 0 -398.183 58.7967 -0.278746 41.1177 37.048 0.381317 37.048 34.3342 0.294566 0.381317 0.294566 0.189237 
-106 14 0 -426.125 58.057 -3.17189 1.03789 -0.290474 0.908913 -0.290474 1.3047 -0.206424 0.908913 -0.206424 1.93458 
-91 14 0 -365.616 56.8114 -2.90626 8.95316 -4.79793 1.14271 -4.79793 4.96277 -0.493719 1.14271 -0.493719 0.334655 
-107 17 0 -430.188 69.2712 -1.4791 15.8737 -6.88064 62.4961 -6.88064 5.65075 -34.4173 62.4961 -34.4173 270.963 
-105 13 0 -421.697 55.8234 -1.47936 0.895111 -10.8219 0.27543 -10.8219 206.704 -4.77936 0.27543 -4.77936 0.526508 
-109 12 1 -437.174 50.8132 6.11569 34.2036 35.6027 -0.882487 35.6027 255.832 4.59461 -0.882487 4.59461 0.89262 
-112 14 0 -449.255 58.7136 -3.90692 3.35703 -3.00838 31.5625 -3.00838 38.174 -298.553 31.5625 -298.553 2593.88 
-98 13 0 -393.616 53.8473 -1.31701 19.1066 5.52422 -4.17562 5.52422 2.06715 -1.12354 -4.17562 -1.12354 1.08728 
-103 13 0 -413.407 53.8764 -0.885642 3.37118 0.140798 0.328061 0.140798 0.772059 0.0355809 0.328061 0.0355809 0.354657 
-96 14 0 -387.648 56.3649 -0.0299203 78.2117 -20.6312 -3.3834 -20.6312 205.165 3.81574 -3.3834 3.81574 0.398042 
-91 13 0 -366.683 54.0384 -3.8139 6.71898 -1.45246 38.5689 -1.45246 1.3674 -7.36189 38.5689 -7.36189 350.349 
-103 14 0 -414.269 59.0207 -0.886275 6.62904 -1.53709 -0.454325 -1.53709 1.76155 -0.01662 -0.454325 -0.01662 0.236039 
-93 13 0 -372.71 53.1849 0.0537855 23.3444 -2.68729 -1.98377 -2.68729 27.8333 -0.870306 -1.98377 -0.870306 0.408087 
-101 15 0 -406.095 60.5606 -3.8798 1.36598 -3.03311 17.4345 -3.03311 20.1696 -90.9127 17.4345 -90.9127 511.709 
-111 13 0 -445.638 55.1027 -1.02611 1.36502 -0.184447 0.294098 -0.184447 1.41006 -0.17164 0.294098 -0.17164 0.294897 
-112 13 0 -448.789 53.6021 -2.02351 68.2969 -24.5251 7.39006 -24.5251 29.1909 -10.5884 7.39006 -10.5884 3.98253 
-101 13 0 -406.28 54.0057 -1.56498 0.726065 0.0278571 0.135113 0.0278571 0.98902 -0.01444 0.135113 -0.01444 0.358508 
-107 13 0 -429.511 54.0387 -1.03899 2.63345 1.35565 -0.171911 1.35565 6.06495 0.154986 -0.171911 0.154986 0.200448 
-104 12 0 -416.408 50.8355 -0.618041 154.088 43.1525 -4.40145 43.1525 175.226 13.0038 -4.40145 13.0038 1.5796 
-91 12 0 -366.669 51.0357 -1.59588 2.77303 1.78089 0.0700842 1.78089 5.23991 0.0234073 0.0700842 0.0234073 0.263493 
-107 12 0 -430.754 50.6148 -1.6687 9.78422 -13.199 -0.199675 -13.199 23.8751 -0.215309 -0.199675 -0.215309 0.213365 
-89 13 0 -358.998 54.6562 0.657489 5.0751 3.10643 -0.195341 3.10643 2.90121 -0.121934 -0.195341 -0.121934 0.242041 
-99 14 -1 -397.825 57.4035 -4.32591 1.43785 -3.44779 20.2434 -3.44779 16.2878 -96.4484 20.2434 -96.4484 616.08 
-101 18 0 -406.375 73.7608 -1.3824 1.01843 -1.8194 6.3195 -1.8194 9.01624 -38.7786 6.3195 -38.7786 193.71 
-111 12 0 -446.991 50.5368 -0.507992 9.83372 -12.3311 -1.7474 -12.3311 20.581 2.29744 -1.7474 2.29744 0.458054 
-109 12 0 -437.4 51.1088 -0.78382 9.73613 17.5015 0.547351 17.5015 97.2825 3.14886 0.547351 3.14886 0.259933 
-102 13 0 -409.923 53.6714 -0.95702 7.87789 2.79067 -0.502695 2.79067 2.11524 0.00859639 -0.502695 0.00859639 0.248702 
-111 18 0 -445.964 73.662 -1.34208 14.2204 9.41753 -62.9155 9.41753 10.9114 -56.0054 -62.9155 -56.0054 329.239 
-92 16 0 -369.642 67.3455 0.242199 101.286 385.5 92.164 385.5 1603.94 483.374 92.164 483.374 234.99 
-108 13 0 -433.894 54.2121 -2.19721 0.946807 -0.227401 -0.077734 -0.227401 1.53744 0.290141 -0.077734 0.290141 0.233176 
-112 16 3 -448.953 67.2305 14.6197 1179.41 -79.2195 -198.035 -79.2195 500.881 248.857 -198.035 248.857 146.76 
-103 14 -1 -414.469 56.8836 -4.21995 1.16014 -2.06873 15.0513 -2.06873 17.5081 -107.364 15.0513 -107.364 873.185 
-104 14 -1 -418.864 56.9029 -4.1626 2.55468 2.73068 -25.5807 2.73068 8.59736 -70.111 -25.5807 -70.111 694.14 
-105 14 -1 -421.713 56.6281 -4.12959 1.44189 -1.90994 21.3287 -1.90994 5.74454 -51.0614 21.3287 -51.0614 691.704 
-95 14 -1 -382.939 56.5646 -4.43096 11.855 -9.93932 30.0738 -9.93932 12.2354 -21.6087 30.0738 -21.6087 121.98 
-98 15 1 -394.311 60.229 4.53089 200.662 -250.299 -32.5815 -250.299 3408.54 -97.2006 -32.5815 -97.2006 20.1244 
-92 12 0 -369.531 51.4371 -0.926576 2.1936 -2.97408 -0.0946838 -2.97408 6.80869 -0.348096 -0.0946838 -0.348096 0.268998 
-96 15 -1 -385.105 62.4669 -4.1246 1.99155 1.10697 -3.49969 1.10697 3.15841 -18.3667 -3.49969 -18.3667 170.96 
-100 12 -1 -402.459 51.0485 -5.06063 0.975303 -0.965507 10.9218 -0.965507 4.22121 -26.843 10.9218 -26.843 516.606 
-96 13 -1 -386.558 53.431 -4.86228 0.334292 -0.154809 0.531037 -0.154809 2.09909 -20.9109 0.531037 -20.9109 275.495 
-88 16 0 -352.81 65.5182 0.142787 8.18838 -0.364257 -0.420557 -0.364257 7.04734 -0.0812148 -0.420557 -0.0812148 0.172515 
-99 18 0 -397.071 73.7578 -1.17987 3.07564 -1.14593 15.5104 -1.14593 1.17298 -7.33253 15.5104 -7.33253 112.36 
-100 13 -1 -401.985 53.7782 -4.69648 0.491779 -0.136928 1.55243 -0.136928 1.14718 -4.60425 1.55243 -4.60425 40.5071 
-95 14 1 -382.285 56.1849 5.0461 87.9616 92.4281 -18.6874 92.4281 1298.38 -32.5956 -18.6874 -32.5956 5.47006 
-101 13 -1 -405.404 53.7481 -4.69395 0.79029 -0.531456 6.73705 -0.531456 1.38011 -13.7048 6.73705 -13.7048 275.934 
-104 12 -1 -417.847 51.0154 -4.72958 0.862087 0.222799 -1.18101 0.222799 4.36711 -5.35986 -1.18101 -5.35986 49.2695 
-101 12 -1 -405.925 51.0226 -4.96738 2.24527 -5.21552 32.9141 -5.21552 22.5636 -117.586 32.9141 -117.586 726.227 
-102 13 -1 -410.382 53.5944 -4.61447 1.41057 1.18662 -3.574 1.18662 2.23164 -8.40151 -3.574 -8.40151 60.1222 
-98 13 -1 -394.093 53.8722 -4.7575 0.792371 0.19104 -0.761596 0.19104 1.27317 -6.1013 -0.761596 -6.1013 56.0638 
-103 13 -1 -413.812 53.9322 -4.57928 0.948555 -1.09906 8.31829 -1.09906 4.96726 -32.8835 8.31829 -32.8835 257.595 
-111 13 -1 -446.48 54.0901 -4.41919 1.35938 0.321934 -4.08973 0.321934 1.46571 -8.22683 -4.08973 -8.22683 85.1095 
-98 12 -1 -394.612 51.3142 -5.06782 1.38018 2.04218 -14.8976 2.04218 8.51194 -69.4043 -14.8976 -69.4043 743.375 
-105 13 -1 -421.785 54.6195 -4.32286 2.10494 -2.99219 21.7779 -2.99219 6.65247 -42.701 21.7779 -42.701 324.316 
-96 12 -1 -387.011 50.6783 -5.03158 4.05971 -0.901581 12.3849 -0.901581 52.5728 -422.318 12.3849 -422.318 3743.05 
-101 14 0 -406.623 59.2399 -3.34327 0.625513 -0.210321 0.107025 -0.210321 17.8213 13.8683 0.107025 13.8683 11.4357 
-99 17 0 -396.862 70.2445 -2.0324 5.32391 -7.18359 38.4735 -7.18359 15.2844 -76.3066 38.4735 -76.3066 393.741 
-97 15 0 -390.498 62.4988 -3.69227 1.1917 -0.502047 1.24871 -0.502047 0.89845 -1.49305 1.24871 -1.49305 45.4377 
-107 13 2 -429.23 53.4649 9.52118 53.4194 -29.0561 -8.18408 -29.0561 17.656 5.7498 -8.18408 5.7498 3.05704 
-88 13 -1 -354.575 53.4289 -5.29011 1.98065 -0.793355 27.8719 -0.793355 2.95311 -32.0089 27.8719 -32.0089 767.786 
-100 16 0 -402.135 65.43 -0.989917 1.72069 0.282768 -0.00807407 0.282768 3.0353 0.427074 -0.00807407 0.427074 0.275108 
-102 15 0 -411.181 62.2121 -2.71968 4.38886 3.60786 -0.841396 3.60786 4.31943 -1.68479 -0.841396 -1.68479 1.37153 
-105 12 -1 -422.152 50.6411 -4.71453 1.27771 -1.00816 4.70291 -1.00816 4.98489 -5.71493 4.70291 -5.71493 33.9428 
-97 14 -1 -390.026 57.996 -4.39177 1.38428 0.90931 -3.86408 0.90931 1.53304 -6.03505 -3.86408 -6.03505 66.0916 
-104 16 0 -418.167 66.2554 -3.11011 4.80829 2.84297 -6.95288 2.84297 3.68577 -7.15899 -6.95288 -7.15899 30.9818 
-111 15 0 -446.181 61.9165 -2.92489 0.916458 -0.0138459 0.584949 -0.0138459 0.863706 -0.357472 0.584949 -0.357472 1.44726 
-104 15 0 -418.539 61.2903 -3.32059 5.37419 -4.81514 -2.10968 -4.81514 4.91856 1.89029 -2.10968 1.89029 2.6767 
-97 13 -1 -389.658 53.3329 -4.55428 1.24001 -0.157657 -1.21156 -0.157657 1.35955 0.992425 -1.21156 0.992425 21.1024 
-101 14 -1 -405.281 58.1654 -4.26957 0.909006 -0.569038 2.82158 -0.569038 13.5911 -96.2701 2.82158 -96.2701 738.233 
-97 13 0 -389.888 52.945 -0.259608 3.24871 1.1879 0.326976 1.1879 4.99584 0.267375 0.326976 0.267375 0.225106 
-111 14 -1 -445.927 56.9778 -4.1038 2.60993 4.94971 -32.4674 4.94971 13.0123 -74.5906 -32.4674 -74.5906 558.343 
-102 12 -1 -409.699 51.1211 -4.88675 1.91226 -2.16277 11.2277 -2.16277 8.82213 -62.0343 11.2277 -62.0343 673.957 
-103 12 -1 -414.375 51.431 -4.85024 12.1297 38.8992 -44.4971 38.8992 130.553 -159.45 -44.4971 -159.45 331.142 
-87 14 -1 -351.273 58.4026 -5.22614 69.6857 -46.2173 -78.5651 -46.2173 33.5413 30.626 -78.5651 30.626 1772.1 
-109 13 0 -438.002 54.3957 -1.53127 0.996636 0.465839 0.236641 0.465839 0.796995 0.181018 0.236641 0.181018 0.209416 
-106 13 0 -426.572 54.6083 -1.61131 0.954352 -0.351567 -0.0548191 -0.351567 1.53569 0.24452 -0.0548191 0.24452 0.122997 
-94 15 0 -379.574 61.4933 2.77189 8.14069 8.8805 11.3403 8.8805 26.3641 21.4969 11.3403 21.4969 31.1688 
-88 14 -1 -354.279 57.6104 -5.12297 2.00168 -0.474033 21.5701 -0.474033 1.31232 -14.2029 21.5701 -14.2029 362.677 
-88 16 -1 -353.069 64.8062 -4.8095 4.57119 5.01039 -5.99005 5.01039 13.0598 -18.9305 -5.99005 -18.9305 48.6702 
-112 12 -1 -449.107 50.7183 -4.80394 3.4982 0.0805883 -3.24324 0.0805883 4.12755 0.938296 -3.24324 0.938296 26.3575 
-98 14 -1 -393.458 57.7098 -4.39193 1.42344 -2.1973 19.2136 -2.1973 9.50914 -69.3679 19.2136 -69.3679 553.159 
-95 13 -1 -383.44 53.6166 -4.70721 5.79476 -3.08254 11.0872 -3.08254 5.0462 -18.1865 11.0872 -18.1865 74.6255 
-89 13 1 -358.658 54.7069 5.43339 1.20162 0.669422 -0.326827 0.669422 2.05215 -0.808136 -0.326827 -0.808136 1.21935 
-89 12 0 -356.935 51.0987 1.60979 4.45508 2.80832 2.83072 2.80832 9.03499 0.626354 2.83072 0.626354 3.88992 
-105 15 0 -423.431 63.1271 -2.83849 31.2136 -24.2096 15.4086 -24.2096 25.2831 -11.1398 15.4086 -11.1398 9.45654 
-112 14 -1 -449.03 56.8698 -4.13959 3.64149 -2.46103 26.2622 -2.46103 8.16648 -65.0351 26.2622 -65.0351 685.581 
-110 17 1 -440.157 68.5726 5.74667 389.716 -83.1297 -23.5033 -83.1297 513.796 0.441908 -23.5033 0.441908 2.0175 
-92 17 1 -371.471 70.3562 5.90472 178.991 56.116 -65.9264 56.116 102.013 -25.8303 -65.9264 -25.8303 26.3986 
-107 15 1 -430.49 61.9149 5.75929 100.575 132.051 1.56631 132.051 399.233 28.5014 1.56631 28.5014 4.22227 
-100 17 0 -403.097 70.0243 -1.94855 3.34726 -1.18256 2.13911 -1.18256 1.11984 -0.964876 2.13911 -0.964876 5.1361 
-88 15 -1 -354.665 61.1764 -4.97471 12.7493 -7.39707 13.2269 -7.39707 4.74558 -4.26737 13.2269 -4.26737 303.591 
-91 12 -1 -366.508 50.4451 -4.07769 6.62494 -5.06891 73.6699 -5.06891 9.47237 -55.2538 73.6699 -55.2538 999.703 
-112 16 2 -448.682 67.9279 9.76192 432.094 -1.2255 40.3421 -1.2255 436.048 14.0419 40.3421 14.0419 4.66688 
-104 13 0 -419.648 55.8002 -0.0106776 45.6218 78.4639 -1.88016 78.4639 140.038 -3.72325 -1.88016 -3.72325 0.3144 
-97 14 0 -388.071 56.4383 -2.66356 493.649 173.887 -17.3481 173.887 411.167 4.70563 -17.3481 4.70563 1.57726 
-110 13 0 -441.607 53.9448 -1.78473 0.657383 -0.363434 -0.0890263 -0.363434 1.3871 0.192086 -0.0890263 0.192086 0.211561 
-106 12 0 -426.118 50.4236 -2.34311 9.49101 -17.996 -2.14026 -17.996 40.566 4.75907 -2.14026 4.75907 1.12436 
-90 12 -1 -361.628 51.1011 -4.74596 10.5454 -6.52063 54.8734 -6.52063 7.48097 -36.9289 54.8734 -36.9289 320.614 
-94 16 0 -376.174 67.2935 -0.552235 73.8098 4.09253 -1.40658 4.09253 5.84051 -0.0677249 -1.40658 -0.0677249 0.217254 
-90 13 -1 -362.266 53.1765 -4.57668 9.63151 -3.00787 60.1352 -3.00787 2.72848 -18.9991 60.1352 -18.9991 396.732 
-109 14 0 -438.535 57.4581 -2.49937 0.893534 -0.213747 0.25305 -0.213747 1.23596 0.0869128 0.25305 0.0869128 0.427575 
-108 15 0 -434.371 61.8797 -1.76253 0.841953 -0.0589163 0.186567 -0.0589163 0.653485 -0.139898 0.186567 -0.139898 0.488334 
-109 12 2 -437.203 50.5953 9.79419 5.21611 -7.12658 -0.69776 -7.12658 39.7702 6.07381 -0.69776 6.07381 1.72383 
-99 13 -1 -398.057 53.5014 -4.82428 0.788326 -1.06106 5.79872 -1.06106 8.6367 -60.1798 5.79872 -60.1798 467.701 
-106 12 -1 -425.686 50.6029 -4.2386 2.17616 0.712124 11.978 0.712124 11.397 -4.42368 11.978 -4.42368 127.048 
-97 16 0 -389.052 65.9145 -1.48598 0.899411 -0.012508 -0.67429 -0.012508 2.85012 -0.36684 -0.67429 -0.36684 1.0076 
-96 19 0 -386.569 77.2085 -1.24467 10.0982 1.06378 34.9752 1.06378 51.7547 -96.7091 34.9752 -96.7091 323.004 
-100 14 -1 -402.106 57.3707 -4.32176 1.12627 -0.396639 3.36731 -0.396639 11.3347 -87.8055 3.36731 -87.8055 728.393 
-107 18 0 -430.523 73.6787 0.107385 2.09482 0.709657 -0.549665 0.709657 2.42539 -0.0925923 -0.549665 -0.0925923 0.639036 
-100 13 0 -403.423 53.4189 -1.21822 58.3106 69.3148 3.4755 69.3148 88.4864 2.46167 3.4755 2.46167 1.11111 
-99 15 0 -398.283 62.0128 -3.66807 1.12064 0.511637 1.8424 0.511637 9.28273 -56.9562 1.8424 -56.9562 404.925 
-94 15 -1 -377.845 61.0569 -4.52571 2.33256 -0.331458 9.409 -0.331458 3.96279 -33.6472 9.409 -33.6472 332.955 
-104 14 1 -419.56 56.1098 5.3784 27.7678 73.0147 -0.398769 73.0147 742.624 31.9676 -0.398769 31.9676 2.76257 
-104 14 0 -418.956 57.3762 -0.254927 1.38456 -0.535055 0.138933 -0.535055 2.21383 0.845188 0.138933 0.845188 0.500844 
-112 18 0 -449.015 74.1637 -1.67539 101.397 42.5056 -304.587 42.5056 29.7547 -169.596 -304.587 -169.596 1082 
-112 17 0 -448.515 68.3096 -0.165386 12.0998 3.52625 -0.450125 3.52625 5.10752 0.171267 -0.450125 0.171267 0.289867 
-112 13 -1 -448.983 53.5831 -4.54938 2.61902 0.782385 -5.12767 0.782385 2.17682 -10.2341 -5.12767 -10.2341 110.346 
-110 13 -1 -442.743 53.6478 -4.23973 5.6492 4.25379 -44.3811 4.25379 5.20381 -45.6425 -44.3811 -45.6425 473.233 
-89 12 -1 -357.898 50.9366 -5.16471 4.94171 -0.0106364 49.3269 -0.0106364 2.77098 -1.35264 49.3269 -1.35264 556.678 
-97 17 0 -391.357 69.7331 -0.561194 3.89176 -2.22418 0.928312 -2.22418 17.3991 -0.575509 0.928312 -0.575509 0.421542 
-97 12 2 -389.191 51.1328 9.14393 16.4892 18.8721 1.36495 18.8721 70.5898 12.2777 1.36495 12.2777 3.77172 
-110 12 0 -441.608 50.9514 0.29353 16.0792 35.3528 0.998664 35.3528 84.6763 1.86656 0.998664 1.86656 0.257676 
-104 13 -1 -417.623 54.2249 -4.44725 0.900073 0.000630964 1.03315 0.000630964 4.98509 -24.5678 1.03315 -24.5678 176.431 
-92 13 0 -369.464 53.387 -1.16965 1.69562 0.533606 -0.100612 0.533606 0.831176 -0.00697143 -0.100612 -0.00697143 0.204854 
-112 15 0 -448.916 61.8181 -3.15141 2.9802 -0.102228 -0.629249 -0.102228 0.737688 -0.205903 -0.629249 -0.205903 0.893282 
-110 14 0 -442.791 57.9605 -1.13658 1.57862 0.828131 0.0796039 0.828131 3.79505 -0.168288 0.0796039 -0.168288 0.181701 
-102 14 0 -410.539 58.7297 -2.63902 11.17 8.87102 -0.706736 8.87102 14.7715 0.278958 -0.706736 0.278958 0.454457 
-100 15 0 -402.097 61.114 -0.446149 11.7577 2.60351 -0.476012 2.60351 5.52901 -0.0143794 -0.476012 -0.0143794 0.21187 
-88 12 -1 -354.409 51.3245 -5.40861 1.47979 -1.58812 20.4234 -1.58812 3.87416 -25.8104 20.4234 -25.8104 411.238 
-111 14 0 -446.018 58.5904 -3.01565 0.921375 -0.106663 0.0306062 -0.106663 0.874766 -0.158324 0.0306062 -0.158324 0.323006 
-111 16 0 -446.532 66.0854 -2.65499 1.52401 1.88656 -8.25487 1.88656 5.00914 -20.8829 -8.25487 -20.8829 98.9756 
-98 15 0 -394.566 60.586 -0.588265 3.86769 -0.664009 -0.292133 -0.664009 2.78388 0.477528 -0.292133 0.477528 0.235774 
-87 19 0 -351.58 76.8336 -1.33074 13.0201 -16.676 -3.44236 -16.676 44.8422 8.486 -3.44236 8.486 1.84897 
-110 15 0 -441.51 62.2923 -2.88893 2.55944 2.19915 -15.2789 2.19915 3.06835 -17.3151 -15.2789 -17.3151 117.79 
-95 15 0 -381.576 61.4083 -0.0304713 4.01735 23.2911 -0.412857 23.2911 149.623 -3.08054 -0.412857 -3.08054 0.336386 
-102 19 0 -410.906 77.5581 -1.02388 8.80922 2.1272 -61.9416 2.1272 18.1528 -62.2527 -61.9416 -62.2527 730.662 
-103 15 0 -415.365 62.6632 -3.57076 69.1671 -14.6157 185.919 -14.6157 14.3564 -92.5143 185.919 -92.5143 783.321 
-94 13 0 -376.94 52.2479 0.418186 166.204 -160.309 1.33212 -160.309 1495.86 -261.187 1.33212 -261.187 52.0429 
-96 16 0 -387.679 65.9721 1.29714 66.8026 42.0378 6.72353 42.0378 86.9553 -3.36886 6.72353 -3.36886 1.75728 
-111 12 -1 -446.17 51.1993 -4.65255 0.679162 -0.359428 -2.17786 -0.359428 3.09093 1.75873 -2.17786 1.75873 71.2829 
-91 16 0 -366.214 66.6213 0.727669 1.38963 3.08978 0.56097 3.08978 18.0615 2.20298 0.56097 2.20298 0.406209 
-108 14 0 -433.855 57.4967 -3.19741 0.778923 1.40282 -8.39443 1.40282 20.0332 -107.234 -8.39443 -107.234 600.107 
-107 14 0 -430.518 57.6472 -3.27011 5.4131 -9.64299 55.8804 -9.64299 21.9716 -125.991 55.8804 -125.991 758.852 
-103 14 1 -413.914 59.1317 6.02662 13.707 -21.551 -1.88066 -21.551 66.3144 4.46786 -1.88066 4.46786 0.834463 
-98 16 0 -394.475 65.4057 -2.67055 1.15825 0.0391068 -0.168422 0.0391068 0.441725 0.0867708 -0.168422 0.0867708 1.13207 
-94 14 0 -379.193 57.5818 0.266661 57.124 -6.69448 -5.10685 -6.69448 163.526 15.3373 -5.10685 15.3373 1.95921 
-106 15 0 -426.059 61.7028 -2.99365 0.964275 -0.44608 -0.0590052 -0.44608 1.13128 -0.381818 -0.0590052 -0.381818 3.00471 
-105 14 0 -421.78 58.1644 -2.84863 0.928385 1.22985 0.884618 1.22985 3.35356 2.09365 0.884618 2.09365 1.55782 
-102 16 0 -410.172 66.8055 -1.22343 1.83986 0.294399 0.102435 0.294399 1.23403 -0.482137 0.102435 -0.482137 0.467801 
-105 16 0 -421.596 66.6167 -3.11772 5.67713 -6.47907 33.7545 -6.47907 11.3748 -68.1551 33.7545 -68.1551 460.217 
-101 16 0 -405.594 65.3229 -2.82237 2.3531 -6.70042 3.44755 -6.70042 29.115 -16.0485 3.44755 -16.0485 10.5823 
-99 16 0 -398.126 66.678 -2.85571 0.750673 0.849796 -0.931575 0.849796 12.2122 -53.8229 -0.931575 -53.8229 300.401 
-105 12 0 -423.567 50.6829 -0.335259 117.134 46.3971 -4.30493 46.3971 21.7947 -1.83684 -4.30493 -1.83684 0.461661 
-109 15 0 -438.094 62.1981 -1.94006 0.828556 0.107888 0.194003 0.107888 1.07145 -0.271241 0.194003 -0.271241 0.491734 
-100 20 0 -401.103 81.0984 0.210199 4.21007 1.50077 -5.88237 1.50077 61.1956 -238.824 -5.88237 -238.824 961.497 
-112 16 0 -449.153 66.1831 -2.5087 4.91054 -0.891026 -1.64901 -0.891026 1.12885 0.566321 -1.64901 0.566321 2.77517 
-105 17 0 -421.584 70.0282 -1.76357 1.39927 0.0931919 0.516828 0.0931919 1.00502 -0.42339 0.516828 -0.42339 0.679592 
-104 17 0 -419.393 68.8523 -2.7171 9.13806 -7.44154 2.43332 -7.44154 13.4836 1.37326 2.43332 1.37326 14.847 
-92 17 0 -371.684 70.2235 0.336785 14.2955 3.07601 -2.02283 3.07601 5.68393 -0.268554 -2.02283 -0.268554 0.607889 
-106 16 0 -427.039 65.879 -2.49942 22.2835 -20.904 149.175 -20.904 21.7715 -147.089 149.175 -147.089 1051.33 
-89 14 -1 -357.159 57.3556 -4.96536 6.60088 -3.65995 50.5153 -3.65995 4.59448 -20.9133 50.5153 -20.9133 460.266 
-108 19 0 -432.718 78.4255 2.12513 202.677 -38.7992 1.03915 -38.7992 10.0235 -2.52094 1.03915 -2.52094 2.68683 
-89 13 -1 -358.356 54.521 -4.92912 3.60315 -0.986294 25.97 -0.986294 2.16421 -16.601 25.97 -16.601 258.252 
-107 15 0 -430.773 62.129 -0.60818 2.33079 -1.08544 -0.0225799 -1.08544 2.2779 0.048816 -0.0225799 0.048816 0.232598 
-110 16 0 -442.024 65.9081 -2.3325 2.48314 2.91615 -17.8196 2.91615 6.84398 -34.1819 -17.8196 -34.1819 192.783 
-107 16 0 -429.676 65.2348 -2.04327 1.03322 0.108315 1.44461 0.108315 2.24923 -0.103073 1.44461 -0.103073 7.03112 
-93 16 0 -375.94 67.4467 -0.693169 160.914 -27.5404 0.701872 -27.5404 67.1272 1.82483 0.701872 1.82483 0.232254 
-108 16 0 -434.035 65.4924 -1.40776 0.804202 0.231469 -0.159392 0.231469 0.719885 -0.138965 -0.159392 -0.138965 0.387534 
-109 12 -1 -438.749 50.9065 -4.10367 10.1098 8.60688 -80.3423 8.60688 11.3288 -74.2239 -80.3423 -74.2239 746.141 
-106 17 0 -425.792 70.2105 -1.67916 0.636862 0.0382347 -0.207484 0.0382347 1.13616 -0.462873 -0.207484 -0.462873 0.602775 
-110 12 -1 -441.982 51.141 -4.3939 3.46358 3.96028 -34.2559 3.96028 8.05906 -39.4842 -34.2559 -39.4842 392.392 
-108 18 0 -433.736 73.3461 -0.398456 2.15919 -5.76578 27.4971 -5.76578 22.0891 -101.856 27.4971 -101.856 481.897 
-110 17 0 -441.547 69.1987 -0.897488 1.06387 0.288535 -0.46333 0.288535 1.04818 0.100249 -0.46333 0.100249 0.97268 
-104 19 0 -417.934 77.9832 -1.44448 3.08653 3.72424 -16.284 3.72424 11.3408 -54.3051 -16.284 -54.3051 269.525 
-88 14 0 -353.966 59.2322 0.927176 6.9158 -26.7441 -5.48169 -26.7441 112.58 21.7327 -5.48169 21.7327 9.20455 
-109 16 0 -437.652 65.6255 -2.05401 3.44483 7.49048 -37.8247 7.49048 21.6769 -105.977 -37.8247 -105.977 553.373 
-95 14 0 -382.925 56.3719 -0.0066392 30.2622 2.01302 -3.11604 2.01302 55.5632 1.81028 -3.11604 1.81028 0.615858 
-111 17 0 -445.909 69.9774 -1.82972 1.49908 -1.20055 -4.03379 -1.20055 1.64165 2.78619 -4.03379 2.78619 32.1889 
-103 17 0 -413.285 70.169 -1.35004 22.8981 -8.16321 9.7158 -8.16321 15.1261 4.9461 9.7158 4.9461 10.2443 
-109 17 0 -438.226 69.9879 -1.14916 2.15438 5.17466 -22.7132 5.17466 27.1483 -117.647 -22.7132 -117.647 522.801 
-106 18 0 -424.545 72.6682 0.0677757 35.3506 38.1072 1.46674 38.1072 43.3441 2.03222 1.46674 2.03222 0.374726 
-103 18 0 -413.836 73.9531 -1.81357 4.93275 -4.99711 -0.811533 -4.99711 18.9241 -50.3265 -0.811533 -50.3265 195.436 
-102 18 0 -410.14 74.4001 -1.43499 4.17227 7.94615 -26.2671 7.94615 16.9014 -57.9392 -26.2671 -57.9392 213.724 
-100 18 0 -401.64 74.0236 -1.31737 1.06943 0.375529 -2.44519 0.375529 16.3641 -67.5523 -2.44519 -67.5523 285.382 
-96 18 0 -386.264 74.0236 -1.51186 42.4717 -39.4382 -113.814 -39.4382 37.5423 106.955 -113.814 106.955 308.67 
-110 18 0 -441.981 73.3833 -0.734742 7.61169 8.1129 -43.8717 8.1129 9.93938 -49.7291 -43.8717 -49.7291 280.004 
-101 17 0 -404.645 69.3037 0.0745902 1.30548 0.510653 -0.267132 0.510653 3.52177 0.199828 -0.267132 0.199828 0.309927 
-105 19 0 -422.5 77.7025 -1.27547 0.711214 -0.0769621 0.193965 -0.0769621 0.50923 0.0254037 0.193965 0.0254037 3.88979 
-107 12 -1 -429.575 50.5832 -4.07685 6.2163 -13.2163 77.7317 -13.2163 46.2823 -195.571 77.7317 -195.571 1240.38 
-97 12 -1 -390.568 51.6181 -4.94706 5.82642 14.0901 -21.9788 14.0901 48.6083 -135.077 -21.9788 -135.077 722.802 
-108 17 0 -434.358 70.2901 -1.01295 2.02949 -5.92876 28.3504 -5.92876 37.3498 -171.558 28.3504 -171.558 808.187 
-103 20 0 -413.456 82.0068 -0.0245675 2.56469 -1.17572 -0.152553 -1.17572 2.82801 -4.51409 -0.152553 -4.51409 10.1784 
-90 13 0 -362.405 53.4488 1.08655 21.3065 19.7416 -32.2862 19.7416 21.1427 -32.1105 -32.2862 -32.1105 51.0547 
-109 18 0 -438.255 73.5908 -0.276957 0.899791 2.2581 -10.6802 2.2581 19.2492 -76.1853 -10.6802 -76.1853 320.817 
-105 20 0 -421.458 80.9321 0.504314 11.1714 -0.660771 -0.839109 -0.660771 84.1136 6.34857 -0.839109 6.34857 1.07693 
-98 17 0 -392.617 70.0311 -0.725532 6.43374 3.81183 -0.647845 3.81183 3.46011 -0.263173 -0.647845 -0.263173 0.357146 
-90 14 -1 -362.248 57.8173 -4.3473 11.7819 -5.28602 90.9988 -5.28602 3.63881 -43.4001 90.9988 -43.4001 752.708 
-108 12 0 -433.75 50.6832 -2.51023 1.10947 -0.663438 -0.203091 -0.663438 3.65752 0.29144 -0.203091 0.29144 0.410381 
