-121 11 3 -484.3 46.6609 15.28 61.9125 -24.5256 135.444 -24.5256 23.2705 -109.606 135.444 -109.606 545.658 
-126 8 3 -506.128 33.5967 13.2336 19.4896 -0.720275 -28.8533 -0.720275 1.2346 -6.30552 -28.8533 -6.30552 311.82 
-133 8 3 -533.302 32.9457 13.7481 0.849934 0.160104 1.23559 0.160104 12.9933 -1.09058 1.23559 -1.09058 3.17789 
-131 12 3 -525.446 49.0323 13.5099 26.4574 11.2976 0.500681 11.2976 20.3194 7.51093 0.500681 7.51093 4.34669 
-133 12 3 -535.142 48.7565 12.5044 10.0251 -4.99275 -5.57594 -4.99275 7.90685 3.41353 -5.57594 3.41353 6.06231 
-137 11 3 -549.69 46.5566 13.311 774.767 -323.685 -113.351 -323.685 141.402 47.7726 -113.351 47.7726 17.5564 
-129 11 3 -518.828 46.3699 13.2281 315.692 43.3939 -36.0407 43.3939 133.344 3.3066 -36.0407 3.3066 5.68581 
-124 11 3 -496.226 45.6605 13.6317 187.956 178.238 19.8383 178.238 435.115 35.6498 19.8383 35.6498 3.73835 
-113 11 3 -453.824 46.3093 12.3728 1.55456 1.50872 -0.0459136 1.50872 2.5741 0.170427 -0.0459136 0.170427 37.8296 
-120 11 3 -481.804 45.5669 13.0063 41.4106 -3.14511 46.8833 -3.14511 57.0864 -35.0716 46.8833 -35.0716 72.1632 
-123 11 3 -495.273 45.5363 13.2273 1.53852 -0.271437 0.0963086 -0.271437 5.12724 -1.22508 0.0963086 -1.22508 1.68057 
-127 10 3 -509.827 41.2204 12.9009 144.417 21.1163 232.875 21.1163 115.211 45.7321 232.875 45.7321 379.576 
-119 10 3 -479.356 43.267 13.8014 98.6989 -18.8349 9.21168 -18.8349 4.83071 -2.30728 9.21168 -2.30728 1.63281 
-121 9 3 -486.216 37.9786 12.5032 2.08207 -1.06451 8.02917 -1.06451 1.1881 -4.04256 8.02917 -4.04256 61.1859 
-134 8 3 -537.218 34.667 12.8379 0.707875 -0.314998 -1.0488 -0.314998 2.71671 4.08776 -1.0488 4.08776 10.6568 
-132 8 3 -531.2 34.2185 12.3739 13.253 2.2208 4.11324 2.2208 1.2249 0.103017 4.11324 0.103017 17.8705 
-127 9 2 -510.861 39.6335 11.5173 224.238 -513.415 -220.008 -513.415 1423.86 381.877 -220.008 381.877 285.957 
-132 7 2 -529.332 29.7882 10.8191 71.8432 41.9919 -72.1618 41.9919 25.5009 -42.3509 -72.1618 -42.3509 81.2601 
-134 11 2 -536.982 46.4591 9.66013 4.47453 -2.325 3.90774 -2.325 2.2346 -1.58465 3.90774 -1.58465 6.66939 
-137 11 2 -549.628 47.1302 9.96975 66.5099 -125.387 -11.2758 -125.387 254.642 24.1195 -11.2758 24.1195 3.21268 
-119 11 2 -479.45 44.2044 10.3496 6.33267 9.07036 -0.460012 9.07036 71.0827 -5.49004 -0.460012 -5.49004 1.31662 
-115 9 2 -463.855 37.4447 9.28191 494.389 23.8089 0.387848 23.8089 6.47503 -2.12251 0.387848 -2.12251 6.87759 
-113 12 2 -454.886 48.4074 8.96377 33.2497 46.3817 19.0605 46.3817 74.7014 29.5519 19.0605 29.5519 12.8392 
-122 11 2 -491.574 47.0364 9.68511 24.9527 50.4201 5.00327 50.4201 112.2 10.7 5.00327 10.7 1.87916 
-123 11 2 -494.543 45.8924 9.93201 0.585538 -0.513811 0.157159 -0.513811 1.80625 0.321323 0.157159 0.321323 0.937481 
-124 11 2 -496.185 45.8441 9.77208 265.104 252.642 -0.233551 252.642 433.571 10.7706 -0.233551 10.7706 1.24668 
-113 11 2 -453.794 46.2674 9.91956 1.43298 0.313649 -0.294207 0.313649 1.80488 0.132304 -0.294207 0.132304 0.764882 
-115 10 2 -461.111 42.6395 8.65326 5.22879 -13.6155 -5.15289 -13.6155 56.8402 18.0453 -5.15289 18.0453 8.40311 
-136 10 2 -546.788 41.7776 9.94926 6.21807 14.8223 0.238707 14.8223 46.8767 1.89433 0.238707 1.89433 0.666974 
-121 10 2 -485.902 41.1498 9.77649 1.52547 1.36508 -0.254481 1.36508 4.40177 -0.334224 -0.254481 -0.334224 1.11047 
-126 10 2 -505.781 40.772 10.2318 1.83609 -0.609411 0.894709 -0.609411 4.67323 -0.588316 0.894709 -0.588316 1.50171 
-134 10 2 -538.014 40.6663 9.63648 6.54416 2.32489 1.45759 2.32489 7.24893 0.109402 1.45759 0.109402 1.20872 
-128 10 2 -514.966 40.8638 9.53667 11.5204 -5.29632 -1.30553 -5.29632 7.39354 0.816876 -1.30553 0.816876 0.825314 
-117 9 2 -469.373 37.8133 9.04704 3.13477 -0.0251327 -1.9092 -0.0251327 0.783865 -0.128216 -1.9092 -0.128216 2.33112 
-132 9 2 -530.146 38.3503 9.8117 2.50038 -0.247738 0.123498 -0.247738 1.81528 0.978758 0.123498 0.978758 1.51243 
-125 9 2 -502.681 37.285 9.20667 2.6613 -3.08963 1.6543 -3.08963 5.5032 -1.23357 1.6543 -1.23357 2.42279 
-129 9 2 -517.178 38.5722 8.77483 21.7797 -10.9754 22.642 -10.9754 6.33229 -11.5277 22.642 -11.5277 27.5761 
-119 9 2 -478.289 38.108 9.38165 1.8159 0.0767148 -0.0609126 0.0767148 0.887839 -0.111715 -0.0609126 -0.111715 0.983699 
-132 9 3 -529.559 36.8474 13.2492 18.6659 32.4229 25.1376 32.4229 84.5662 66.5219 25.1376 66.5219 54.7967 
-124 9 2 -498.36 38.0357 9.70723 1.75741 0.573461 -0.236092 0.573461 1.12172 0.0862228 -0.236092 0.0862228 0.93659 
-122 9 2 -489.921 37.7058 9.11348 0.861 0.0212919 -0.619303 0.0212919 0.995459 -0.284165 -0.619303 -0.284165 1.52229 
-123 9 2 -493.336 37.4378 9.49535 10.3117 2.65611 7.40863 2.65611 2.05307 1.18268 7.40863 1.18268 6.38634 
-119 8 2 -478.3 34.4815 9.17873 1.8366 0.829724 3.07285 0.829724 1.65461 2.74689 3.07285 2.74689 12.7728 
-123 8 2 -492.415 34.9648 9.49292 34.8935 1.248 1.14507 1.248 1.53072 1.17273 1.14507 1.17273 2.50627 
-117 8 2 -470.098 34.9898 8.37219 1.9683 5.41853 15.1083 5.41853 18.749 52.1223 15.1083 52.1223 174.117 
-126 8 2 -505.677 34.9809 10.2313 1.13001 -0.313709 1.08769 -0.313709 1.37038 -0.131708 1.08769 -0.131708 1.54468 
-123 10 2 -494.642 42.2387 11.0712 3.30357 -0.63066 0.27074 -0.63066 1.396 -1.10282 0.27074 -1.10282 2.20119 
-125 8 2 -502.559 34.3307 9.5343 2.59874 1.6142 1.12369 1.6142 1.86589 0.977143 1.12369 0.977143 2.73435 
-122 8 2 -490.278 34.2994 8.53354 4.83774 1.76858 4.71816 1.76858 1.686 1.93711 4.71816 1.93711 7.52549 
-115 8 2 -462.571 33.2746 9.55972 2.56528 -0.51584 -1.39162 -0.51584 1.35781 0.551409 -1.39162 0.551409 1.55647 
-116 8 2 -465.819 33.4383 9.25416 1.04354 0.370796 0.251782 0.370796 1.53994 0.526902 0.251782 0.526902 1.12077 
-133 8 2 -532.77 33.2156 8.26064 20.0743 20.8072 -103.149 20.8072 25.1617 -122.651 -103.149 -122.651 615.114 
-134 8 2 -537.567 34.097 9.30075 26.816 3.64112 -10.34 3.64112 1.43638 -2.12473 -10.34 -2.12473 5.41256 
-126 7 2 -505.31 30.3717 8.40115 0.968395 -0.201802 -0.291569 -0.201802 2.96734 2.81089 -0.291569 2.81089 16.0843 
-115 7 2 -462.673 29.9882 9.13284 1.32333 -0.0725596 -0.275008 -0.0725596 0.731285 -0.379769 -0.275008 -0.379769 2.73606 
-116 7 2 -465.192 30.0818 9.60774 1.05714 -0.242892 0.197444 -0.242892 0.850423 -0.247385 0.197444 -0.247385 1.04524 
-135 7 2 -542.111 31.0306 8.73532 1.40046 -0.146617 0.418013 -0.146617 37.5192 -10.6737 0.418013 -10.6737 4.15694 
-115 6 2 -463.357 27.2367 9.42891 6.55904 -4.80044 -5.08157 -4.80044 26.0265 18.2389 -5.08157 18.2389 17.1238 
-125 11 3 -502.467 45.4367 13.1102 46.3887 27.9035 2.291 27.9035 18.4296 1.41156 2.291 1.41156 1.44576 
-120 11 2 -480.28 44.6756 11.3273 213.065 281.319 -14.4048 281.319 479.702 -52.8966 -14.4048 -52.8966 16.2439 
-135 8 1 -542.051 34.2091 6.91553 1.55037 -0.166343 -1.21431 -0.166343 0.839469 0.970687 -1.21431 0.970687 6.54787 
-135 9 1 -541.66 37.2917 6.49874 1.72781 -1.00559 -0.0110892 -1.00559 2.19893 1.71947 -0.0110892 1.71947 6.5457 
-127 7 1 -509.168 30.6509 6.69762 7.02182 -2.30808 3.64873 -2.30808 2.49861 -1.64279 3.64873 -1.64279 7.00505 
-125 -4 1 -502.277 -18.6214 6.17823 2.31781 28.4445 3.13108 28.4445 600.242 -64.6965 3.13108 -64.6965 114.814 
-123 -4 1 -494.144 -18.8457 5.94569 0.922149 -3.91402 2.82098 -3.91402 162.685 -98.9448 2.82098 -98.9448 168.519 
-123 -6 1 -493.912 -25.0412 6.23483 1.4692 16.0273 -2.53099 16.0273 595.298 -131.955 -2.53099 -131.955 53.5906 
-121 -6 1 -485.997 -25.1988 6.01619 0.748312 -1.75461 2.39179 -1.75461 57.742 -29.4846 2.39179 -29.4846 61.1177 
-132 6 0 -530.196 26.2285 -2.12935 0.825723 -0.0285021 0.218839 -0.0285021 0.867223 -0.220374 0.218839 -0.220374 0.373808 
-131 5 0 -526.03 22.024 -2.93033 1.46138 0.165017 22.3408 0.165017 0.788487 6.03012 22.3408 6.03012 729.294 
-123 8 1 -494.329 34.0568 5.12963 1.01503 -0.160073 -0.00529087 -0.160073 1.01472 -0.218123 -0.00529087 -0.218123 1.21815 
-113 -6 0 -454.715 -26.5868 -2.21693 3.45853 -3.90804 3.37012 -3.90804 5.45161 -3.80935 3.37012 -3.80935 9.15369 
-117 11 0 -469.766 44.2434 -2.07183 318.717 256.495 -68.684 256.495 244.02 -53.7387 -68.684 -53.7387 15.4546 
-122 12 0 -490.617 48.7595 -1.41404 1.00317 -0.803971 0.184293 -0.803971 2.60677 -0.0313573 0.184293 -0.0313573 0.245045 
-116 7 -1 -465.955 29.9294 -4.59622 1.48125 0.826868 22.0539 0.826868 1.70411 26.5488 22.0539 26.5488 726.086 
-134 11 0 -537.333 46.871 0.496935 1.33852 0.233437 -0.611529 0.233437 1.51936 -0.76024 -0.611529 -0.76024 0.83302 
-126 9 0 -506.06 37.7808 -0.564694 0.886789 -0.383321 0.0179912 -0.383321 1.31022 0.0729591 0.0179912 0.0729591 0.216613 
-134 2 0 -537.894 9.91688 -2.27733 1.48772 -0.232362 19.8584 -0.232362 0.741028 -1.12215 19.8584 -1.12215 571.876 
-121 9 2 -486.623 37.9372 9.74596 3.61805 -0.0116857 1.74955 -0.0116857 0.732827 0.00484656 1.74955 0.00484656 1.78325 
-127 9 0 -510.042 37.5922 1.18847 0.661443 -0.041778 0.0051514 -0.041778 1.27148 -0.0653634 0.0051514 -0.0653634 0.19752 
-119 -7 1 -478.033 -29.4816 5.9613 0.664865 0.175463 2.21761 0.175463 0.708062 -0.860278 2.21761 -0.860278 163.198 
-119 7 -1 -478.06 29.9177 -4.23233 1.57989 0.216275 24.5896 0.216275 0.824942 5.69623 24.5896 5.69623 744.315 
-116 8 0 -466.527 34.5605 0.822914 0.922965 -0.245601 -0.18777 -0.245601 0.911914 0.130927 -0.18777 0.130927 0.374545 
-130 6 0 -521.914 26.0359 -3.06167 1.0425 -0.561885 10.3262 -0.561885 1.72469 -17.9289 10.3262 -17.9289 331.226 
-124 8 0 -498.295 33.8259 0.621098 1.04594 0.0857802 0.135846 0.0857802 0.737687 0.022405 0.135846 0.022405 0.195737 
-119 4 -1 -477.825 18.2318 -4.12555 0.908988 0.291918 1.42917 0.291918 1.10293 2.23112 1.42917 2.23112 32.6988 
-134 4 0 -537.956 17.1805 -1.60528 0.742719 0.0106896 0.0773093 0.0106896 1.40592 1.18425 0.0773093 1.18425 2.24925 
-128 10 0 -514.818 42.1121 0.056648 1.02436 -0.221772 0.000861266 -0.221772 1.72827 0.265261 0.000861266 0.265261 0.207488 
-126 10 0 -505.688 41.9205 -0.686893 1.17364 -0.466702 -0.105366 -0.466702 1.21676 0.0291963 -0.105366 0.0291963 0.192853 
-127 6 0 -509.999 25.9959 -3.3946 1.01679 -0.530267 9.69685 -0.530267 1.83483 -20.0559 9.69685 -20.0559 373.99 
-128 6 0 -514.031 26.1213 -3.27411 1.15597 -0.567199 11.4782 -0.567199 1.62259 -17.4296 11.4782 -17.4296 354.036 
-129 6 0 -518.05 25.9628 -3.17351 0.95273 -0.36024 7.83153 -0.36024 1.65245 -16.9416 7.83153 -16.9416 353.17 
-122 2 0 -489.573 10.9233 -0.696138 1.01933 0.153623 -0.207265 0.153623 2.3591 -0.0018302 -0.207265 -0.0018302 0.75487 
-124 5 0 -498.265 22.2756 -3.67743 1.0349 0.104612 15.4327 0.104612 0.874107 6.36002 15.4327 6.36002 661.001 
-128 4 0 -513.843 17.5585 -2.3469 0.80151 -0.0683243 -0.0883116 -0.0683243 1.01402 0.789025 -0.0883116 0.789025 2.08262 
-114 11 0 -457.916 45.6442 2.13717 1.28962 0.795198 0.184518 0.795198 1.14868 0.104977 0.184518 0.104977 0.22011 
-125 8 0 -501.955 34.0056 0.477223 0.701314 -0.0313586 0.00545712 -0.0313586 0.826402 0.00258065 0.00545712 0.00258065 0.152647 
-135 0 0 -542.291 1.87099 -2.1739 863.556 -194.29 0.290047 -194.29 44.6682 1.28781 0.290047 1.28781 907.313 
-113 11 1 -454.82 46.95 6.20136 4.93699 -0.473177 -0.554456 -0.473177 1.18366 0.41724 -0.554456 0.41724 0.79361 
-133 4 0 -534.067 17.2229 -1.49143 0.758209 0.0835658 0.181076 0.0835658 1.35605 0.907191 0.181076 0.907191 1.57177 
-124 3 0 -497.813 15.599 -2.32242 0.850573 0.286734 -0.0375127 0.286734 1.65743 -0.372709 -0.0375127 -0.372709 1.91919 
-120 2 0 -481.874 10.5819 -0.311978 0.744459 0.0232464 -0.00411367 0.0232464 1.53286 -0.0885915 -0.00411367 -0.0885915 0.563457 
-117 7 0 -469.286 31.5572 2.69369 1.2839 2.51754 0.891958 2.51754 17.0349 3.63323 0.891958 3.63323 2.40971 
-121 2 0 -485.963 10.7104 -0.343618 0.73273 0.183985 -0.0449234 0.183985 2.03658 -0.221442 -0.0449234 -0.221442 0.837815 
-134 9 3 -537.872 37.6349 13.6549 0.68668 0.429409 -0.144419 0.429409 1.27156 -0.773704 -0.144419 -0.773704 1.06307 
-116 6 2 -465.088 27.4745 9.36774 92.6824 -9.43036 8.9392 -9.43036 5.99749 -1.52789 8.9392 -1.52789 1.73966 
-113 -5 0 -453.237 -23.0914 -1.00019 4.05591 7.01015 5.41661 7.01015 15.9646 11.494 5.41661 11.494 9.70752 
-127 7 0 -509.949 30.2075 -2.72877 0.789695 0.000987862 -0.212854 0.000987862 0.729127 -0.216655 -0.212854 -0.216655 0.476587 
-128 7 0 -513.858 29.8883 -3.02327 0.782898 0.0243395 -0.137048 0.0243395 0.691206 -0.224947 -0.137048 -0.224947 1.2006 
-113 12 0 -455.242 48.4796 -0.262275 6.52492 -23.2776 -2.1475 -23.2776 103.61 9.97141 -2.1475 9.97141 1.19871 
-122 -6 1 -489.66 -25.1338 5.93435 1.15387 15.8279 0.55935 15.8279 547.749 19.3097 0.55935 19.3097 8.11287 
-114 12 0 -456.736 49.102 -1.57418 2.10271 -0.698701 -1.35832e-05 -0.698701 3.79564 0.0420834 -1.35832e-05 0.0420834 0.243723 
-120 11 -1 -481.937 45.029 -4.04687 4.27604 -2.02006 39.278 -2.02006 2.89098 -37.3202 39.278 -37.3202 1364.94 
-128 5 0 -514.155 22.0532 -3.24626 1.33751 0.11337 21.0692 0.11337 0.821794 4.23814 21.0692 4.23814 698.379 
-119 12 0 -477.598 48.9989 -2.78858 0.958637 -1.3299 -0.933292 -1.3299 8.2745 1.76672 -0.933292 1.76672 1.42257 
-114 10 0 -457.388 42.7523 1.78896 2.02946 -1.26412 0.347726 -1.26412 2.27515 0.0423131 0.347726 0.0423131 0.388475 
-129 4 0 -518.201 17.5536 -2.11741 0.858834 0.157154 0.340645 0.157154 1.09981 0.698659 0.340645 0.698659 1.60578 
-120 12 0 -481.763 49.1166 -3.79367 1.69316 -1.54395 24.4009 -1.54395 5.12941 -34.7666 24.4009 -34.7666 507.377 
-119 3 0 -479.036 13.854 -1.24307 1.84635 0.0221163 0.628377 0.0221163 1.12682 0.300256 0.628377 0.300256 0.647274 
-125 9 1 -502.051 37.5315 5.6484 0.606956 -0.130638 0.119837 -0.130638 0.969684 -0.189909 0.119837 -0.189909 0.811743 
-119 11 0 -478.988 44.7987 -0.594495 4.00229 -1.36232 -0.105472 -1.36232 1.95019 0.20414 -0.105472 0.20414 0.208706 
-120 11 0 -482.086 44.79 -1.65047 0.564507 0.230464 0.0660491 0.230464 1.66361 0.274814 0.0660491 0.274814 0.208466 
-112 11 0 -450.191 45.0722 -0.747257 55.5078 7.09519 0.644401 7.09519 1.89896 0.271905 0.644401 0.271905 0.30534 
-114 4 0 -457.839 16.5122 -1.74861 1.07364 -0.188047 -0.398897 -0.188047 6.17373 1.02087 -0.398897 1.02087 1.06699 
-133 7 2 -534.102 29.3164 9.31787 0.56772 1.17146 -1.94134 1.17146 12.1331 -15.3426 -1.94134 -15.3426 21.6738 
-116 10 0 -465.815 41.1591 -0.380187 0.781787 0.113818 -0.0414977 0.113818 1.04464 -0.0856318 -0.0414977 -0.0856318 0.23013 
-117 10 0 -469.156 43.1146 -1.18863 11.9847 4.18355 -0.965813 4.18355 2.72699 -0.0875716 -0.965813 -0.0875716 0.483554 
-135 2 0 -541.812 9.12235 -2.13992 2.19525 0.0335507 30.5081 0.0335507 2.99075 9.92801 30.5081 9.92801 633.871 
-132 10 0 -530.536 41.3179 0.107379 1.65356 -0.162579 0.260536 -0.162579 2.5975 0.167798 0.260536 0.167798 0.278029 
-119 10 0 -478.787 42.549 0.480735 1.73253 0.922823 -0.0719707 0.922823 1.28699 -0.0408095 -0.0719707 -0.0408095 0.20246 
-120 10 0 -481.666 42.7408 -0.827259 0.584291 -0.0937824 0.00468289 -0.0937824 0.656057 0.0163263 0.00468289 0.0163263 0.173751 
-115 3 -1 -461.907 15.1098 -4.13283 1.00208 2.58254 12.942 2.58254 27.0713 128.879 12.942 128.879 724.463 
-112 6 -1 -450.928 25.8826 -4.84076 2.87406 -0.1456 5.19678 -0.1456 1.03213 -6.60347 5.19678 -6.60347 371.826 
-122 10 0 -489.985 41.7945 -0.884966 0.956668 -0.218411 -0.0376352 -0.218411 0.769853 0.0557398 -0.0376352 0.0557398 0.147779 
-123 3 0 -494.149 15.6517 -2.41258 0.794081 -0.33974 -0.0134708 -0.33974 2.75398 -0.708218 -0.0134708 -0.708218 1.75975 
-122 8 0 -490.285 34.5743 0.168605 0.934161 0.0369543 0.017338 0.0369543 1.00315 -0.0691688 0.017338 -0.0691688 0.132732 
-117 5 -1 -469.999 22.0603 -4.39975 1.27497 0.282184 17.851 0.282184 0.918421 10.5287 17.851 10.5287 759.257 
-126 9 3 -505.846 38.4066 13.4185 2.87296 0.494316 0.460714 0.494316 1.37367 0.617351 0.460714 0.617351 2.24133 
-133 7 0 -533.79 29.6504 -1.49582 0.818511 -0.0037976 -0.117901 -0.0037976 0.801489 0.116808 -0.117901 0.116808 0.204193 
-115 9 0 -462.896 38.3616 1.11411 1.73555 0.385868 -0.235332 0.385868 1.2272 0.445626 -0.235332 0.445626 0.597772 
-135 6 0 -541.935 26.1028 -2.5077 1.06987 -0.43537 11.687 -0.43537 1.12206 -12.741 11.687 -12.741 401.143 
-128 8 2 -514.33 35.4956 9.40813 47.3022 5.68134 -5.88207 5.68134 3.29941 -0.734455 -5.88207 -0.734455 1.75076 
-118 2 0 -474.201 10.5731 -2.15103 1.10447 0.745255 -0.0347041 0.745255 8.40413 -1.66269 -0.0347041 -1.66269 0.903362 
-112 11 2 -450.818 45.8743 10.6835 26.0792 60.3781 -41.9778 60.3781 162.733 -89.3452 -41.9778 -89.3452 132.56 
-123 7 0 -494.049 29.9885 -3.7335 1.62553 0.128788 24.2436 0.128788 0.734786 4.20322 24.2436 4.20322 705.991 
-119 5 -1 -477.955 22.0457 -4.20605 1.181 0.369681 17.5493 0.369681 1.02776 13.8291 17.5493 13.8291 724.207 
-120 9 0 -482.72 37.4715 0.541489 1.64314 -0.571472 -0.399328 -0.571472 2.02055 0.496262 -0.399328 0.496262 0.343017 
-120 6 0 -483.196 26.9614 -3.9775 5.76264 -0.110208 66.4489 -0.110208 3.50821 -12.8709 66.4489 -12.8709 3440.12 
-130 5 0 -521.986 22.0062 -3.04334 1.25065 0.187946 19.0752 0.187946 0.843106 8.03581 19.0752 8.03581 730.871 
-128 11 0 -514.031 45.4592 -0.86985 0.873815 0.116459 0.095024 0.116459 1.06655 -0.0093312 0.095024 -0.0093312 0.202969 
-118 9 2 -474.977 37.6982 8.97978 2.65488 -0.0458065 0.618664 -0.0458065 2.28981 -0.521256 0.618664 -0.521256 1.8799 
-123 6 0 -494.113 26.3778 -3.7854 1.04089 -0.931288 13.7952 -0.931288 3.47965 -41.9777 13.7952 -41.9777 721.524 
-119 -1 0 -477.231 -4.22389 1.71179 248.526 -1.20878 -20.2477 -1.20878 726.761 -6.70587 -20.2477 -6.70587 4.80973 
-124 6 0 -498.135 26.2745 -3.69211 1.18831 -0.746295 14.0166 -0.746295 2.02404 -23.8066 14.0166 -23.8066 453.518 
-126 6 0 -505.939 25.9675 -3.52281 1.04475 -0.450324 9.53453 -0.450324 1.63419 -15.9065 9.53453 -15.9065 316.271 
-122 6 1 -489.417 26.1802 4.63313 969.327 -17.7926 63.5361 -17.7926 8.60953 19.2868 63.5361 19.2868 72.3477 
-131 9 1 -527.515 36.793 6.65842 3.86061 0.122473 -0.171623 0.122473 1.39271 0.329786 -0.171623 0.329786 2.97404 
-114 10 -1 -457.796 41.8733 -5.34178 0.972786 0.112968 3.67492 0.112968 0.811995 3.24695 3.67492 3.24695 69.0028 
-134 10 1 -537.696 40.9997 5.67353 2.21033 -0.0517474 0.615543 -0.0517474 1.94242 0.030934 0.615543 0.030934 0.981266 
-114 11 3 -459.238 47.2842 13.4815 22.5744 -1.06628 -9.36822 -1.06628 56.2534 33.1732 -9.36822 33.1732 24.2586 
-122 11 0 -489.809 45.7037 -2.09681 0.774392 0.334376 0.0219061 0.334376 0.739626 -0.0516803 0.0219061 -0.0516803 0.258003 
-124 4 0 -498.134 16.9042 -2.73975 0.720748 0.084735 0.0289026 0.084735 1.34722 0.874403 0.0289026 0.874403 1.68656 
-125 5 0 -501.84 22.081 -3.56961 1.22554 0.155523 17.6246 0.155523 0.790554 5.51318 17.6246 5.51318 740.033 
-125 4 0 -501.816 17.0833 -1.50894 0.860281 -0.121141 -0.111585 -0.121141 0.954508 0.235591 -0.111585 0.235591 0.295283 
-131 0 0 -527.048 0.0850823 -2.42271 5.1959 -6.10251 -30.3458 -6.10251 39.4447 179.62 -30.3458 179.62 838.542 
-134 9 2 -537.246 38.0054 9.79428 1.60125 -0.0381148 -0.162758 -0.0381148 1.02807 0.290885 -0.162758 0.290885 0.77299 
-115 4 0 -462.09 17.0619 -3.07481 1.04829 2.18151 0.823265 2.18151 12.0884 4.96647 0.823265 4.96647 4.94952 
-116 3 -1 -465.952 15.3864 -4.09813 0.925221 2.77292 11.4248 2.77292 39.7447 140.793 11.4248 140.793 687.43 
-117 4 0 -470.382 17.4157 -3.26814 1.41201 8.21331 -0.336048 8.21331 79.9856 -4.92146 -0.336048 -4.92146 7.5617 
-122 3 0 -489.657 13.7856 -0.941928 0.934524 -0.0411784 -0.263403 -0.0411784 0.920367 0.238342 -0.263403 0.238342 0.64192 
-134 6 1 -536.837 26.6932 6.39045 1.81306 0.0861816 0.60179 0.0861816 1.91171 -0.355825 0.60179 -0.355825 7.76936 
-134 5 0 -537.954 22.0582 -2.58543 1.07499 -0.00475922 16.4142 -0.00475922 0.778184 1.2736 16.4142 1.2736 646.996 
-131 10 1 -527.515 40.8922 6.73112 18.2813 -2.78015 6.1643 -2.78015 2.55713 -1.74491 6.1643 -1.74491 7.52155 
-115 9 1 -461.888 37.7221 5.63878 1.54367 -0.701596 -0.791306 -0.701596 1.05312 0.401164 -0.791306 0.401164 1.45234 
-118 4 0 -473.963 16.9214 -3.02832 0.898496 0.125109 -0.32655 0.125109 1.56732 -0.0510067 -0.32655 -0.0510067 0.916686 
-118 6 -1 -473.981 25.8597 -4.33687 0.836065 -0.273724 6.84998 -0.273724 1.6766 -20.768 6.84998 -20.768 502.592 
-112 3 -1 -451.001 14.3816 -4.27507 7.46049 10.1 62.7078 10.1 23.4618 142.852 62.7078 142.852 907.694 
-112 10 0 -450.661 41.5023 1.00269 3.57811 0.894817 0.157909 0.894817 4.41372 0.97148 0.157909 0.97148 0.844511 
-116 12 -1 -465.694 49.0378 -5.01255 0.907084 -0.538749 3.6452 -0.538749 2.83179 -8.00953 3.6452 -8.00953 94.6075 
-121 9 0 -486.024 38.2072 0.860086 0.772404 -0.171223 0.000462532 -0.171223 0.694789 0.0337186 0.000462532 0.0337186 0.318979 
-123 9 0 -493.476 37.8099 -0.497117 0.870432 0.0435991 -0.00896486 0.0435991 0.922354 0.0445485 -0.00896486 0.0445485 0.171447 
-112 8 -1 -450.914 33.498 -5.17169 2.7406 0.7699 9.33765 0.7699 5.5151 78.6511 9.33765 78.6511 1643.45 
-119 -8 1 -478.293 -33.0005 5.93311 0.790478 0.228358 1.57538 0.228358 0.781874 1.55956 1.57538 1.55956 30.5959 
-125 10 3 -501.674 41.0736 13.4169 2.31928 -0.345542 -2.82122 -0.345542 0.969698 0.0993886 -2.82122 0.0993886 5.1929 
-113 7 -1 -454.154 29.839 -4.91902 1.03879 0.649958 14.9122 0.649958 2.20639 31.7454 14.9122 31.7454 691.005 
-120 10 1 -481.421 42.114 5.78949 0.790126 -0.153065 -0.793091 -0.153065 0.999029 1.32575 -0.793091 1.32575 3.17749 
-133 12 1 -534.478 48.8461 5.42138 1.50598 0.117531 0.0990225 0.117531 3.35008 0.490847 0.0990225 0.490847 0.772607 
-121 6 -1 -485.856 25.2026 -4.07809 0.805386 -0.227266 6.40019 -0.227266 1.72484 -8.58693 6.40019 -8.58693 723.112 
-119 11 3 -479.028 44.818 13.6588 6.02318 2.2602 -1.75123 2.2602 2.75735 -1.50202 -1.75123 -1.50202 1.56573 
-123 11 0 -493.462 46.5264 -1.6705 0.857105 -0.219521 -0.177596 -0.219521 0.96229 -0.150879 -0.177596 -0.150879 0.343688 
-118 10 -1 -473.831 42.0076 -4.70819 0.980548 0.205971 2.12743 0.205971 0.69854 0.472166 2.12743 0.472166 21.5234 
-128 12 0 -514.008 48.8239 -1.80883 1.01726 0.384485 -0.0402925 0.384485 2.80006 0.276107 -0.0402925 0.276107 0.382362 
-116 8 -1 -466.481 33.7478 -4.79166 1.13398 1.33238 16.2058 1.33238 3.56007 38.4429 16.2058 38.4429 531.519 
-117 7 -1 -470.127 29.8776 -4.4684 1.35622 0.77442 21.1433 0.77442 1.62288 24.0306 21.1433 24.0306 691.488 
-132 5 0 -530.096 22.0251 -2.81422 1.31724 0.154791 19.7147 0.154791 0.803031 5.98689 19.7147 5.98689 754.875 
-114 3 0 -457.936 13.8471 -1.42935 0.74076 0.0563984 0.0119243 0.0563984 0.733132 0.0220285 0.0119243 0.0220285 0.82647 
-115 8 -1 -462 33.1288 -4.87214 1.06601 1.31271 14.1344 1.31271 5.05711 50.4968 14.1344 50.4968 658.068 
-116 10 -1 -466.107 41.3425 -4.95923 0.850041 0.276259 -0.493195 0.276259 0.83858 0.592213 -0.493195 0.592213 10.3785 
-118 9 1 -474.487 37.4144 5.72891 0.899373 -0.167197 0.246799 -0.167197 0.726852 -0.212292 0.246799 -0.212292 0.808622 
-124 10 0 -498.15 41.6064 -1.11054 1.14496 0.0399728 0.0834242 0.0399728 0.966288 0.0747345 0.0834242 0.0747345 0.197374 
-118 9 0 -474.355 38.1553 0.199952 0.890588 -0.240533 -0.153196 -0.240533 1.34532 0.360883 -0.153196 0.360883 0.329415 
-114 2 0 -457.951 10.8938 -2.31413 0.791027 0.231224 -0.299952 0.231224 2.41438 -0.886685 -0.299952 -0.886685 1.14311 
-114 7 -1 -458.193 29.8637 -4.79901 1.26864 1.06684 19.5582 1.06684 2.68901 36.31 19.5582 36.31 694.459 
-123 10 0 -494.366 41.9253 -2.22153 0.952628 -0.151631 0.218615 -0.151631 0.981333 -0.207186 0.218615 -0.207186 0.423419 
-115 11 0 -460.56 47.4427 0.355842 9.12553 -0.796384 -0.0457517 -0.796384 5.21785 0.343757 -0.0457517 0.343757 0.19571 
-118 10 0 -474.141 41.1366 -0.561251 2.17293 0.325131 -0.215237 0.325131 1.80653 0.124221 -0.215237 0.124221 0.215851 
-136 5 0 -545.842 22.3013 -2.37747 1.08104 0.0930847 14.3966 0.0930847 0.580576 -0.276149 14.3966 -0.276149 517.434 
-125 7 2 -502.262 30.8584 9.59039 1.88928 -1.49547 0.0211008 -1.49547 3.12661 -1.16459 0.0211008 -1.16459 1.60072 
-122 6 0 -489.919 26.6397 -2.72896 1.0919 -0.174249 -0.0938955 -0.174249 1.02355 -0.241454 -0.0938955 -0.241454 0.300996 
-120 4 -1 -481.87 19.1962 -4.08488 1.01607 1.12879 13.2145 1.12879 6.74826 39.2801 13.2145 39.2801 729.604 
-113 11 0 -454.212 46.2934 0.989918 1.25507 0.237876 0.33483 0.237876 0.705697 0.0889982 0.33483 0.0889982 0.309007 
-118 5 -1 -474.025 22.0169 -4.30181 1.23714 0.323168 19.1481 0.323168 0.945163 12.037 19.1481 12.037 730.538 
-130 8 0 -522.169 33.7097 -2.80396 1.25585 -0.896919 19.0002 -0.896919 2.57169 -37.447 19.0002 -37.447 799.11 
-114 4 -1 -457.998 17.8138 -4.54477 0.939736 0.619118 7.10998 0.619118 2.85588 25.2155 7.10998 25.2155 292.08 
-131 3 0 -527.021 15.2308 -1.5296 5.68348 -0.816096 0.572049 -0.816096 6.6297 -0.270061 0.572049 -0.270061 3.94334 
-118 10 1 -474.531 40.9491 5.78041 0.984006 -0.237064 0.599437 -0.237064 3.93996 0.848082 0.599437 0.848082 1.56427 
-116 9 -1 -465.607 38.658 -4.98601 0.887112 -0.18172 -0.330305 -0.18172 1.12571 -1.39203 -0.330305 -1.39203 16.6045 
-117 4 -1 -469.979 18.1264 -4.30122 0.936657 0.371228 5.26755 0.371228 1.91625 16.093 5.26755 16.093 228.904 
-120 9 1 -481.806 37.3975 5.18617 0.685291 -0.0123725 -0.338741 -0.0123725 0.959732 -0.672981 -0.338741 -0.672981 1.37707 
-126 9 2 -506.043 38.7611 9.52216 1.59104 -0.97106 -0.0801418 -0.97106 1.67298 -0.157419 -0.0801418 -0.157419 0.757659 
-134 9 1 -537.585 38.6996 6.04276 1.20184 0.265092 -0.214926 0.265092 1.05176 -0.170277 -0.214926 -0.170277 1.00543 
-115 10 0 -462.372 41.2018 -0.050204 1.29211 0.0241389 -0.332903 0.0241389 2.08729 -0.245924 -0.332903 -0.245924 0.346571 
-133 2 0 -534.132 9.97343 -2.45508 4.27195 1.01376 48.4352 1.01376 1.59099 6.5866 48.4352 6.5866 785.259 
-130 7 0 -521.848 29.6771 -2.92175 1.1636 0.172327 18.1509 0.172327 0.779743 6.46667 18.1509 6.46667 541.672 
-112 11 -1 -450.879 45.9082 -5.12247 3.60009 0.189922 -3.33933 0.189922 0.584944 -0.00231085 -3.33933 -0.00231085 11.4656 
-129 5 0 -517.935 22.1388 -3.1501 1.17768 0.158845 17.9076 0.158845 0.864936 7.77935 17.9076 7.77935 691.166 
-112 9 -1 -450.985 38.2307 -5.37872 3.94755 -0.455892 6.37171 -0.455892 1.02695 -1.35549 6.37171 -1.35549 66.9571 
-119 4 0 -478.423 16.8944 -3.52988 0.795167 -0.13901 0.163312 -0.13901 2.63813 -0.177357 0.163312 -0.177357 1.65871 
-119 10 -1 -478.313 42.2223 -4.43934 1.65682 -0.408409 6.64485 -0.408409 0.854431 -2.54096 6.64485 -2.54096 55.428 
-124 -4 1 -498.076 -18.6599 5.5715 1.64481 -1.48589 -0.44597 -1.48589 74.1151 -6.4198 -0.44597 -6.4198 2.5863 
-132 7 0 -530.075 29.7037 -1.54968 0.752327 -0.0745527 0.0760048 -0.0745527 0.704229 0.116192 0.0760048 0.116192 0.201655 
-113 3 -1 -453.8 14.8132 -4.24069 1.1069 2.76237 15.7597 2.76237 24.9366 132.391 15.7597 132.391 752.805 
-125 10 0 -501.529 40.975 -1.30837 0.657865 0.00378509 -0.133036 0.00378509 1.31142 0.250602 -0.133036 0.250602 0.344063 
-121 5 -1 -485.329 22.3393 -4.01998 1.1915 0.42872 6.51925 0.42872 0.850193 4.56468 6.51925 4.56468 559.27 
-125 6 0 -502.025 25.9884 -3.60545 0.958441 -0.410447 9.5625 -0.410447 1.47165 -17.246 9.5625 -17.246 436.389 
-122 7 0 -490.022 29.9873 -3.83265 0.718587 0.00765233 0.214575 0.00765233 0.74853 0.502344 0.214575 0.502344 8.49215 
-114 9 -1 -458.428 38.7258 -5.24645 1.05677 -0.0732955 3.05225 -0.0732955 1.40471 -0.177212 3.05225 -0.177212 32.5638 
-124 7 0 -498.219 30.5102 -1.87979 0.997193 -0.0668842 0.171201 -0.0668842 0.904772 -0.24903 0.171201 -0.24903 0.22358 
-113 2 0 -453.767 10.7322 -0.790437 0.826755 0.211714 -0.0942194 0.211714 1.75414 -0.248238 -0.0942194 -0.248238 0.425222 
-134 7 2 -537.31 29.6762 8.48459 2.87664 0.541606 1.56741 0.541606 1.13819 2.98361 1.56741 2.98361 21.3087 
-119 2 0 -479.039 10.7834 -0.852013 1.38217 0.302955 0.328697 0.302955 2.97443 -0.334509 0.328697 -0.334509 0.534565 
-113 9 -1 -454.036 38.7067 -5.33381 1.10277 0.794464 -0.904331 0.794464 1.80152 -3.38206 -0.904331 -3.38206 40.0679 
-117 9 -1 -470.012 38.304 -4.82875 0.773457 -0.13234 1.48663 -0.13234 0.885537 -0.668756 1.48663 -0.668756 26.9364 
-126 8 0 -506.188 33.7608 0.806555 0.714161 0.0681449 0.0314523 0.0681449 0.736308 0.0213354 0.0314523 0.0213354 0.159089 
-131 12 2 -526.039 49.3999 10.4708 2.20684 0.784421 -0.42817 0.784421 4.37861 -1.5392 -0.42817 -1.5392 1.2801 
-115 9 -1 -461.938 38.6849 -5.1421 0.771304 0.204424 0.841132 0.204424 0.988751 0.468236 0.841132 0.468236 25.5872 
-130 12 0 -522.066 48.7111 -2.24486 0.982083 0.358839 0.755883 0.358839 4.56327 2.68376 0.755883 2.68376 4.30401 
-114 5 -1 -457.981 21.9603 -4.68256 1.19239 0.312746 18.049 0.312746 1.01336 13.4559 18.049 13.4559 754.712 
-121 12 0 -486.065 49.2673 -2.0375 1.10712 -0.199794 0.0853776 -0.199794 3.08224 -0.305501 0.0853776 -0.305501 0.249847 
-124 9 0 -497.785 37.8638 -0.450301 0.672202 -0.114937 -0.0150148 -0.114937 0.890232 0.0778045 -0.0150148 0.0778045 0.162352 
-115 11 3 -461.185 47.4951 12.9192 5.2078 0.315841 3.5403 0.315841 18.5553 4.06966 3.5403 4.06966 5.15906 
-126 7 1 -506.187 30.4244 5.90776 1.2628 0.53621 0.206278 0.53621 1.52392 0.180469 0.206278 0.180469 0.758959 
-120 -7 1 -481.8 -28.1451 5.92463 3.86548 53.2536 -7.38265 53.2536 1016.7 0.387106 -7.38265 0.387106 1019.43 
-120 7 -1 -481.982 30.0436 -4.11007 1.46387 0.306192 23.0175 0.306192 0.881168 9.20058 23.0175 9.20058 728.569 
-131 8 0 -526.375 33.465 -0.141047 1.07743 0.0299449 0.231168 0.0299449 0.99502 0.140566 0.231168 0.140566 0.192862 
-115 5 -1 -461.958 21.9757 -4.60033 1.21053 0.313954 18.3505 0.313954 0.940377 12.2131 18.3505 12.2131 732.451 
-112 12 -1 -451.191 48.9503 -5.07794 8.31687 -7.69779 71.5716 -7.69779 22.247 -192.834 71.5716 -192.834 1825.18 
-113 5 -1 -453.955 22.0378 -4.78024 1.02884 0.257685 13.713 0.257685 0.935839 11.269 13.713 11.269 719.873 
-112 10 -1 -451.164 42.6151 -5.44632 3.75786 -0.0915245 -2.01557 -0.0915245 0.796361 -0.229419 -2.01557 -0.229419 15.6114 
-118 -4 1 -473.731 -19.2524 5.45341 1.01343 -0.583773 0.653162 -0.583773 45.2994 -5.28543 0.653162 -5.28543 6.5254 
-129 11 0 -518.323 46.6688 -0.562703 1.6117 0.211841 -0.0661223 0.211841 1.14581 -0.0530046 -0.0661223 -0.0530046 0.202484 
-114 8 -1 -457.9 32.9519 -4.96487 1.52458 2.00461 22.6866 2.00461 6.86842 52.8693 22.6866 52.8693 770.754 
-116 4 -1 -466.005 18.0269 -4.36995 1.16558 1.36587 17.5966 1.36587 5.27372 57.4622 17.5966 57.4622 742.429 
-121 10 -1 -485.165 41.0121 -4.06021 2.64864 -2.2896 35.7563 -2.2896 4.27298 -51.4228 35.7563 -51.4228 1026.63 
-114 11 2 -458.423 46.8496 10.3272 10.4555 9.05509 5.4303 9.05509 41.7878 -14.7894 5.4303 -14.7894 14.2767 
-116 5 -1 -465.985 22.0237 -4.49497 1.07539 0.175175 15.5976 0.175175 0.859432 8.7824 15.5976 8.7824 738.14 
-112 5 -1 -451.062 21.9279 -4.83808 3.78011 0.317335 20.9557 0.317335 0.990605 13.4352 20.9557 13.4352 746.108 
-117 6 -1 -469.971 26.0797 -4.41136 1.07539 -0.462087 13.4873 -0.462087 1.32192 -16.7434 13.4873 -16.7434 559.948 
-113 12 -1 -453.991 48.9511 -4.88895 0.900185 -0.315258 2.0636 -0.315258 3.43222 -0.719519 2.0636 -0.719519 20.2611 
-132 4 0 -530.078 17.3345 -1.78004 0.758289 0.0164441 0.114954 0.0164441 1.12617 0.855787 0.114954 0.855787 1.80941 
-116 2 0 -466.518 10.3986 -2.52251 1.03051 1.41367 0.143985 1.41367 7.56091 -1.91365 0.143985 -1.91365 2.34759 
-132 6 1 -531.566 27.4323 4.42859 13.9876 -3.03336 -0.974832 -3.03336 20.2005 5.14008 -0.974832 5.14008 7.54306 
-136 12 0 -546.475 49.2479 -0.950571 5.1136 -5.72774 38.402 -5.72774 10.6173 -39.3241 38.402 -39.3241 321.672 
-120 3 0 -481.935 14.0957 -0.389872 0.775565 0.0546395 -0.0113419 0.0546395 0.758384 0.10392 -0.0113419 0.10392 0.430182 
-114 11 -1 -458.075 46.1759 -5.19416 0.859002 0.262967 0.387104 0.262967 0.889117 -1.48463 0.387104 -1.48463 20.4973 
-132 9 1 -529.555 38.3061 6.97749 2.53888 1.56513 0.631979 1.56513 1.51458 0.133988 0.631979 0.133988 2.64935 
-118 12 -1 -474.308 49.0956 -4.55994 1.78555 -1.43682 10.4096 -1.43682 4.47255 -12.7827 10.4096 -12.7827 127.804 
-131 7 0 -526.216 30.2076 -1.82764 0.98175 -0.00360776 0.226088 -0.00360776 0.716656 -0.219034 0.226088 -0.219034 0.372057 
-118 11 -1 -474.306 45.8448 -4.69827 2.08233 -0.0893305 19.2204 -0.0893305 0.646649 -2.89774 19.2204 -2.89774 302.674 
-120 11 1 -482.41 44.2834 4.9258 0.975644 3.03419 -0.172107 3.03419 28.6972 2.71714 -0.172107 2.71714 2.23658 
-115 4 -1 -461.956 17.8952 -4.45943 0.803619 0.18661 1.37435 0.18661 1.25342 5.95659 1.37435 5.95659 76.7201 
-122 9 -1 -488.558 37.5499 -4.01805 6.15278 -2.83844 24.4529 -2.83844 3.68083 -0.0693302 24.4529 -0.0693302 1712.28 
-121 3 0 -485.975 14.3093 -0.215702 0.776392 -0.0748744 -0.0371587 -0.0748744 0.896045 0.133757 -0.0371587 0.133757 0.441525 
-117 12 0 -468.466 48.783 -0.432772 22.4213 -56.8262 3.50989 -56.8262 182.073 -7.74837 3.50989 -7.74837 0.817675 
-115 11 -1 -461.481 46.3753 -5.05586 0.997942 -0.261312 -0.721425 -0.261312 1.24829 -2.06633 -0.721425 -2.06633 14.5295 
-121 -4 1 -486.4 -18.8878 5.83758 1.20444 1.13171 4.73572 1.13171 47.8401 -68.4929 4.73572 -68.4929 216.901 
-115 12 0 -461.282 48.7954 0.0162585 2.00741 2.10398 0.0218381 2.10398 3.8419 0.145958 0.0218381 0.145958 0.128068 
-118 10 2 -474.887 41.7721 9.77639 1.04109 0.895927 0.6628 0.895927 3.12767 1.5891 0.6628 1.5891 2.03499 
-115 7 1 -461.496 30.6846 5.0629 0.615111 -0.0468376 -0.0792226 -0.0468376 1.25865 0.199649 -0.0792226 0.199649 0.827634 
-121 8 0 -485.606 34.2472 0.0093701 1.56325 0.114595 -0.445696 0.114595 1.18933 -0.245229 -0.445696 -0.245229 0.312379 
-113 11 -1 -453.95 46.0857 -5.24405 0.763115 -0.011621 -0.304027 -0.011621 1.17515 -3.11108 -0.304027 -3.11108 25.0826 
-117 12 -1 -469.005 48.9056 -4.80643 2.26777 -1.03891 -4.39542 -1.03891 4.90022 1.62679 -4.39542 1.62679 23.0649 
-117 10 -1 -470.243 41.8582 -4.94377 0.912666 0.0189166 2.37326 0.0189166 0.710593 0.850269 2.37326 0.850269 25.8608 
-131 10 0 -526.057 41.7652 -2.40464 8.92612 -0.382551 78.2065 -0.382551 0.789843 -3.84876 78.2065 -3.84876 760.552 
-113 6 -1 -454.002 25.9545 -4.79112 0.874657 -0.159868 7.3992 -0.159868 0.923211 -7.25522 7.3992 -7.25522 402.457 
-121 11 0 -485.825 45.7133 -1.54045 0.836476 0.0752464 -0.112815 0.0752464 0.705131 0.0560568 -0.112815 0.0560568 0.176641 
-113 4 -1 -454.037 17.864 -4.64564 0.976151 1.03851 11.8522 1.03851 5.48246 53.4241 11.8522 53.4241 595.001 
-126 4 0 -506.187 17.1133 -0.723894 0.781874 0.148381 0.117601 0.148381 1.06502 0.155812 0.117601 0.155812 0.214115 
-113 3 0 -454.356 13.7547 -1.05815 1.03427 0.176366 0.0802489 0.176366 0.791487 0.00692867 0.0802489 0.00692867 0.419487 
-115 8 0 -461.786 34.9592 1.35624 0.770792 -1.0485 0.58006 -1.0485 5.19226 -1.46645 0.58006 -1.46645 1.12473 
-124 -6 1 -497.735 -24.9943 5.8122 1.60819 10.584 2.09593 10.584 161.702 14.4479 2.09593 14.4479 6.08251 
-112 7 -1 -450.985 29.8472 -4.97752 3.0134 0.722526 18.7994 0.722526 2.95554 44.8285 18.7994 44.8285 1069.24 
-122 4 0 -489.77 17.4876 -3.28986 0.763656 0.0160391 -0.314857 0.0160391 0.976471 0.566117 -0.314857 0.566117 1.47598 
-115 6 -1 -461.985 25.9335 -4.59845 0.947168 -0.311306 9.28818 -0.311306 1.24774 -14.27 9.28818 -14.27 412.579 
-117 3 -1 -469.989 15.614 -4.07934 0.828397 1.47436 8.84975 1.47436 64.6541 124.336 8.84975 124.336 690.622 
-115 3 0 -461.19 13.8832 -2.14327 1.87447 0.251583 -0.915272 0.251583 1.46652 -0.360738 -0.915272 -0.360738 1.29437 
-120 4 0 -482.386 16.9432 -2.2975 0.815172 0.0795011 0.182862 0.0795011 2.63466 0.782333 0.182862 0.782333 0.542717 
-125 7 0 -502.246 30.3399 0.0435497 0.969293 -0.0748967 0.0850488 -0.0748967 0.908674 -0.0704448 0.0850488 -0.0704448 0.11714 
-119 8 -1 -478.263 34.029 -4.34648 1.98716 1.85848 27.5877 1.85848 3.28943 40.3768 27.5877 40.3768 648.509 
-121 4 -1 -485.472 19.4225 -4.02317 1.71169 0.303399 22.0824 0.303399 8.06598 -11.3291 22.0824 -11.3291 1298.31 
-132 8 2 -529.405 34.7369 9.33914 2.28214 1.70976 1.11174 1.70976 2.62547 0.507167 1.11174 0.507167 1.11158 
-126 3 1 -505.681 14.0687 4.64781 1.12451 0.308273 -0.387793 0.308273 0.805402 -0.59777 -0.387793 -0.59777 4.1981 
-114 7 1 -459.307 30.905 5.63119 3.56426 0.030175 0.387651 0.030175 1.86456 0.383655 0.387651 0.383655 1.1028 
-134 8 1 -536.838 34.8164 5.2417 2.14972 -0.165439 1.69777 -0.165439 0.742194 0.0883393 1.69777 0.0883393 5.29991 
-120 8 -1 -482.412 33.5927 -4.14408 1.75671 1.31102 22.8435 1.31102 2.11294 26.765 22.8435 26.765 608.584 
-114 -5 0 -456.767 -22.7248 -1.50512 10.0974 48.4444 0.185157 48.4444 336.684 -4.2181 0.185157 -4.2181 1.75103 
-113 8 -1 -454.042 33.4105 -5.10425 1.60199 0.880382 21.9312 0.880382 3.93538 39.9955 21.9312 39.9955 670.682 
-120 10 -1 -481.91 41.8114 -4.19165 2.60221 -2.06356 33.6922 -2.06356 2.7801 -35.0044 33.6922 -35.0044 596.709 
-137 11 1 -549.143 46.6001 6.52535 2.20986 -0.471059 0.5403 -0.471059 9.85934 -5.92269 0.5403 -5.92269 4.78848 
-119 12 -1 -477.489 49.0125 -4.20704 6.55366 -6.13535 63.2349 -6.13535 11.7971 -71.4005 63.2349 -71.4005 689.707 
-126 5 0 -506.013 22.0507 -3.48653 1.3392 0.0680321 20.835 0.0680321 0.78263 2.96116 20.835 2.96116 748.422 
-122 11 1 -491.87 47.5603 5.78363 18.6306 13.1776 2.022 13.1776 56.8691 3.42127 2.022 3.42127 0.949078 
-118 9 -1 -474.217 38.4354 -4.63702 0.944416 -0.341615 0.954204 -0.341615 1.47061 -0.297755 0.954204 -0.297755 22.4708 
-118 -9 1 -474.512 -36.2868 5.83889 2.58319 8.46428 6.90618 8.46428 53.8505 20.9847 6.90618 20.9847 56.5284 
-118 8 1 -474.454 34.7627 6.01363 1.62811 0.180218 0.134171 0.180218 1.78332 -0.172472 0.134171 -0.172472 0.790866 
-113 2 -1 -453.575 9.93568 -4.03393 1.17574 -10.7595 10.669 -10.7595 432.367 26.8906 10.669 26.8906 727.701 
-114 12 -1 -457.789 48.9367 -4.79512 0.726893 -0.21769 -0.486192 -0.21769 2.70144 -0.955807 -0.486192 -0.955807 10.5819 
-112 2 -1 -450.979 9.89283 -4.08254 4.15605 -41.176 35.3867 -41.176 2534.24 279.474 35.3867 279.474 1924.87 
-121 6 0 -486.042 26.8505 -3.92513 1.15177 -0.577822 17.0721 -0.577822 2.91556 -21.6974 17.0721 -21.6974 762.832 
-112 4 -1 -450.983 17.9605 -4.72166 3.30346 1.01305 13.2 1.01305 5.23138 54.258 13.2 54.258 663.76 
-115 7 0 -462.253 30.0197 2.3781 0.633721 -0.138757 -0.0130448 -0.138757 2.0683 -0.170953 -0.0130448 -0.170953 0.760082 
-114 3 -1 -457.915 14.9317 -4.16763 1.50409 4.42825 22.9958 4.42825 26.1746 127.325 22.9958 127.325 697.721 
-133 6 0 -533.771 26.1171 -2.12485 0.861304 0.0787877 -0.208841 0.0787877 0.925599 -0.258554 -0.208841 -0.258554 0.404406 
-137 4 0 -549.042 17.3134 -1.72063 3.63188 -0.418366 0.731199 -0.418366 0.716527 0.433652 0.731199 0.433652 2.29423 
-119 11 -1 -477.419 45.418 -4.27839 2.88786 -0.955099 10.4448 -0.955099 1.26369 -3.98579 10.4448 -3.98579 65.8095 
-130 11 0 -521.647 46.0383 -1.17038 1.00982 0.298711 -0.218738 0.298711 1.34694 -0.134981 -0.218738 -0.134981 0.346007 
-126 3 0 -506.011 14.3078 1.67026 0.743581 -0.0370643 0.0469308 -0.0370643 0.996414 0.3734 0.0469308 0.3734 0.717768 
-122 6 -1 -489.184 25.281 -4.02621 2.50763 2.23812 26.446 2.23812 6.05577 39.1713 26.446 39.1713 1378.24 
-118 4 -1 -473.994 18.0076 -4.18205 1.20939 1.34662 18.534 1.34662 4.68452 53.7681 18.534 53.7681 738.232 
-116 4 0 -465.779 17.2404 -3.44126 1.81583 -3.25139 -0.0584915 -3.25139 27.1156 -9.65306 -0.0584915 -9.65306 29.8753 
-118 12 0 -473.632 49.1549 -0.162504 1.75602 -2.3895 -0.112817 -2.3895 7.25748 0.271314 -0.112817 0.271314 0.18081 
-121 7 -1 -485.042 30.4823 -4.03058 2.29244 0.0627804 15.7099 0.0627804 1.0023 7.06614 15.7099 7.06614 946.429 
-134 10 0 -537.26 41.4409 0.700546 3.48017 -0.015768 -0.142639 -0.015768 1.97658 0.223937 -0.142639 0.223937 0.255883 
-137 1 0 -548.708 5.48673 -1.63059 9.81256 2.00221 29.9681 2.00221 1.47722 8.27871 29.9681 8.27871 110.077 
-116 7 1 -466.62 30.8142 5.17535 1.05057 0.523865 0.18264 0.523865 2.07379 0.941751 0.18264 0.941751 1.38394 
-112 -5 0 -451.119 -23.0293 -2.14312 6.16537 -10.292 -4.17908 -10.292 28.2731 15.214 -4.17908 15.214 12.3995 
-135 11 0 -542.346 45.7892 -1.76024 4.39463 -1.55183 31.7719 -1.55183 1.23018 -14.3613 31.7719 -14.3613 273.409 
-128 9 1 -514.364 37.2526 5.62886 3.03892 1.10901 1.91267 1.10901 1.25453 0.621887 1.91267 0.621887 3.02397 
-134 6 2 -537.079 27.1463 9.13755 7.98818 -1.99714 6.46024 -1.99714 6.91446 5.46754 6.46024 5.46754 17.2128 
-137 11 0 -548.909 46.6369 -0.915341 13.457 -9.17396 87.5764 -9.17396 9.0448 -73.8593 87.5764 -73.8593 669.144 
-115 7 -1 -461.834 30.0171 -4.70278 0.929435 0.0978479 4.45405 0.0978479 0.995922 8.03594 4.45405 8.03594 231.406 
-121 8 -1 -485.323 34.3655 -4.05841 2.09541 1.23385 20.9584 1.23385 1.52647 17.584 20.9584 17.584 541.284 
-136 7 0 -545.461 30.1509 -2.23684 1.72575 -0.718617 23.5621 -0.718617 1.10173 -16.4684 23.5621 -16.4684 621.568 
-127 8 0 -510.068 34.0735 0.742097 0.621101 -0.0413913 0.0464479 -0.0413913 0.848919 -0.0868631 0.0464479 -0.0868631 0.165101 
-130 4 0 -521.919 17.5921 -2.11516 0.725584 0.019274 -0.0551743 0.019274 1.03083 0.761786 -0.0551743 0.761786 1.88311 
-123 8 0 -493.691 34.2276 0.417755 0.651237 -0.11932 -0.00553248 -0.11932 0.844521 0.00685046 -0.00553248 0.00685046 0.111861 
-127 11 3 -508.651 45.0216 14.339 41.16 158.394 30.9737 158.394 683.308 122.591 30.9737 122.591 28.8753 
-131 4 0 -525.949 17.5581 -2.10719 0.739389 -0.0109352 -0.0110941 -0.0109352 0.961701 0.894795 -0.0110941 0.894795 2.41667 
-121 9 -1 -485.981 38.1474 -4.13279 3.94962 -0.395262 47.5941 -0.395262 0.947852 -3.99284 47.5941 -3.99284 723.097 
-125 8 1 -502.269 34.1304 5.06249 0.786096 0.0262866 0.0359256 0.0262866 0.679902 -0.0217255 0.0359256 -0.0217255 1.8122 
-123 11 1 -493.516 46.79 5.92888 0.755479 -1.13788 0.235272 -1.13788 3.46591 -0.126563 0.235272 -0.126563 0.869769 
-119 5 0 -479.325 21.8768 -3.47824 2.72256 2.11728 0.172087 2.11728 4.46357 0.106635 0.172087 0.106635 9.77575 
-128 9 2 -513.817 38.1701 8.80008 1.89701 0.408072 0.443275 0.408072 0.995103 0.368492 0.443275 0.368492 1.30752 
-112 2 0 -451.29 10.549 -1.07519 5.51638 -0.058509 0.372936 -0.058509 1.3341 -0.0115175 0.372936 -0.0115175 0.377381 
-118 3 -1 -472.333 15.6421 -4.06255 609.481 284.667 3672.82 284.667 163.361 1803.96 3672.82 1803.96 23587.2 
-117 2 0 -469.468 10.929 -1.73031 1.40528 -0.264252 0.0294872 -0.264252 2.70237 -0.328791 0.0294872 -0.328791 0.910176 
-129 9 1 -517.25 37.8178 5.24744 2.47685 -0.0131874 -0.37926 -0.0131874 0.667549 0.320778 -0.37926 0.320778 1.52746 
-119 9 0 -478.204 38.0514 0.239776 1.14745 -0.0277609 0.177519 -0.0277609 1.18027 0.306323 0.177519 0.306323 0.272543 
-121 10 0 -485.737 41.4863 -0.472568 1.27433 0.0673524 -0.034284 0.0673524 1.01365 0.0822122 -0.034284 0.0822122 0.136205 
-114 6 -1 -457.898 25.9298 -4.69895 1.13494 -0.375315 13.5648 -0.375315 1.27811 -15.4784 13.5648 -15.4784 476.638 
-136 1 0 -546.399 5.95565 -1.97344 1.33147 0.557051 15.2441 0.557051 1.28496 0.916657 15.2441 0.916657 309.419 
-127 10 0 -509.445 42.2159 -2.3419 0.868234 0.0374812 -0.206534 0.0374812 0.892535 0.135626 -0.206534 0.135626 0.319845 
-125 10 1 -502.367 40.8793 5.8632 1.1058 2.76229 -0.402904 2.76229 15.2031 -3.73864 -0.402904 -3.73864 1.97396 
-116 3 0 -466.302 13.7266 -3.51738 0.872463 0.198371 0.907247 0.198371 2.8298 2.34662 0.907247 2.34662 4.78135 
-136 8 1 -544.393 34.9 6.65187 50.0494 -31.5341 110.565 -31.5341 71.0516 -162.262 110.565 -162.262 420.107 
-125 3 0 -502.327 14.5066 1.08123 1.04911 -0.183832 0.0723354 -0.183832 1.25552 0.520246 0.0723354 0.520246 0.597582 
-116 6 -1 -466.039 25.981 -4.50664 0.987041 -0.343242 12.1868 -0.343242 1.21969 -15.8282 12.1868 -15.8282 568.344 
-112 3 0 -451.463 12.3261 -1.87546 7.14232 3.3343 0.47391 3.3343 15.986 0.618364 0.47391 0.618364 0.545077 
-117 3 0 -469.497 13.2472 -2.54925 1.35427 0.486127 0.00350602 0.486127 2.41963 1.53062 0.00350602 1.53062 1.80209 
-127 5 0 -510.033 22.0818 -3.36787 0.956618 -0.0551776 7.43313 -0.0551776 0.784659 -0.482713 7.43313 -0.482713 273.621 
-117 9 0 -469.354 37.8486 0.645695 1.17802 -0.458036 0.0228257 -0.458036 0.991199 0.121455 0.0228257 0.121455 0.283471 
-115 2 0 -461.63 10.3267 -2.89222 0.924813 -0.841651 0.0513559 -0.841651 4.39254 -2.11427 0.0513559 -2.11427 3.33852 
-120 5 0 -480.474 22.0838 -3.58577 3.43226 -3.2376 -2.39202 -3.2376 4.65009 2.36988 -2.39202 2.36988 38.5492 
-121 8 2 -486.916 35.1644 10.4023 2.44139 -0.683633 0.659656 -0.683633 2.1363 0.272613 0.659656 0.272613 1.36725 
-116 9 0 -465.959 38.3071 0.402313 0.894455 -0.0319945 -0.122616 -0.0319945 0.606864 0.0203528 -0.122616 0.0203528 0.394456 
-123 4 0 -494.16 17.288 -3.12371 0.821696 0.0749752 0.272543 0.0749752 1.1627 0.818009 0.272543 0.818009 1.95704 
-115 8 1 -462.135 34.1178 6.11063 0.790923 0.23068 -0.158467 0.23068 0.736542 -0.175515 -0.158467 -0.175515 0.889722 
-114 7 0 -459.668 30.2681 2.92213 18.2666 -3.1402 -0.489594 -3.1402 4.8357 -0.301804 -0.489594 -0.301804 1.43271 
-128 8 1 -514.432 34.5522 5.54386 2.50373 0.280783 -0.872061 0.280783 2.13328 -0.625889 -0.872061 -0.625889 1.43732 
-122 10 2 -488.584 41.4492 9.64213 13.4987 -9.05501 6.8307 -9.05501 9.65963 -8.08179 6.8307 -8.08179 7.85241 
-129 7 0 -517.995 29.872 -3.04243 0.873413 0.0237616 2.14042 0.0237616 0.687909 0.467437 2.14042 0.467437 78.7568 
-126 -4 1 -506.315 -18.49 5.64619 12.4803 -54.2025 5.1453 -54.2025 304.169 -42.4605 5.1453 -42.4605 10.2677 
-129 8 0 -517.595 34.198 -0.729156 1.00293 0.0270915 -0.102044 0.0270915 0.959717 -0.231511 -0.102044 -0.231511 0.180163 
-127 8 1 -509.603 33.8861 5.3072 1.28425 -0.195651 -0.309036 -0.195651 0.953883 0.404723 -0.309036 0.404723 1.43606 
-128 8 0 -513.301 33.9884 0.31134 0.908379 -0.103716 -0.0911013 -0.103716 0.732993 0.0256008 -0.0911013 0.0256008 0.162096 
-117 8 0 -469.897 34.0368 1.67892 0.768157 0.10275 0.195872 0.10275 0.914057 0.241489 0.195872 0.241489 0.463924 
-115 10 -1 -462.363 41.3519 -5.02225 1.38946 -0.199305 1.8587 -0.199305 1.07398 1.04414 1.8587 1.04414 10.861 
-135 7 1 -541.531 31.1053 6.94991 1.78587 -1.04319 1.40991 -1.04319 4.90011 -1.04325 1.40991 -1.04325 2.52355 
-129 9 0 -517.888 37.5274 -0.603776 1.40641 -0.235012 -0.294063 -0.235012 0.992092 0.269097 -0.294063 0.269097 0.244037 
-132 2 0 -529.612 9.34609 -2.47233 0.534353 2.05305 -7.13768 2.05305 25.6929 -82.6301 -7.13768 -82.6301 272.105 
-125 3 1 -503.026 14.2537 4.95662 1.8896 -0.559808 0.677935 -0.559808 1.11338 -0.242952 0.677935 -0.242952 1.9197 
-128 9 0 -513.384 37.4481 -0.782695 0.95002 0.225848 -0.230096 0.225848 0.921799 0.0823118 -0.230096 0.0823118 0.301051 
-130 9 0 -522.332 37.8638 -2.69993 2.97471 -0.135171 37.749 -0.135171 0.805317 0.235863 37.749 0.235863 662.638 
-130 10 0 -521.935 42.1529 -2.50003 0.912882 0.0341764 -0.00939245 0.0341764 0.735293 -0.286348 -0.00939245 -0.286348 1.22292 
-129 10 0 -517.596 42.2059 -0.949681 0.919686 -0.352739 -0.143625 -0.352739 0.833934 0.0409713 -0.143625 0.0409713 0.191124 
-132 12 0 -530.748 49.0869 -0.524916 0.831568 -0.395579 0.33567 -0.395579 4.41039 -0.680871 0.33567 -0.680871 0.45904 
-127 11 0 -509.751 45.9542 -2.35478 0.689099 -0.212312 0.0341619 -0.212312 1.14637 0.0878433 0.0341619 0.0878433 0.387984 
-124 11 0 -497.435 46.2956 -0.649588 0.76588 0.0159159 -0.104359 0.0159159 1.59793 -0.0357828 -0.104359 -0.0357828 0.201972 
-126 11 0 -506.513 46.1602 -1.57139 0.585965 -0.0135472 0.122109 -0.0135472 1.1085 0.0194965 0.122109 0.0194965 0.305185 
-125 11 0 -502.433 46.1525 -0.209826 0.926144 -0.278093 0.0767712 -0.278093 1.2619 -0.104797 0.0767712 -0.104797 0.209017 
-125 9 0 -501.809 37.7792 -0.357272 0.778911 0.210538 0.00284199 0.210538 1.04062 0.100104 0.00284199 0.100104 0.193952 
-129 12 0 -517.746 49.0824 -2.35647 4.00319 -1.88338 -3.56145 -1.88338 5.13074 3.94629 -3.56145 3.94629 6.13926 
-127 12 0 -510.265 48.7807 -2.76883 0.877044 0.674116 -6.98754 0.674116 8.011 -50.8722 -6.98754 -50.8722 498.174 
-123 12 0 -493.335 48.6362 -1.86133 0.896745 0.611572 -0.181666 0.611572 4.00364 0.473376 -0.181666 0.473376 0.496157 
-133 12 2 -534.699 48.9078 9.37626 1.71332 1.28104 0.651511 1.28104 5.7153 0.00160576 0.651511 0.00160576 1.1391 
-119 6 -1 -478.035 25.9821 -4.25848 0.914122 -0.362523 8.99523 -0.362523 1.40003 -17.5955 8.99523 -17.5955 499.757 
-133 1 0 -534.046 6.02585 -2.42861 6.21817 2.00062 24.6442 2.00062 1.3438 4.01925 24.6442 4.01925 585.025 
-124 11 1 -496.433 46.047 5.86658 5.18882 -3.55276 -0.923054 -3.55276 21.9864 1.95672 -0.923054 1.95672 1.07794 
-121 5 0 -486.545 21.6807 -3.97348 1.26 0.14471 13.6376 0.14471 1.1484 5.22624 13.6376 5.22624 1021.46 
-131 1 0 -526.962 5.87212 -2.7491 19.8312 -63.2531 197.962 -63.2531 578.634 -220.111 197.962 -220.111 3225.86 
-137 9 1 -549.05 38.3671 5.24469 290.987 72.413 -23.432 72.413 20.3142 -4.7867 -23.432 -4.7867 3.63359 
-135 4 0 -541.853 17.2741 -1.58579 0.700131 -0.0409113 -0.0988322 -0.0409113 1.19233 1.05435 -0.0988322 1.05435 2.18728 
-131 6 0 -526.045 26.059 -2.94581 0.942793 -0.327439 6.58769 -0.327439 1.43235 -13.7789 6.58769 -13.7789 262.023 
-136 4 0 -545.812 17.3027 -1.31856 0.946968 0.239595 0.266698 0.239595 1.18423 1.04369 0.266698 1.04369 1.92523 
-135 5 0 -541.911 22.1373 -2.47323 1.11458 -0.0819573 16.1942 -0.0819573 0.847683 2.10005 16.1942 2.10005 592.428 
-134 10 3 -538.446 40.8499 13.4859 97.5288 -83.4218 74.5453 -83.4218 81.3825 -73.739 74.5453 -73.739 67.3853 
-122 5 0 -489.75 22.032 -3.89984 1.66467 0.234861 24.1093 0.234861 0.774386 6.70575 24.1093 6.70575 709.733 
-136 6 0 -545.583 26.3871 -2.40837 0.784015 -0.0360303 5.84668 -0.0360303 1.56997 -9.03901 5.84668 -9.03901 227.457 
-134 6 0 -537.848 26.0217 -2.61491 0.886901 -0.385192 8.25298 -0.385192 1.2829 -11.9502 8.25298 -11.9502 291.767 
-137 6 0 -549.073 26.0755 -2.3065 4.67399 0.549064 11.151 0.549064 1.30647 -7.51983 11.151 -7.51983 201.036 
-134 12 2 -536.34 48.7887 9.87105 18.6997 -7.27377 -2.12701 -7.27377 5.50789 1.19101 -2.12701 1.19101 4.51813 
-126 11 1 -507.698 46.648 5.17528 279.563 295.436 -11.5043 295.436 1713.33 -34.8751 -11.5043 -34.8751 7.39667 
-135 7 0 -541.628 30.0857 -2.34622 0.648642 0.0424757 -0.0215621 0.0424757 0.676666 0.558298 -0.0215621 0.558298 27.3987 
-121 4 0 -485.961 16.8895 -1.40253 0.817027 0.0601575 -0.0304919 0.0601575 2.33228 0.662434 -0.0304919 0.662434 0.475718 
-134 7 0 -537.633 29.5987 -1.60248 1.05434 0.493971 -0.169217 0.493971 0.976185 0.225749 -0.169217 0.225749 0.534639 
-135 8 0 -542.034 33.7786 -2.21554 1.98898 -1.24442 27.2245 -1.24442 1.80616 -26.7951 27.2245 -26.7951 597.505 
-127 4 0 -509.824 17.3049 -1.8686 0.741737 -0.0342816 -0.228192 -0.0342816 0.903675 0.263505 -0.228192 0.263505 0.449964 
-134 8 0 -538.117 33.8271 -2.18164 0.754426 -0.06123 -0.4962 -0.06123 0.791992 -0.298252 -0.4962 -0.298252 2.34944 
-132 3 0 -528.782 13.3939 -1.71571 81.7339 -7.99928 2.27441 -7.99928 9.28136 -1.04981 2.27441 -1.04981 7.40229 
-118 3 0 -473.928 14.5218 -3.31449 0.921317 -0.19815 -0.283157 -0.19815 1.18695 -0.170434 -0.283157 -0.170434 1.78997 
-132 8 0 -530.246 33.8965 0.425052 0.679494 0.184682 0.00932038 0.184682 0.964257 -0.0495004 0.00932038 -0.0495004 0.148626 
-133 9 0 -534.113 38.0933 -0.760924 0.658858 0.347224 -0.159968 0.347224 0.782115 -0.118067 -0.159968 -0.118067 0.260635 
-132 9 0 -530.238 37.9541 0.0407458 1.46795 -0.274123 0.312061 -0.274123 0.865027 -0.0712463 0.312061 -0.0712463 0.205183 
-116 12 0 -467.858 48.8711 -0.157745 53.1151 4.9521 -0.535512 4.9521 125.073 -2.34048 -0.535512 -2.34048 0.173011 
-136 3 0 -545.812 14.62 -1.82323 1.34815 0.351494 -1.90477 0.351494 0.62412 -0.989105 -1.90477 -0.989105 6.14595 
-124 8 1 -497.704 34.2874 5.41297 0.747948 0.294054 0.0186835 0.294054 0.96402 0.212588 0.0186835 0.212588 1.35162 
-126 10 1 -505.597 41.1527 5.76635 1.23147 -0.708623 -0.119536 -0.708623 3.93548 0.207124 -0.119536 0.207124 0.774343 
-131 9 0 -525.799 38.0398 -2.5225 2.36321 -1.20774 34.0552 -1.20774 1.58551 -24.7479 34.0552 -24.7479 698.395 
-113 10 0 -455.07 43.2956 0.969764 1.1707 -0.889092 -0.218748 -0.889092 3.23247 0.0617117 -0.218748 0.0617117 0.434164 
-125 2 1 -502.949 11.7146 4.16483 70.7695 10.7725 324.442 10.7725 31.5056 59.0264 324.442 59.0264 1781.4 
-131 11 0 -525.651 46.1803 -2.38106 1.02543 -0.245758 6.4572 -0.245758 1.20017 -7.27744 6.4572 -7.27744 168.896 
-131 12 0 -525.64 49.0382 -1.90323 0.840069 0.215739 0.0314665 0.215739 2.95337 0.138995 0.0314665 0.138995 0.682174 
-132 8 1 -529.618 33.8061 5.78172 0.444792 0.0238942 0.156855 0.0238942 0.677577 0.0670778 0.156855 0.0670778 1.12298 
-126 12 0 -505.913 48.7854 -0.884641 1.59626 0.970383 -0.200866 0.970383 6.14495 0.664056 -0.200866 0.664056 0.38039 
-125 12 0 -501.044 49.0378 -0.931245 1.27172 -0.646256 -0.112168 -0.646256 3.14448 -0.0921864 -0.112168 -0.0921864 0.269467 
-124 12 0 -498.634 49.0284 -1.51733 1.21263 0.644127 0.0174864 0.644127 3.04582 0.0160426 0.0174864 0.0160426 0.359448 
-133 0 0 -535.042 2.95979 -0.880048 2.23785 -0.445489 0.103961 -0.445489 2.55261 0.555106 0.103961 0.555106 0.651768 
-134 1 0 -537.329 6.42762 -2.30444 1.23488 -0.0375871 18.2408 -0.0375871 1.0949 4.98467 18.2408 4.98467 584.989 
-116 9 2 -466.149 38.1715 8.95575 0.543071 0.350685 0.223338 0.350685 1.75927 0.740781 0.223338 0.740781 2.10439 
-135 1 0 -541.402 6.54705 -2.15392 10.8254 2.53354 78.0545 2.53354 2.68826 9.22941 78.0545 9.22941 1829.48 
-135 8 2 -542.398 34.0081 9.87525 16.2741 -2.66288 -11.2473 -2.66288 1.36199 1.39427 -11.2473 1.39427 8.56309 
-136 2 0 -545.971 10.2557 -1.96524 1.14204 -0.547975 11.7114 -0.547975 1.61579 2.33443 11.7114 2.33443 236.805 
-124 9 1 -498.277 38.0314 5.78296 0.761702 0.283994 0.154988 0.283994 0.684464 -0.0722049 0.154988 -0.0722049 0.8217 
-135 3 0 -543.342 15.6202 -1.26189 8.16383 4.55125 2.16223 4.55125 3.50977 0.839199 2.16223 0.839199 1.68599 
-134 3 0 -537.044 13.5323 -2.01058 1.70042 -2.05585 0.00142797 -2.05585 8.04298 -7.83154 0.00142797 -7.83154 29.8031 
-136 10 3 -546.528 41.5461 12.9078 183.655 -54.4807 -59.0729 -54.4807 22.8542 16.0423 -59.0729 16.0423 26.4444 
-137 3 0 -548.415 14.4032 -1.68935 16.5504 3.95713 7.89149 3.95713 2.37977 5.54566 7.89149 5.54566 20.4181 
-129 11 2 -518.778 46.7558 9.59288 54.5696 21.2071 7.23262 21.2071 201.991 10.9606 7.23262 10.9606 2.64854 
-113 4 0 -454.499 16.4959 -0.96205 1.39887 0.665526 0.0216918 0.665526 8.7264 0.204397 0.0216918 0.204397 2.98441 
-114 10 1 -457.878 42.2644 5.76206 0.655063 0.0866024 -0.600711 0.0866024 1.24419 -0.687948 -0.600711 -0.687948 2.03832 
-124 10 2 -498.994 41.2468 10.3445 78.2968 80.9856 40.8788 80.9856 164.529 71.159 40.8788 71.159 31.9493 
-137 5 0 -549.493 21.7901 -2.26863 14.8411 1.72639 -13.7085 1.72639 0.936088 -8.79781 -13.7085 -8.79781 645.169 
-120 -6 1 -482.134 -25.303 5.77198 1.49983 15.3414 -1.99747 15.3414 433.265 -23.6388 -1.99747 -23.6388 5.69597 
-137 7 0 -548.999 30.1496 -2.08897 3.13582 0.370874 5.97743 0.370874 1.24671 -17.2849 5.97743 -17.2849 717.271 
-136 8 0 -545.84 33.8327 -1.97181 0.596652 -0.0660853 1.06506 -0.0660853 0.745011 -1.26077 1.06506 -1.26077 23.3168 
-125 10 2 -501.768 41.4387 11.8059 1.38165 4.05505 -13.8846 4.05505 52.4807 -7.12176 -13.8846 -7.12176 442.498 
-135 9 0 -541.609 37.8879 -1.85185 1.10976 -0.59822 1.05435 -0.59822 1.19114 -1.22509 1.05435 -1.22509 7.36162 
-137 8 0 -548.706 33.7261 -1.9077 4.28336 -2.4819 31.4687 -2.4819 6.83875 -79.6373 31.4687 -79.6373 1115.06 
-128 10 1 -515.207 41.3248 5.77177 5.26203 0.0828401 0.181144 0.0828401 2.71666 0.28847 0.181144 0.28847 0.539929 
-115 7 3 -461.648 30.7432 12.8734 12.7935 31.9795 -22.5262 31.9795 83.5657 -58.2479 -22.5262 -58.2479 42.3635 
-134 9 0 -537.728 38.564 -0.138454 1.43654 -0.235466 -0.368782 -0.235466 1.36923 -0.202178 -0.368782 -0.202178 0.372254 
-135 10 0 -542.644 42.1456 -1.52924 0.70435 -0.119236 0.226242 -0.119236 0.889084 -0.15833 0.226242 -0.15833 0.788425 
-133 11 0 -534.839 46.6075 1.191 3.39062 -0.587643 0.725472 -0.587643 2.00725 -1.03631 0.725472 -1.03631 0.971201 
-117 11 -1 -470.08 45.9837 -4.93502 0.773561 -0.166743 1.51006 -0.166743 0.673614 -0.776074 1.51006 -0.776074 35.2174 
-132 11 0 -528.689 45.566 -2.13083 6.17694 2.17191 27.9603 2.17191 1.29472 13.9009 27.9603 13.9009 433.603 
-116 11 -1 -465.888 46.1893 -5.18189 0.938864 -0.105325 4.08085 -0.105325 0.828137 -8.74371 4.08085 -8.74371 705.243 
-119 -9 1 -478.247 -36.1264 5.92107 0.878901 13.7387 -0.693344 13.7387 480.414 -10.5559 -0.693344 -10.5559 34.2816 
-119 9 -1 -477.987 38.2584 -4.43961 0.647362 -0.0249833 0.784853 -0.0249833 0.770776 -0.606467 0.784853 -0.606467 33.7275 
-114 8 0 -459.235 35.2884 0.244442 3.18493 2.06638 -0.0453005 2.06638 4.20852 0.698915 -0.0453005 0.698915 0.745055 
-126 7 0 -505.792 30.6281 0.184525 0.821944 0.191963 -0.0817637 0.191963 1.2137 -0.224658 -0.0817637 -0.224658 0.160352 
-119 8 0 -477.518 34.5287 1.95693 1.09299 0.379931 0.124378 0.379931 1.57409 0.139798 0.124378 0.139798 0.635107 
-137 9 0 -548.534 38.6433 0.8097 18.9369 -1.34785 1.40742 -1.34785 1.59177 -0.238713 1.40742 -0.238713 0.401582 
-119 11 1 -479.249 44.1003 5.50329 4.42402 15.2109 0.890071 15.2109 420.017 19.3044 0.890071 19.3044 1.96867 
-136 10 0 -546.345 41.9532 0.154726 0.722001 -0.134092 0.233679 -0.134092 0.648753 -0.184396 0.233679 -0.184396 0.364231 
-122 9 0 -490.108 37.9888 -0.146818 0.834985 -0.0276059 0.0137088 -0.0276059 0.866836 0.0846062 0.0137088 0.0846062 0.160883 
-135 12 0 -542.668 48.7325 -1.48926 15.6968 -14.4059 99.9689 -14.4059 20.186 -105.175 99.9689 -105.175 689.64 
-133 12 0 -534.093 48.8823 2.09037 0.661194 0.463611 -0.0538512 0.463611 5.85225 0.270653 -0.0538512 0.270653 0.440191 
-120 -4 1 -481.828 -19.0315 5.58349 0.876867 0.0560368 0.31667 0.0560368 43.866 -8.62191 0.31667 -8.62191 7.32313 
-137 10 0 -548.555 41.8378 0.59858 4.29041 -0.69285 -0.104896 -0.69285 1.29631 0.108753 -0.104896 0.108753 0.30086 
-136 11 0 -545.544 46.2326 -0.78234 0.754762 0.0541954 0.156822 0.0541954 0.724511 0.1523 0.156822 0.1523 0.760549 
-118 8 0 -474.118 34.4993 2.03197 0.81293 -0.0247429 0.0151024 -0.0247429 1.34767 0.088378 0.0151024 0.088378 0.684357 
-122 11 3 -491.569 46.7506 12.3066 489.368 -2110.15 -543.903 -2110.15 9836.21 2483.16 -543.903 2483.16 642.941 
-114 9 0 -459.407 36.3941 0.870558 5.91075 0.152934 0.0760566 0.152934 15.0561 -2.25368 0.0760566 -2.25368 1.43189 
-126 2 0 -505.946 11.6064 2.47076 2.67916 1.25659 2.11965 1.25659 16.8083 2.74988 2.11965 2.74988 3.28155 
-118 8 -1 -473.935 33.4058 -4.48137 1.17562 0.490793 12.1801 0.490793 2.14126 21.382 12.1801 21.382 415.999 
-125 2 0 -503.225 11.8145 2.8735 8.06786 3.41913 -0.08185 3.41913 61.5465 4.3283 -0.08185 4.3283 1.27466 
-133 8 0 -533.607 33.6204 -1.93411 0.789826 -0.124608 -0.178642 -0.124608 0.856457 0.058663 -0.178642 0.058663 0.398497 
-118 11 0 -475.115 46.8463 1.86255 8.55704 5.09034 0.273718 5.09034 8.93438 6.32405 0.273718 6.32405 9.46256 
-118 -4 0 -473.208 -19.3612 3.33424 267.914 37.1456 0.796053 37.1456 159.47 -5.85213 0.796053 -5.85213 5.01361 
-125 11 2 -502.865 46.0305 9.8843 33.9668 18.6766 -1.16348 18.6766 37.7029 3.55778 -1.16348 3.55778 1.2941 
-113 8 0 -455.552 33.0774 3.71953 84.4521 -19.7978 -69.9093 -19.7978 29.0414 -18.9756 -69.9093 -18.9756 234.146 
-119 -4 1 -477.808 -19.1589 5.62015 1.0644 -0.463965 2.58091 -0.463965 47.9171 -15.3494 2.58091 -15.3494 50.3736 
-119 -6 1 -477.669 -25.8349 5.70008 1.06485 0.459055 0.637593 0.459055 1.08352 0.474915 0.637593 0.474915 4.41688 
-117 -6 1 -471.189 -25.005 5.29381 15.0867 -2.9086 1.50904 -2.9086 2.42953 1.0243 1.50904 1.0243 5.98002 
-125 4 1 -502.723 16.7809 4.83729 1.49863 -0.278093 0.201103 -0.278093 9.18645 -4.16025 0.201103 -4.16025 3.20587 
-121 -8 1 -485.523 -34.2439 6.15004 1.55584 15.0534 18.5073 15.0534 594.348 21.3942 18.5073 21.3942 722.282 
-133 6 1 -534.085 27.0561 5.79619 1.55278 -0.374762 1.38557 -0.374762 2.56224 0.480649 1.38557 0.480649 2.6637 
-133 7 1 -533.777 29.8322 5.04653 0.992974 -0.154232 0.350304 -0.154232 0.882019 -0.049896 0.350304 -0.049896 1.31368 
-132 7 1 -529.276 30.6227 5.43511 0.672273 -0.489108 -0.014554 -0.489108 1.93229 -1.09 -0.014554 -1.09 1.98422 
-125 7 1 -502.381 30.1236 5.5483 1.24388 0.00484931 -0.0917171 0.00484931 1.08428 -0.182762 -0.0917171 -0.182762 0.593023 
-116 10 1 -464.871 42.8703 6.31194 15.5216 6.50087 -24.1743 6.50087 18.2279 -30.1749 -24.1743 -30.1749 64.2924 
-115 10 1 -461.546 42.6994 6.62926 1.78557 -0.0826631 -0.200489 -0.0826631 1.19705 -0.802883 -0.200489 -0.802883 2.19535 
-131 7 1 -527.541 30.7659 5.51142 16.2553 0.829785 -2.0971 0.829785 3.23788 -1.52374 -2.0971 -1.52374 1.52063 
-117 7 1 -468.648 31.116 5.21902 6.18309 2.26497 -0.294608 2.26497 3.27302 0.156126 -0.294608 0.156126 1.50247 
-126 8 1 -506.144 33.708 5.60412 0.853654 0.185174 -0.154291 0.185174 0.850114 -0.0927143 -0.154291 -0.0927143 0.780386 
-117 8 1 -469.704 34.054 4.67904 0.845766 -0.0766642 -0.0385668 -0.0766642 0.891934 -0.143222 -0.0385668 -0.143222 2.25427 
-117 8 -1 -470.103 33.8932 -4.66546 2.03735 1.26825 20.4073 1.26825 2.12485 25.6929 20.4073 25.6929 431.415 
-114 8 1 -457.563 33.7718 5.61995 1.4877 -0.247958 0.999241 -0.247958 1.37753 -0.293414 0.999241 -0.293414 1.97792 
-131 8 1 -526.68 33.9466 5.64966 1.83638 0.24787 0.00964749 0.24787 1.04042 -0.084794 0.00964749 -0.084794 0.857564 
-116 8 1 -466.341 33.8926 5.42057 1.01809 -0.0930627 -0.602303 -0.0930627 0.799634 0.130177 -0.602303 0.130177 1.27192 
-122 8 1 -490.206 34.5386 5.08717 0.825027 0.155684 -0.30325 0.155684 1.61854 -0.466595 -0.30325 -0.466595 1.19933 
-134 0 0 -536.911 2.83411 -0.719639 1.0742 -1.98796 -0.986034 -1.98796 26.8361 10.1405 -0.986034 10.1405 4.38149 
-121 7 0 -486.281 29.8521 -3.96062 1.02801 0.255181 9.53394 0.255181 0.734858 6.3201 9.53394 6.3201 585.606 
-119 8 1 -478.421 34.4376 5.31371 1.47808 0.152257 0.895484 0.152257 1.41092 -0.40761 0.895484 -0.40761 3.48454 
-120 8 1 -482.129 34.7556 5.07756 0.906372 -0.240293 0.0400362 -0.240293 1.62071 -0.530516 0.0400362 -0.530516 2.18843 
-119 9 1 -478.603 37.7384 5.40325 1.25395 -0.199878 0.125917 -0.199878 1.00751 -0.427638 0.125917 -0.427638 1.09542 
-119 10 1 -478.968 42.6974 5.97464 2.11068 0.340734 -0.126165 0.340734 0.781552 -0.0193276 -0.126165 -0.0193276 0.895907 
-133 8 1 -534.016 33.9879 6.01175 1.61805 0.162402 -0.96738 0.162402 1.04356 -0.575224 -0.96738 -0.575224 1.78001 
-133 5 0 -533.974 22.0514 -2.70231 1.36398 0.204934 21.3656 0.204934 0.820271 6.61607 21.3656 6.61607 735.657 
-122 -4 1 -489.774 -18.8708 5.60816 1.31298 1.18155 -0.38776 1.18155 35.4304 -4.93039 -0.38776 -4.93039 3.64973 
-113 8 1 -455.612 33.7467 4.75233 8.67463 -1.28042 4.8957 -1.28042 2.52999 -1.94831 4.8957 -1.94831 11.254 
-129 8 1 -517.386 35.1839 5.17072 3.10351 1.0382 -0.560314 1.0382 5.45459 -1.94015 -0.560314 -1.94015 1.94108 
-133 10 0 -534.886 41.1275 0.367566 1.473 0.323685 0.186074 0.323685 1.07749 0.200475 0.186074 0.200475 0.224421 
-113 12 1 -454.918 48.4054 6.31867 6.87646 7.47115 -1.01037 7.47115 23.1165 -2.06911 -1.01037 -2.06911 0.914686 
-121 8 1 -485.202 34.8938 5.04939 1.05972 -0.544665 1.43513 -0.544665 3.73527 -2.05147 1.43513 -2.05147 3.76638 
-121 10 3 -486.271 40.7914 12.8985 2.02047 -1.90171 1.59167 -1.90171 16.3773 -2.94803 1.59167 -2.94803 4.46875 
-127 9 1 -508.785 37.3354 5.36513 2.17454 -0.0205997 0.627396 -0.0205997 1.32355 0.346321 0.627396 0.346321 1.01698 
-116 7 0 -466.232 30.2567 2.16516 0.991484 0.758058 -0.0951627 0.758058 2.23976 -0.226154 -0.0951627 -0.226154 1.12463 
-123 9 1 -493.203 37.4656 5.97244 1.0645 -0.442665 -0.059101 -0.442665 1.8044 0.26008 -0.059101 0.26008 0.929869 
-118 -6 1 -473.764 -25.8485 5.77587 1.38496 0.215293 10.2557 0.215293 0.626702 1.77032 10.2557 1.77032 160.584 
-122 9 1 -490.12 37.5655 5.70319 0.884088 -0.218871 0.0754465 -0.218871 1.37828 0.433111 0.0754465 0.433111 0.869715 
-113 10 -1 -454.135 42.224 -5.43641 0.869657 -0.154921 0.752836 -0.154921 0.829975 3.0516 0.752836 3.0516 53.9672 
-121 9 1 -485.836 38.2423 6.45793 0.801348 -0.00325472 0.0189028 -0.00325472 0.615763 0.0206562 0.0189028 0.0206562 0.648887 
-129 10 1 -516.719 41.5126 5.01821 2.99558 0.977586 -0.819491 0.977586 1.24209 -0.536813 -0.819491 -0.536813 1.21696 
-117 9 1 -469.565 37.8822 6.33889 1.31554 -0.810323 -0.26613 -0.810323 1.54694 -0.0489126 -0.26613 -0.0489126 0.874452 
-116 9 1 -466.434 38.5233 5.87612 1.03091 -0.230995 -0.139836 -0.230995 0.815023 -0.127451 -0.139836 -0.127451 0.777856 
-115 11 2 -460.562 47.015 9.79393 1.98471 0.11098 0.304485 0.11098 2.44889 0.0286228 0.304485 0.0286228 0.89993 
-114 9 1 -458.711 37.5448 6.0748 2.12505 0.34394 0.0848504 0.34394 2.12132 -1.12198 0.0848504 -1.12198 2.43131 
-126 9 1 -506.351 37.8694 5.81484 0.955731 -0.245064 -0.152106 -0.245064 0.899218 0.00628677 -0.152106 0.00628677 0.843173 
-132 10 1 -530.322 40.6811 5.56612 1.67624 -1.36197 -0.681296 -1.36197 4.5339 1.31855 -0.681296 1.31855 1.40562 
-124 10 1 -498.771 41.2488 5.19582 4.38821 -3.70372 -1.56024 -3.70372 4.35213 1.03525 -1.56024 1.03525 1.57018 
-119 10 2 -478.797 42.6272 9.76311 1.45799 0.673686 0.577523 0.673686 1.22348 0.4002 0.577523 0.4002 0.934543 
-136 10 1 -547.049 42.0801 5.76739 1.04608 0.0782809 0.490751 0.0782809 1.63703 0.146191 0.490751 0.146191 1.02396 
-133 10 1 -534.251 41.1802 5.21978 0.475407 0.312611 -0.0469194 0.312611 1.89586 0.446101 -0.0469194 0.446101 0.708593 
-127 10 1 -509.085 41.4825 5.29914 3.95793 1.96501 -1.25277 1.96501 2.31931 -0.636457 -1.25277 -0.636457 1.03871 
-121 10 1 -485.295 41.0402 5.65061 5.1552 3.28768 0.0633298 3.28768 7.0636 0.20475 0.0633298 0.20475 0.819819 
-120 9 -1 -482.098 38.5083 -4.35315 1.58793 -0.464627 15.304 -0.464627 1.19092 -5.59155 15.304 -5.59155 266.839 
-136 9 0 -546.126 38.6258 -1.00566 0.732285 -0.0812016 0.115526 -0.0812016 0.866043 -0.239591 0.115526 -0.239591 0.499816 
-134 11 1 -536.686 46.0279 4.57345 90.2133 -32.5746 -57.3234 -32.5746 13.4035 13.6959 -57.3234 13.6959 77.8118 
-120 8 0 -482.031 34.4796 1.637 0.718292 0.00367397 -0.0415664 0.00367397 1.6023 0.0919291 -0.0415664 0.0919291 0.527681 
-133 11 1 -534.334 46.8062 5.39571 1.22965 0.308761 -0.248118 0.308761 1.23683 -0.696345 -0.248118 -0.696345 2.84447 
-128 11 1 -514.261 45.6497 4.97052 1.02059 -0.120315 0.392978 -0.120315 0.619442 -0.268341 0.392978 -0.268341 1.27431 
-114 11 1 -458.088 45.416 6.25237 0.546954 0.0380487 -0.166627 0.0380487 0.975927 -0.334417 -0.166627 -0.334417 1.03591 
-134 12 0 -537.885 48.8872 0.61947 2.28643 -0.175142 -1.07817 -0.175142 2.92517 0.200609 -1.07817 0.200609 0.733042 
-113 10 1 -454.862 42.2667 6.29749 2.58752 -0.782188 -0.422825 -0.782188 1.84589 -1.13038 -0.422825 -1.13038 2.10625 
-123 5 0 -494.164 22.1923 -3.77067 1.86596 0.219417 26.3883 0.219417 0.979275 8.43813 26.3883 8.43813 894.025 
-127 3 0 -508.735 15.2424 0.905942 2.28545 0.0451311 -0.716064 0.0451311 1.85716 0.520261 -0.716064 0.520261 0.686798 
-125 11 1 -502.937 46.1973 5.58743 2.30837 -0.567176 0.433935 -0.567176 2.71778 -0.0153829 0.433935 -0.0153829 0.780741 
-115 11 1 -460.928 46.5828 5.80943 2.87543 -1.38048 0.235507 -1.38048 1.33066 -0.163258 0.235507 -0.163258 0.797462 
-120 5 -1 -481.998 21.9947 -4.09694 1.38069 0.352974 21.7538 0.352974 0.932708 11.949 21.7538 11.949 735.579 
-118 7 -1 -473.901 30.0205 -4.36321 1.36648 0.566297 21.2672 0.566297 1.26378 19.6559 21.2672 19.6559 730.802 
-118 -7 1 -474.037 -30.3601 5.77722 1.27823 -0.994191 2.41339 -0.994191 2.80266 -1.75402 2.41339 -1.75402 12.7279 
-129 11 1 -518.373 46.7417 5.74773 3.57708 1.56278 0.533431 1.56278 7.71363 0.125634 0.533431 0.125634 0.779999 
-123 12 1 -493.499 48.5807 4.7178 1.24772 -1.38725 -0.118246 -1.38725 15.943 -7.6403 -0.118246 -7.6403 6.77268 
-115 12 -1 -462.305 49.1078 -4.90139 0.966178 0.767974 -2.03843 0.767974 3.05408 -2.50701 -2.03843 -2.50701 18.3455 
-134 7 1 -537.144 29.0539 6.72483 2.43784 -0.176546 0.0213089 -0.176546 3.99002 -2.73826 0.0213089 -2.73826 3.41938 
-117 -4 1 -470.866 -19.3913 5.4796 3.85766 7.49951 -1.83983 7.49951 46.6359 -2.91876 -1.83983 -2.91876 26.5286 
-136 9 1 -546.844 37.8974 5.82781 4.53567 1.51082 -3.07516 1.51082 1.00337 -0.888232 -3.07516 -0.888232 3.28073 
-134 12 1 -537.355 49.0302 5.64838 1.59689 -0.596611 -1.00281 -0.596611 6.25966 0.950122 -1.00281 0.950122 4.05144 
-133 9 1 -533.386 37.4932 7.17444 3.85403 2.34762 -4.90264 2.34762 2.93984 -2.16841 -4.90264 -2.16841 8.41518 
-120 6 -1 -481.918 25.9075 -4.12955 1.42393 -0.998752 17.9366 -0.998752 2.1192 -26.1736 17.9366 -26.1736 504.625 
-118 -8 1 -473.386 -32.9365 5.6786 1.89821 0.347766 1.10091 0.347766 1.27649 6.57124 1.10091 6.57124 116.417 
-124 8 2 -497.697 34.7106 9.47295 2.46612 1.38464 -1.17828 1.38464 2.11623 -0.885138 -1.17828 -0.885138 1.46923 
