-127 12 3 -509.447 50.527 13.6134 0.757819 0.297009 0.252074 0.297009 8.76599 2.76564 0.252074 2.76564 2.3442 
-120 14 3 -481.055 57.6715 13.8161 9.89877 -28.5841 2.58148 -28.5841 109.126 -5.91688 2.58148 -5.91688 2.06282 
-114 13 3 -458.096 52.8613 13.5156 83.9464 1.80696 10.347 1.80696 17.1921 7.11787 10.347 7.11787 5.09896 
-113 12 3 -453.189 51.5412 12.2994 34.1972 13.617 -52.333 13.617 519.517 100.195 -52.333 100.195 116.282 
-134 16 2 -536.653 67.4715 9.4393 258.461 -845.716 24.9853 -845.716 3256.84 -102.06 24.9853 -102.06 6.75174 
-113 13 2 -455.597 53.7983 10.2523 30.6454 -6.41462 -16.7946 -6.41462 8.8511 10.4244 -16.7946 10.4244 17.7217 
-136 12 2 -547.802 50.2502 9.53928 618.622 -245.351 -9.69092 -245.351 176.974 20.1273 -9.69092 20.1273 5.5575 
-118 20 2 -473.787 82.2175 9.10482 78.2324 -186.78 25.8016 -186.78 452.728 -62.1746 25.8016 -62.1746 9.11383 
-115 18 2 -460.497 73.3941 9.57499 1023.32 -0.879009 84.7983 -0.879009 1030.24 10.5958 84.7983 10.5958 8.17493 
-132 18 2 -530.655 73.5872 9.62617 185.345 -33.6267 -5.56123 -33.6267 383.418 -38.6141 -5.56123 -38.6141 4.7256 
-120 14 2 -480.737 57.7232 9.81887 32.8885 -7.38347 -2.8082 -7.38347 21.995 0.476932 -2.8082 0.476932 0.828802 
-114 14 2 -457.076 56.9749 9.58122 2.81632 -4.63573 0.313877 -4.63573 12.506 -1.2215 0.313877 -1.2215 0.835971 
-114 13 2 -457.283 55.0226 10.0541 35.8869 30.6392 20.5258 30.6392 28.7065 17.6833 20.5258 17.6833 12.6224 
-131 12 2 -525.65 50.4241 9.42266 11.8697 -2.09416 -2.15024 -2.09416 12.6117 1.61562 -2.15024 1.61562 1.11491 
-128 18 1 -512.84 73.3922 6.4043 99.7738 -183.314 -0.674081 -183.314 498.206 -3.93603 -0.674081 -3.93603 1.45846 
-132 18 1 -530.589 73.3818 5.63594 64.9379 -129.245 -1.17352 -129.245 363.726 7.13171 -1.17352 7.13171 1.18295 
-115 15 1 -461.215 60.9604 5.64715 99.9576 -74.8613 1.92802 -74.8613 56.7702 -1.4173 1.92802 -1.4173 1.03375 
-135 12 0 -542.964 50.8938 -1.20871 12.5715 -11.556 81.4797 -11.556 14.8308 -82.707 81.4797 -82.707 650.235 
-123 15 0 -494.368 61.8456 -1.4533 2.53494 -3.06507 29.5622 -3.06507 6.83836 -53.4062 29.5622 -53.4062 474.466 
-128 14 0 -513.93 58.2127 -1.37751 0.877868 0.145878 -0.245093 0.145878 0.960211 -1.14225 -0.245093 -1.14225 14.0194 
-134 13 0 -537.824 53.6903 -1.12381 1.02782 0.512801 0.0227362 0.512801 0.875595 0.0782062 0.0227362 0.0782062 1.03294 
-133 13 0 -534.765 53.9119 -1.43201 1.02999 -0.479372 1.02629 -0.479372 9.97039 -79.8828 1.02629 -79.8828 728.164 
-134 12 0 -537.781 50.9302 0.569345 1.17031 -0.864153 -0.0919893 -0.864153 3.62369 0.0727783 -0.0919893 0.0727783 0.314738 
-125 14 0 -502.979 57.906 0.2112 8.94009 -8.32195 -0.893592 -8.32195 9.24993 1.23952 -0.893592 1.23952 0.43207 
-127 14 0 -510.26 58.7463 -0.766727 1.18464 -0.249226 0.10624 -0.249226 0.77051 0.0142081 0.10624 0.0142081 0.557981 
-114 18 0 -457.944 74.6075 -1.92758 8.07359 7.10799 -69.0133 7.10799 14.0725 -112.765 -69.0133 -112.765 992.829 
-132 17 1 -530.998 68.5439 6.65349 210.282 -231.208 -15.1371 -231.208 291.706 17.7828 -15.1371 17.7828 1.81083 
-131 13 0 -525.809 54.1122 -1.32455 1.05107 -0.105928 0.515215 -0.105928 0.898781 0.0464326 0.515215 0.0464326 0.933201 
-118 18 0 -473.922 75.1358 0.087311 2.15111 0.359582 -0.460805 0.359582 1.23693 -0.412189 -0.460805 -0.412189 0.438064 
-127 12 1 -508.315 51.893 6.5532 4.37701 -15.0349 -1.92809 -15.0349 583.163 39.406 -1.92809 39.406 3.76731 
-136 12 1 -547.689 50.6343 6.00125 33.1291 -49.8958 -6.00863 -49.8958 116.566 13.1483 -6.00863 13.1483 2.08237 
-119 17 0 -477.891 69.6728 -2.1297 4.06543 -1.48113 13.2298 -1.48113 1.69751 -2.19953 13.2298 -2.19953 76.5056 
-121 16 0 -485.87 65.6327 -1.12939 5.16336 -1.58185 0.59387 -1.58185 1.18783 -0.472937 0.59387 -0.472937 0.495984 
-123 14 0 -492.553 58.6486 -0.407716 3.47886 0.294384 -0.553452 0.294384 2.10645 -0.3623 -0.553452 -0.3623 0.391792 
-124 15 0 -497.878 62.1088 -1.12641 0.673957 0.158805 -1.11645 0.158805 1.74555 -4.36778 -1.11645 -4.36778 21.0068 
-126 12 0 -506.282 51.4199 -2.37684 1.3105 -0.457597 -13.8976 -0.457597 13.194 -37.3386 -13.8976 -37.3386 492.024 
-126 17 0 -506.566 69.8918 0.00729422 0.936143 -0.43737 3.53162 -0.43737 8.29953 -35.7731 3.53162 -35.7731 175.466 
-125 17 0 -502.491 69.9644 -0.0976714 1.17683 -0.855364 5.69068 -0.855364 5.21266 -34.8373 5.69068 -34.8373 263.194 
-126 13 0 -506.766 53.3799 -0.992497 1.13079 -0.281689 0.345462 -0.281689 1.31379 0.201072 0.345462 0.201072 0.453667 
-117 18 0 -468.849 73.0169 -2.08506 1.16645 0.475511 -0.424137 0.475511 7.38416 3.46334 -0.424137 3.46334 6.13295 
-119 16 0 -478.098 65.3762 -1.7397 1.4817 0.333185 0.826788 0.333185 0.922284 0.401982 0.826788 0.401982 1.08079 
-134 15 0 -537.595 60.8259 0.335749 5.18187 5.71236 0.757476 5.71236 10.13 -0.0708716 0.757476 -0.0708716 0.770628 
-127 13 0 -509.593 53.1492 -0.5764 0.898457 0.660376 -0.173322 0.660376 1.40748 -0.0576707 -0.173322 -0.0576707 0.287363 
-113 13 0 -454.679 53.8817 -0.478778 1.00225 -0.421536 -0.157372 -0.421536 0.816112 0.0164086 -0.157372 0.0164086 0.236186 
-118 20 0 -474.401 81.5907 1.28737 27.1314 10.2055 -2.46465 10.2055 83.5868 1.70274 -2.46465 1.70274 0.673418 
-123 12 0 -493.865 51.1402 -2.36652 0.816369 0.194539 0.223777 0.194539 2.41216 0.237221 0.223777 0.237221 1.02514 
-120 14 1 -480.929 58.0409 5.76448 16.9618 -14.939 -1.16282 -14.939 104.924 3.81995 -1.16282 3.81995 0.918891 
-124 12 0 -497.992 51.0406 -0.717864 0.71412 0.0305146 0.17545 0.0305146 4.67382 -0.256307 0.17545 -0.256307 0.273873 
-129 17 0 -517.634 70.8847 2.56303 58.5866 31.7317 -1.17926 31.7317 19.7641 -2.08447 -1.17926 -2.08447 1.43284 
-125 12 0 -501.883 51.1301 -1.50738 0.7073 -0.687801 -0.181022 -0.687801 5.10924 -0.707593 -0.181022 -0.707593 0.934184 
-124 13 1 -496.193 53.9632 5.16238 1343.93 -1158.25 85.3273 -1158.25 1707.77 -115.59 85.3273 -115.59 10.6256 
-113 18 0 -453.943 74.3754 -1.86562 1.12521 -1.11102 5.79596 -1.11102 4.09516 -23.0489 5.79596 -23.0489 171.005 
-120 15 0 -481.471 61.8415 -1.61798 1.38323 0.598038 0.0322108 0.598038 1.30594 0.30974 0.0322108 0.30974 0.616849 
-120 14 0 -481.202 58.0612 -0.424554 2.21235 -0.233501 -0.141411 -0.233501 4.03719 0.061958 -0.141411 0.061958 0.20771 
-121 14 0 -485.967 57.6294 -2.66638 1.54824 -1.43065 13.8227 -1.43065 2.67009 -20.3759 13.8227 -20.3759 196.657 
-112 12 0 -450.94 50.9965 -0.0293205 9.38643 11.8405 1.4222 11.8405 41.3674 0.565518 1.4222 0.565518 0.547513 
-126 15 0 -505.227 61.0073 0.0319929 1.78163 -1.14431 -0.381966 -1.14431 4.25589 -0.11313 -0.381966 -0.11313 0.388373 
-112 14 -1 -451.229 57.2453 -4.13122 3.49524 -1.26913 13.0602 -1.26913 29.4344 -211.659 13.0602 -211.659 1644.03 
-114 14 0 -457.254 57.4894 -0.753158 0.704724 0.0938693 -0.101632 0.0938693 1.46874 0.116581 -0.101632 0.116581 0.171805 
-119 12 -1 -477.129 51.1196 -4.11532 11.6651 -9.10525 132.541 -9.10525 13.3416 -157.194 132.541 -157.194 2237.41 
-122 15 0 -489.798 61.6285 -1.22078 0.90772 0.220204 -0.302948 0.220204 0.798549 -0.0298472 -0.302948 -0.0298472 0.619639 
-119 12 0 -479.14 51.0799 -3.88527 28.0184 -17.6282 225.481 -17.6282 16.1178 -154.356 225.481 -154.356 2173.48 
-114 14 -1 -458.759 56.8029 -4.06485 4.23622 7.60191 -58.941 7.60191 23.1666 -159.691 -58.941 -159.691 1521.77 
-115 14 -1 -461.896 56.8214 -4.14237 0.866089 0.990351 -10.6325 0.990351 9.96611 -67.51 -10.6325 -67.51 696.142 
-114 19 0 -457.171 76.6178 -0.367894 4.79073 -5.05502 0.265322 -5.05502 19.4109 -1.96098 0.265322 -1.96098 0.476466 
-114 13 -1 -457.898 53.9998 -4.42485 0.854752 0.637631 -4.10364 0.637631 4.84262 -26.8608 -4.10364 -26.8608 181.143 
-112 18 0 -450.957 73.7949 0.258491 10.5827 0.184996 1.96082 0.184996 1.37019 0.41192 1.96082 0.41192 0.732723 
-112 17 0 -451.222 69.4554 -0.0938684 10.062 -2.81262 1.10856 -2.81262 3.7855 -0.11879 1.10856 -0.11879 0.242756 
-119 15 0 -478.119 61.8593 -2.38091 1.07082 -0.470276 0.154935 -0.470276 1.39539 0.371413 0.154935 0.371413 0.728779 
-133 12 0 -534.847 50.9866 0.0713347 1.36969 -1.2557 0.502042 -1.2557 4.57057 -0.698992 0.502042 -0.698992 0.445567 
-113 16 0 -453.969 65.748 -1.49112 1.05147 -0.299879 0.0688648 -0.299879 1.16937 -0.229711 0.0688648 -0.229711 0.25408 
-112 13 -1 -450.988 54.0003 -4.47049 4.07956 -0.0828761 2.31288 -0.0828761 2.5656 -14.287 2.31288 -14.287 113.641 
-113 14 -1 -453.965 56.4794 -4.09529 1.27267 -0.559183 17.454 -0.559183 17.7481 -55.1015 17.454 -55.1015 508.787 
-113 15 0 -453.96 61.7182 -3.38758 0.750223 -0.0732986 0.880221 -0.0732986 0.811068 -0.493066 0.880221 -0.493066 11.0173 
-132 12 0 -529.729 51.1508 -1.93815 0.899355 -0.231708 4.61999 -0.231708 5.88017 -54.8923 4.61999 -54.8923 868.884 
-116 17 0 -466.092 70.4901 -1.42132 1.73711 0.332487 0.00335323 0.332487 0.59817 -0.173379 0.00335323 -0.173379 0.294555 
-119 13 0 -477.915 53.8293 -2.85317 1.00819 -0.558835 0.201787 -0.558835 1.10962 -0.319743 0.201787 -0.319743 0.364487 
-129 12 0 -518.001 50.9419 -2.53711 1.06564 0.467269 1.68358 0.467269 3.83048 4.35096 1.68358 4.35096 40.2504 
-115 12 -1 -461.696 51.1967 -4.80806 1.07122 0.41248 -4.08607 0.41248 6.03494 -11.3326 -4.08607 -11.3326 61.0694 
-130 14 0 -521.996 58.0065 -1.16078 0.806054 0.0519837 -0.0345464 0.0519837 0.621203 -0.266449 -0.0345464 -0.266449 1.97707 
-117 13 -1 -469.688 53.382 -4.34275 0.883287 -0.615991 3.00189 -0.615991 2.79379 -11.2632 3.00189 -11.2632 87.5975 
-117 15 1 -470.711 62.8324 5.79919 460.737 23.0596 -11.5099 23.0596 944.079 3.45529 -11.5099 3.45529 1.25058 
-116 14 -1 -465.865 57.0711 -4.13176 0.765546 -0.345312 8.55188 -0.345312 3.00701 -22.9935 8.55188 -22.9935 391.325 
-128 15 0 -514.068 61.6263 -0.787917 0.825982 0.0545574 -2.20301e-05 0.0545574 0.81166 -0.602596 -2.20301e-05 -0.602596 4.6622 
-117 17 0 -470.003 69.2843 -1.60043 0.941133 -0.20491 0.0297657 -0.20491 1.20556 0.142891 0.0297657 0.142891 0.260573 
-114 16 0 -458.115 65.5469 -0.944864 2.41023 0.572725 0.169265 0.572725 2.53319 -0.301073 0.169265 -0.301073 0.229807 
-113 12 -1 -453.787 50.9221 -4.74257 0.867352 0.389626 -2.93549 0.389626 3.68511 -9.65113 -2.93549 -9.65113 95.5561 
-118 12 -1 -473.88 51.1295 -4.45279 8.82459 -7.48726 83.1498 -7.48726 10.0387 -79.0243 83.1498 -79.0243 872.109 
-116 16 0 -465.169 65.4565 -1.75841 1.00617 0.266373 -0.0462103 0.266373 1.4162 -0.241184 -0.0462103 -0.241184 0.230077 
-115 13 0 -460.628 52.7665 -0.550617 17.2011 31.0184 -0.151394 31.0184 67.7963 -0.308385 -0.151394 -0.308385 0.152289 
-128 12 0 -514.064 50.9755 -2.59752 0.978435 1.53102 -7.36604 1.53102 5.4981 -19.21 -7.36604 -19.21 173.953 
-132 14 0 -530.05 57.8391 -0.922171 1.07195 1.51313 -9.10755 1.51313 25.0459 -118.242 -9.10755 -118.242 581.225 
-129 16 0 -518.049 65.9481 0.641127 1.25602 -0.64379 0.997152 -0.64379 1.38423 -0.971629 0.997152 -0.971629 1.77186 
-114 13 1 -456.404 55.4177 6.83936 61.418 -15.5609 -11.8585 -15.5609 137.792 58.3667 -11.8585 58.3667 27.1179 
-117 16 0 -470.339 66.3862 -3.02422 4.72624 -6.16777 49.1615 -6.16777 10.3212 -79.1719 49.1615 -79.1719 686.026 
-129 13 0 -517.832 54.3282 -1.06833 0.730331 0.105361 0.00948756 0.105361 0.741235 -0.143184 0.00948756 -0.143184 0.353273 
-130 12 0 -522.298 50.8499 -2.37169 1.14535 -0.741846 3.25815 -0.741846 9.18359 -8.63726 3.25815 -8.63726 26.122 
-114 15 0 -458.532 62.3387 -2.41128 0.552399 -0.0531192 0.054876 -0.0531192 0.717923 -0.123291 0.054876 -0.123291 0.186342 
-121 12 0 -485.707 50.9823 -2.08821 0.932046 -0.434215 -0.0630918 -0.434215 3.72079 0.149165 -0.0630918 0.149165 0.298204 
-121 15 0 -487.285 60.6384 -0.897204 2.46675 0.34938 0.356789 0.34938 3.01863 0.389283 0.356789 0.389283 0.29422 
-121 13 0 -486.399 53.675 -2.84659 0.839315 0.114658 -0.0843823 0.114658 1.06188 0.182094 -0.0843823 0.182094 2.00105 
-117 14 -1 -469.11 56.9749 -4.08684 2.59683 -1.94412 37.8475 -1.94412 5.92582 -69.6525 37.8475 -69.6525 1633.02 
-126 14 1 -506.742 57.22 5.08503 190.322 -206.193 -6.20715 -206.193 1000.31 -13.3961 -6.20715 -13.3961 1.77804 
-114 12 -1 -457.991 51.0904 -4.78649 1.26927 -0.705488 0.698398 -0.705488 15.2493 -82.562 0.698398 -82.562 576.827 
-118 15 0 -474.62 62.16 -3.11393 1.17475 0.285858 0.684117 0.285858 2.00576 -7.83279 0.684117 -7.83279 59.2714 
-131 14 0 -526.434 58.3702 -0.945077 4.65135 -11.001 52.7131 -11.001 31.9069 -148.712 52.7131 -148.712 712.72 
-119 13 1 -478.933 55.3903 5.23948 633.825 -528.29 -64.0552 -528.29 501.058 70.4159 -64.0552 70.4159 12.4648 
-119 13 -1 -476.389 52.417 -4.0542 26.3149 -43.3405 378.214 -43.3405 119.087 -886.678 378.214 -886.678 8556.3 
-112 12 -1 -451.087 50.8322 -4.8218 4.81086 2.47003 -2.92179 2.47003 4.61878 -6.54434 -2.92179 -6.54434 34.3109 
-118 14 0 -474.242 57.8059 -2.33834 0.789111 0.0583137 0.228093 0.0583137 1.77027 0.173363 0.228093 0.173363 0.291908 
-113 13 -1 -453.913 54.0942 -4.40096 0.958698 -0.731168 5.39619 -0.731168 3.91614 -24.7568 5.39619 -24.7568 197.817 
-115 14 0 -461.656 58.9115 -2.12174 0.991776 0.133225 -0.123011 0.133225 1.5284 0.328879 -0.123011 0.328879 0.240832 
-115 18 0 -461.222 73.4941 1.09226 0.928839 0.0408581 -0.289189 0.0408581 2.82354 -0.0986198 -0.289189 -0.0986198 0.234586 
-134 13 1 -536.39 52.9714 4.64526 50.465 -11.1109 -111.708 -11.1109 10.7304 42.2785 -111.708 42.2785 320.124 
-116 13 -1 -465.899 53.4758 -4.4312 1.08418 -0.85579 4.88238 -0.85579 3.95371 -16.2808 4.88238 -16.2808 100.313 
-117 15 0 -470.051 61.9793 -2.40252 1.30664 -0.109238 0.354415 -0.109238 0.885063 -0.22715 0.354415 -0.22715 0.408657 
-120 16 0 -481.644 66.5104 -1.9702 1.18116 -0.728902 8.64074 -0.728902 1.5977 -9.84658 8.64074 -9.84658 109.084 
-136 13 0 -545.76 53.871 -0.533832 4.34837 -2.35254 38.3923 -2.35254 2.82765 -28.4215 38.3923 -28.4215 404.427 
-123 17 2 -495.369 68.9597 8.99072 430.165 -247.267 31.4717 -247.267 737.272 14.7144 31.4717 14.7144 4.9979 
-131 16 0 -525.361 66.7589 0.993008 8.98552 -3.88371 -1.83077 -3.88371 20.4564 -78.9775 -1.83077 -78.9775 347.988 
-118 13 0 -473.377 52.9768 -1.29477 3.05268 4.09028 -0.0410158 4.09028 10.913 1.23398 -0.0410158 1.23398 0.453728 
-127 12 2 -508.392 51.4369 10.4268 44.9536 12.5712 9.22356 12.5712 149.981 27.1278 9.22356 27.1278 7.15799 
-124 14 0 -497.866 58.2046 -0.201392 1.76014 0.706896 0.0267128 0.706896 0.724958 0.195361 0.0267128 0.195361 0.495891 
-116 15 0 -466.152 62.0654 -3.4584 1.02239 0.257697 -0.303956 0.257697 1.04094 -2.5388 -0.303956 -2.5388 14.4761 
-120 18 0 -481.589 74.6006 0.0316822 2.6423 -0.0206656 -1.37418 -0.0206656 1.21621 0.280803 -1.37418 0.280803 1.09372 
-115 16 0 -462.434 65.3801 -2.02416 1.19511 -0.302217 -0.290835 -0.302217 0.91631 0.172921 -0.290835 0.172921 0.488963 
-119 18 0 -479.252 73.7258 -0.0799051 2.7461 2.46555 0.980694 2.46555 5.96408 -0.0244205 0.980694 -0.0244205 1.12826 
-124 13 0 -497.926 54.4187 -1.29833 0.659467 0.157282 -0.234248 0.157282 1.32072 -0.321937 -0.234248 -0.321937 0.701278 
-116 18 0 -466.221 72.7657 -2.57826 1.75254 -2.65517 22.2855 -2.65517 7.18365 -39.0962 22.2855 -39.0962 369.882 
-113 17 0 -454.442 69.4845 -2.55413 6.76384 1.70726 -34.153 1.70726 0.797296 -9.55508 -34.153 -9.55508 197.02 
-127 15 0 -509.968 62.2412 -0.383647 1.19693 -0.295683 2.44274 -0.295683 0.993137 -0.434931 2.44274 -0.434931 14.4534 
-112 13 0 -450.65 54.2235 -1.0124 39.2759 -56.4056 -2.54372 -56.4056 94.376 3.52914 -2.54372 3.52914 0.296465 
-118 16 0 -474.688 66.4343 -1.94103 1.05481 0.309927 0.17052 0.309927 0.979762 -0.137168 0.17052 -0.137168 0.391442 
-117 13 0 -470.055 54.5135 -1.54131 5.8544 1.15672 -2.55316 1.15672 4.23933 -1.93775 -2.55316 -1.93775 1.74735 
-132 13 0 -529.844 54.4066 -1.54869 0.805336 -0.832001 4.84104 -0.832001 12.4681 -67.4898 4.84104 -67.4898 389.51 
-132 17 0 -531.023 68.7407 3.23357 529.906 -967.801 -102.991 -967.801 2343.47 337.294 -102.991 337.294 61.8905 
-112 16 0 -450.931 65.8109 -2.91149 3.36326 0.88835 -1.88612 0.88835 1.83626 -1.80565 -1.88612 -1.80565 11.3195 
-118 13 -1 -473.456 52.7633 -4.25046 4.60081 -9.19443 52.8982 -9.19443 25.3556 -125.735 52.8982 -125.735 728.356 
-114 13 0 -456.522 54.8577 -1.76639 7.9147 -5.50362 -0.726931 -5.50362 6.85091 0.4 -0.726931 0.4 0.21394 
-116 14 0 -465.53 58.3973 -3.522 1.45533 0.0162828 0.656181 0.0162828 1.20937 2.37076 0.656181 2.37076 7.31611 
-119 14 0 -478.246 57.6947 -2.16884 1.01606 0.0221936 0.278109 0.0221936 0.758919 0.386778 0.278109 0.386778 0.64945 
-113 14 0 -454.304 58.0669 -2.71278 0.978265 -0.46738 0.0333583 -0.46738 1.02261 -0.140565 0.0333583 -0.140565 0.49701 
-117 14 0 -470.683 57.4672 -3.15248 2.32105 -0.47567 -0.517105 -0.47567 0.740349 0.501104 -0.517105 0.501104 1.33446 
-113 12 0 -452.242 51.1964 -0.50308 114.529 -31.0018 2.4479 -31.0018 171.712 -1.16804 2.4479 -1.16804 0.239281 
-117 12 -1 -469.777 51.0041 -4.70036 1.10554 -0.918384 6.42862 -0.918384 5.33192 -18.0895 6.42862 -18.0895 132.525 
-115 13 -1 -462.119 54.0215 -4.49443 0.79619 0.206799 -1.95751 0.206799 1.49501 -8.40113 -1.95751 -8.40113 79.6644 
-131 15 0 -525.967 61.5941 1.59718 1.85631 0.334007 0.00731137 0.334007 2.7787 0.462568 0.00731137 0.462568 0.462411 
-129 14 0 -517.641 57.9193 -0.781276 0.912107 0.162382 -0.231143 0.162382 0.996806 -0.192717 -0.231143 -0.192717 0.600484 
-120 13 0 -481.64 53.7726 -2.26624 0.808319 0.156043 -0.116785 0.156043 1.49628 -0.181347 -0.116785 -0.181347 0.276133 
-122 13 0 -490.39 54.1545 -1.80676 0.949816 -0.00983819 0.36342 -0.00983819 0.939625 -0.0160207 0.36342 -0.0160207 0.499023 
-112 14 0 -451.121 58.9915 -3.72285 4.81399 3.04001 -1.27811 3.04001 6.11917 -0.317367 -1.27811 -0.317367 3.00992 
-114 16 2 -459.314 65.9435 8.73783 254.951 201.79 53.0188 201.79 1205.79 167.999 53.0188 167.999 27.5172 
-122 12 0 -489.424 50.8164 -1.70183 1.29889 0.266523 -0.0960231 0.266523 4.26043 0.611488 -0.0960231 0.611488 0.404381 
-126 12 1 -507.757 51.8469 6.77558 440.718 965.741 76.6694 965.741 2226.91 178.103 76.6694 178.103 17.2059 
-118 12 1 -472.087 51.9471 5.13804 703.493 -65.5462 -57.6483 -65.5462 493.475 7.77543 -57.6483 7.77543 6.28038 
-128 13 0 -514.019 54.1076 -2.0623 0.798743 -0.207274 -0.0757242 -0.207274 1.30794 -1.16197 -0.0757242 -1.16197 3.67036 
-115 18 1 -460.454 73.2799 5.60226 5.32544 -0.701188 -0.315688 -0.701188 28.5905 -4.80945 -0.315688 -4.80945 1.7099 
-120 17 0 -483.547 70.4236 -1.40006 21.847 -21.4029 150.038 -21.4029 29.2344 -175.243 150.038 -175.243 1263.05 
-112 12 3 -451.268 50.7557 13.8126 9.95833 2.54307 -3.29695 2.54307 183.526 104.02 -3.29695 104.02 63.3928 
-130 15 0 -522.009 61.8882 -0.215002 0.797536 0.172554 0.583084 0.172554 1.24733 -3.49424 0.583084 -3.49424 22.5394 
-136 12 0 -546.65 51.1746 0.442283 1.2378 -2.54323 0.383487 -2.54323 15.3027 0.38211 0.383487 0.38211 0.598949 
-125 19 0 -501.091 76.7474 2.09526 21.6013 8.77352 -5.14312 8.77352 53.4011 -4.57494 -5.14312 -4.57494 2.36848 
-127 17 0 -509.925 69.9784 0.146645 1.50941 -4.84777 21.0183 -4.84777 58.2737 -236.963 21.0183 -236.963 1017.94 
-135 13 0 -542.27 54.0248 -0.935228 4.82741 -4.02444 32.7328 -4.02444 4.20914 -30.8874 32.7328 -30.8874 296.385 
-135 14 0 -541.955 56.9515 -0.625493 3.17209 -5.29602 37.8892 -5.29602 11.5792 -75.8945 37.8892 -75.8945 566.444 
-134 14 0 -537.915 57.808 -0.709588 3.79973 -6.10691 43.2366 -6.10691 14.8034 -98.8474 43.2366 -98.8474 694.421 
-112 15 0 -450.974 62.4348 -2.73216 4.22224 0.336439 -0.260425 0.336439 1.01486 0.130369 -0.260425 0.130369 0.357458 
-115 15 0 -461.406 61.5747 -1.83418 0.947995 -0.159343 -0.0941715 -0.159343 0.577764 0.0224989 -0.0941715 0.0224989 0.170491 
-124 16 0 -498.255 65.7641 -0.355316 1.08451 -0.332934 0.208934 -0.332934 0.835233 -0.749708 0.208934 -0.749708 2.17538 
-116 13 0 -465.837 54.5367 -2.05442 2.03682 -0.359637 -0.123427 -0.359637 1.36323 -0.119401 -0.123427 -0.119401 0.203476 
-127 16 0 -509.732 65.8728 0.701008 1.52471 -1.12356 -0.0728959 -1.12356 2.40924 -0.462393 -0.0728959 -0.462393 0.406679 
-129 15 0 -518.227 61.4632 -0.194022 1.34012 -0.519296 -0.324283 -0.519296 2.40462 0.150253 -0.324283 0.150253 1.19932 
-123 17 0 -495.404 69.2049 1.01322 10.8693 -0.221879 0.282661 -0.221879 1.69784 0.0576091 0.282661 0.0576091 0.397032 
-119 19 0 -479.206 78.3072 -0.551736 916.47 -565.01 -176.394 -565.01 350.326 109.504 -176.394 109.504 37.1141 
-132 15 0 -529.594 62.1102 -0.0697945 3.02464 7.52425 -33.4283 7.52425 27.674 -123.875 -33.4283 -123.875 570.343 
-137 12 0 -548.585 50.8549 0.464506 5.88415 0.760942 -2.39019 0.760942 14.7029 0.0594341 -2.39019 0.0594341 1.63919 
-133 15 0 -533.3 62.3044 -0.230225 4.02194 1.6468 -17.281 1.6468 6.64351 -43.5175 -17.281 -43.5175 310.5 
-128 16 0 -513.717 65.5351 0.506543 2.70307 -1.70848 1.50082 -1.70848 2.19932 -1.18273 1.50082 -1.18273 1.31331 
-124 17 0 -497.648 69.8517 0.393708 1.6175 0.275927 0.445211 0.275927 1.40375 -1.10851 0.445211 -1.10851 1.71601 
-122 13 1 -490.972 54.0819 4.86315 166.847 -255.488 -0.141621 -255.488 412.759 0.183307 -0.141621 0.183307 1.24168 
-120 12 0 -482.058 50.9608 -3.44324 0.52641 0.101794 0.0859149 0.101794 3.27123 0.0338861 0.0859149 0.0338861 2.20475 
-136 15 0 -546.311 62.1514 1.1628 1.03968 0.388395 0.83006 0.388395 0.466691 0.548957 0.83006 0.548957 1.26585 
-116 12 -1 -465.867 51.0295 -4.79357 0.817572 0.226379 -0.426023 0.226379 3.8457 -5.84306 -0.426023 -5.84306 34.2846 
-122 15 1 -488.62 61.2368 5.75125 16.6254 8.5186 0.414986 8.5186 5.8369 1.53688 0.414986 1.53688 2.12545 
-122 20 0 -489.861 81.8228 0.258637 4.45497 11.7151 -26.8587 11.7151 61.4758 34.0144 -26.8587 34.0144 1290.42 
-126 18 0 -505.596 73.3331 0.746828 3.85532 -6.77539 25.1681 -6.77539 13.2911 -51.0821 25.1681 -51.0821 216.4 
-114 14 3 -457.09 57.7233 13.73 97.3741 29.8707 34.6729 29.8707 26.4782 0.749017 34.6729 0.749017 19.9328 
-125 19 2 -501.099 76.2581 8.83162 109.595 -241.914 -30.5148 -241.914 666.868 90.391 -30.5148 90.391 15.8202 
-127 12 0 -510.203 50.9506 -2.07934 1.01433 0.155093 0.260555 0.155093 2.78901 -0.165726 0.260555 -0.165726 1.01712 
-119 14 3 -479.534 57.769 15.1429 11.993 72.2583 22.672 72.2583 525.524 163.035 22.672 163.035 53.3444 
-134 16 1 -536.511 67.5454 6.03037 200.867 -279.785 8.10718 -279.785 488.476 -8.14432 8.10718 -8.14432 1.09251 
-123 13 0 -494.27 53.7075 -1.37578 0.894896 -0.505691 0.372295 -0.505691 1.63073 -0.391504 0.372295 -0.391504 0.529501 
-134 16 0 -536.391 67.5407 3.20401 63.412 -99.9624 5.14913 -99.9624 316.57 -16.3417 5.14913 -16.3417 2.0184 
-131 15 1 -525.849 61.216 5.9518 2.48726 -0.9749 0.0323581 -0.9749 6.40038 0.371931 0.0323581 0.371931 0.83672 
-130 13 0 -522.307 54.5587 -0.607906 1.00406 0.360254 0.0271426 0.360254 1.36906 0.0362995 0.0271426 0.0362995 0.316677 
-123 16 0 -493.026 66.1627 0.764032 0.90031 -0.167234 -0.2624 -0.167234 3.69855 -0.724582 -0.2624 -0.724582 0.511706 
-118 17 0 -473.818 69.3441 -2.45092 0.948288 0.282985 -0.851566 0.282985 0.990582 0.286798 -0.851566 0.286798 9.58927 
-122 14 0 -490.083 57.752 -0.955608 1.0851 0.162782 0.196919 0.162782 0.846752 0.0708975 0.196919 0.0708975 0.271259 
-121 17 0 -486.329 69.6304 -1.36311 3.02584 -5.9795 31.3801 -5.9795 15.8501 -85.7616 31.3801 -85.7616 522.068 
-133 12 1 -533.626 50.8409 5.9158 1.09939 -0.186292 0.186367 -0.186292 4.47801 -0.299972 0.186367 -0.299972 0.583463 
-131 12 1 -525.783 50.889 5.77781 24.1364 -14.1505 -2.56108 -14.1505 18.1065 2.61355 -2.56108 2.61355 1.09739 
-125 19 1 -500.952 76.546 6.4736 87.6925 -146.352 -2.78016 -146.352 453.376 24.0182 -2.78016 24.0182 2.40181 
-126 14 0 -506.287 57.7521 -0.125546 2.2274 -0.879491 0.134699 -0.879491 1.63209 0.271396 0.134699 0.271396 0.376043 
-127 13 1 -508.643 52.418 5.31318 126.993 206.696 12.3567 206.696 338.267 19.8106 12.3567 19.8106 2.67401 
-126 13 1 -507.767 52.1841 5.4105 658.411 -363.554 -126.85 -363.554 326.397 83.6179 -126.85 83.6179 26.9577 
-117 13 1 -471.892 52.0454 6.35316 872.893 -2.38174 -69.088 -2.38174 877.338 -30.0261 -69.088 -30.0261 7.3937 
-125 18 2 -500.969 75.6109 10.5792 311.356 410.354 308.259 410.354 561.963 420.506 308.259 420.506 317.731 
-130 13 1 -521.818 53.5998 4.87943 12.7014 25.2444 7.50094 25.2444 80.5465 8.60948 7.50094 8.60948 8.56678 
-114 14 1 -456.746 56.9169 5.80536 16.2518 1.32935 2.45236 1.32935 6.61167 0.0060771 2.45236 0.0060771 0.996579 
-125 15 0 -501.769 62.7094 -1.00302 0.696966 -0.411945 1.81571 -0.411945 3.56456 -10.8667 1.81571 -10.8667 61.8069 
-118 14 1 -474.804 57.3237 6.21284 63.9472 -166.195 -19.215 -166.195 467.838 51.6066 -19.215 51.6066 6.40459 
-125 13 0 -501.485 53.9858 -2.02735 0.985707 -0.0725983 0.262235 -0.0725983 2.73654 -15.2918 0.262235 -15.2918 123.198 
-123 14 1 -492.103 58.9725 6.15248 399.068 -178.339 -11.9987 -178.339 319.316 25.5631 -11.9987 25.5631 2.61083 
-114 16 1 -458.924 66.034 5.84332 211.512 64.9206 36.6607 64.9206 712.098 -0.247376 36.6607 -0.247376 7.28896 
-118 20 1 -474.144 81.6929 4.91396 89.2346 -94.9991 -4.84553 -94.9991 187.683 -0.843058 -4.84553 -0.843058 1.6821 
-123 16 1 -492.365 66.567 5.77061 131.729 163.427 1.20062 163.427 493.034 -2.63787 1.20062 -2.63787 0.626138 
-131 12 0 -526.005 51.2132 0.32672 4.18697 1.59604 -0.0702851 1.59604 5.21494 0.0960054 -0.0702851 0.0960054 0.225941 
-120 18 1 -480.522 73.6464 6.02897 177.472 -174.652 25.8178 -174.652 347.627 -14.7918 25.8178 -14.7918 5.18431 
-118 18 1 -472.913 75.6185 6.12477 47.5952 -80.0057 -6.75813 -80.0057 319.501 20.1662 -6.75813 20.1662 1.93294 
-133 13 1 -534.455 52.39 5.94256 5.47473 -0.880105 -4.13759 -0.880105 11.7352 2.32445 -4.13759 2.32445 3.93742 
-126 13 2 -505.287 52.5013 10.3389 103.557 -133.071 -143.356 -133.071 193.124 176.25 -143.356 176.25 203.569 
-123 17 1 -495.422 69.0378 6.1127 39.1514 40.9674 -2.80447 40.9674 302.709 -7.55717 -2.80447 -7.55717 1.22246 
