-139 10 3 -559.254 43.0699 13.6775 609.703 -348.821 -244.099 -348.821 416.477 184.396 -244.099 184.396 108.059 
-138 7 0 -553.241 30.5887 -1.96668 2.04867 -0.594898 29.8692 -0.594898 1.67836 -24.3152 29.8692 -24.3152 1153.73 
-139 11 0 -558.701 44.8878 0.707388 4.6764 -1.28944 1.57669 -1.28944 1.39256 -0.11998 1.57669 -0.11998 1.19772 
-140 9 0 -560.926 36.6383 1.06237 3.79572 11.3434 -3.02145 11.3434 42.5395 -9.24487 -3.02145 -9.24487 2.91646 
-141 9 0 -565.968 37.9051 0.9524 1.90038 -2.44538 0.61183 -2.44538 5.20926 -1.32361 0.61183 -1.32361 0.646131 
-137 11 0 -550.213 47.2288 1.78476 78.4633 -55.2615 -3.93883 -55.2615 79.2089 2.89791 -3.93883 2.89791 0.680294 
-138 7 2 -554.13 30.6157 8.75726 1.34761 -0.46921 -1.76439 -0.46921 1.01359 1.13914 -1.76439 1.13914 5.45842 
-141 7 0 -565.54 29.5214 -1.64486 1.6317 -0.698806 10.9277 -0.698806 2.64296 -34.85 10.9277 -34.85 595.702 
-140 10 0 -561.049 41.297 1.46433 2.78219 2.50987 -0.557223 2.50987 3.53093 -0.868748 -0.557223 -0.868748 0.611273 
-139 10 0 -558.803 43.3059 1.09218 1.1802 -0.459552 0.604026 -0.459552 2.26061 -0.81041 0.604026 -0.81041 0.740588 
-140 11 0 -561.523 46.1372 1.28067 0.668391 -0.229045 0.000342759 -0.229045 0.829519 0.0687624 0.000342759 0.0687624 0.80443 
-138 10 0 -553.035 41.1555 -1.3801 14.3449 -16.6032 106.325 -16.6032 22.8831 -123.283 106.325 -123.283 890.291 
-141 10 0 -566.823 43.4081 2.47278 46.1034 6.00815 -7.37939 6.00815 1.65821 -0.739751 -7.37939 -0.739751 2.30471 
-139 10 1 -559.477 43.7372 6.27096 468.696 -37.1622 -14.9601 -37.1622 472.196 33.3969 -14.9601 33.3969 3.20132 
-140 3 0 -560.787 14.0881 -0.158029 17.9494 -17.8597 3.90704 -17.8597 23.7989 -4.08996 3.90704 -4.08996 3.29029 
-138 9 0 -554.215 37.3118 -0.150299 0.955772 -0.112451 0.354453 -0.112451 0.64337 0.0907567 0.354453 0.0907567 0.51948 
-141 6 0 -566.178 27.3642 -1.73258 1.77287 -4.92389 0.493669 -4.92389 29.8194 -17.309 0.493669 -17.309 926.803 
-140 8 2 -561.178 33.1312 8.60547 1.36386 1.21266 -0.942531 1.21266 2.1135 -1.11453 -0.942531 -1.11453 2.921 
-142 9 0 -568.921 37.5955 3.26796 5.86044 3.84174 -2.18578 3.84174 4.68354 -1.86332 -2.18578 -1.86332 1.34012 
-137 7 0 -551.606 29.8794 -1.85527 12.956 -0.156215 -4.83485 -0.156215 0.486816 0.789175 -4.83485 0.789175 8.37659 
-137 6 0 -551.025 25.2175 -2.24564 4.93229 1.1378 -18.8425 1.1378 1.3934 -18.5188 -18.8425 -18.5188 842.465 
-139 12 0 -558.719 49.2861 1.76206 10.5412 13.6707 4.03445 13.6707 23.5325 4.53797 4.03445 4.53797 2.4888 
-138 5 0 -552.502 22.3674 -2.16322 5.67941 1.50124 26.5966 1.50124 1.39592 2.65438 26.5966 2.65438 881.466 
-140 7 0 -561.887 31.1949 -1.67122 1.60176 -1.41153 18.0338 -1.41153 2.40069 -18.5646 18.0338 -18.5646 495.762 
-138 12 1 -554.875 49.7827 7.40538 1988.34 -2164.12 -278.777 -2164.12 2587.77 298.819 -278.777 298.819 43.8111 
-137 8 0 -550.908 33.44 -1.84918 3.23715 -1.00598 17.8409 -1.00598 3.83068 -45.7433 17.8409 -45.7433 667.761 
-137 9 0 -551.134 37.9499 -1.02039 5.31148 0.0935867 -0.966841 0.0935867 0.640487 -0.197468 -0.966841 -0.197468 0.560523 
-139 4 0 -557.663 17.4415 -0.800536 4.81077 -2.41357 -2.23898 -2.41357 2.04292 1.96629 -2.23898 1.96629 2.74226 
-141 12 0 -564.98 49.9148 1.9453 71.9862 -8.85109 303.385 -8.85109 497.173 -140.45 303.385 -140.45 1326.91 
-141 8 0 -565.906 33.6681 -1.11638 0.767518 -1.51395 8.83314 -1.51395 11.5162 -56.5962 8.83314 -56.5962 291.407 
-144 1 1 -576.749 6.12681 6.65758 3.93783 1.49279 1.57275 1.49279 1.44597 1.42635 1.57275 1.42635 2.65847 
-140 1 0 -560.029 6.64911 0.87244 5013.94 192.08 -22.1774 192.08 13.4001 -4.73995 -22.1774 -4.73995 20.0556 
-139 6 0 -558.602 26.7577 -1.95781 1.10163 5.85672 3.13641 5.85672 419.959 372.007 3.13641 372.007 347.067 
-138 11 1 -554.254 45.2503 5.24074 8.53849 0.852452 -3.76664 0.852452 2.23466 -0.369764 -3.76664 -0.369764 3.9173 
-139 9 1 -559.168 36.9675 6.21896 2.56521 -0.727503 -0.49418 -0.727503 4.03394 0.834244 -0.49418 0.834244 0.912592 
-139 9 0 -558.693 37.5609 1.42437 2.06854 0.286855 0.673933 0.286855 1.98829 0.0974419 0.673933 0.0974419 0.53791 
-140 8 0 -561.268 34.0674 0.649622 1.24039 0.344116 -0.130955 0.344116 0.874574 -0.11295 -0.130955 -0.11295 0.181379 
-137 4 0 -550.831 16.9056 -1.1045 3.54457 1.78513 0.672113 1.78513 3.32916 1.63519 0.672113 1.63519 2.02551 
-142 9 1 -570.034 38.8281 5.72348 8.53058 1.94986 6.26636 1.94986 4.13201 1.54305 6.26636 1.54305 5.01724 
-139 7 0 -557.927 30.1311 -0.474722 6.74824 -1.7024 2.39156 -1.7024 2.32021 -1.04999 2.39156 -1.04999 1.09271 
-142 10 1 -570.603 40.8214 5.61147 2.34794 -0.165827 -2.10109 -0.165827 1.00739 0.890075 -2.10109 0.890075 3.7424 
-139 0 0 -559.772 2.71166 0.381743 1050.37 63.2113 -31.4271 63.2113 4.87595 -2.09587 -31.4271 -2.09587 5.17144 
-138 11 0 -554.506 46.0999 0.335382 1.43785 -0.197638 0.505738 -0.197638 0.982318 -0.0495083 0.505738 -0.0495083 0.620054 
-138 8 0 -554.082 34.5171 -0.757335 0.89284 -0.0236157 0.18312 -0.0236157 0.690998 -0.0250331 0.18312 -0.0250331 0.325527 
-139 1 0 -559.893 4.86455 0.751406 1870.73 121.916 -71.7804 121.916 10.2567 -4.28502 -71.7804 -4.28502 8.48817 
-140 6 0 -561.514 26.6765 -1.9893 1.28572 -2.12725 4.88724 -2.12725 28.1017 -18.837 4.88724 -18.837 839.309 
-141 11 0 -566.423 46.3347 1.58473 14.7998 -14.109 79.6257 -14.109 15.1432 -82.8796 79.6257 -82.8796 469.586 
-142 11 0 -570.154 45.3617 2.42355 0.912143 -0.0490151 0.377073 -0.0490151 1.10638 -1.86661 0.377073 -1.86661 6.72115 
-143 11 0 -573.374 46.4702 2.80089 48.4961 -54.2518 166.482 -54.2518 69.6126 -207.051 166.482 -207.051 638.673 
-143 3 0 -573.148 14.4446 2.82806 56.4209 60.1817 -6.2088 60.1817 70.3763 -12.7709 -6.2088 -12.7709 12.1585 
-143 1 1 -574.964 7.05073 6.82821 2.81408 -0.453289 -0.99831 -0.453289 1.61606 0.31189 -0.99831 0.31189 2.81397 
-142 12 0 -569.505 48.9529 2.67391 24.4889 -23.8079 93.1083 -23.8079 30.5825 -101.062 93.1083 -101.062 407.653 
-143 12 0 -573.613 48.8807 3.39436 13.6063 -14.4901 97.2266 -14.4901 20.5939 -83.5684 97.2266 -83.5684 1054.18 
-137 5 0 -550.984 23.0625 -2.22748 5.9041 1.33971 80.9485 1.33971 3.16054 13.8295 80.9485 13.8295 1704.49 
-138 7 1 -555.399 31.0777 5.29786 7.59926 4.01377 -2.81821 4.01377 7.8609 -4.87996 -2.81821 -4.87996 4.15479 
-139 8 1 -558.068 34.2745 5.78691 0.372054 0.00715875 0.0293454 0.00715875 1.16449 0.0514653 0.0293454 0.0514653 0.511978 
-139 7 1 -557.062 29.886 5.93709 6.56001 3.60172 3.45048 3.60172 5.36618 4.5457 3.45048 4.5457 4.29422 
-144 1 2 -576.196 5.9044 8.45319 16.2048 0.0809128 -0.10852 0.0809128 0.809462 -1.60153 -0.10852 -1.60153 8.40147 
-147 1 2 -590.946 6.46458 9.17799 31.6911 -24.0075 5.00355 -24.0075 38.9632 -30.2914 5.00355 -30.2914 37.169 
-138 8 1 -555.02 33.9574 5.79819 1.55526 -0.189672 -0.360446 -0.189672 0.491925 -0.000688676 -0.360446 -0.000688676 0.833239 
-143 4 1 -573.153 16.8764 5.54075 279.262 103.362 489.834 103.362 48.8121 180.258 489.834 180.258 864.947 
-139 8 2 -558.225 34.5511 9.63101 1.42013 0.260576 -0.459627 0.260576 1.14874 -0.0693233 -0.459627 -0.0693233 0.649479 
-142 10 0 -570.368 41.4614 2.14518 1.23602 0.966563 -0.185133 0.966563 2.88172 0.00745425 -0.185133 0.00745425 2.33273 
-137 11 1 -550.514 46.4481 5.84749 4.92855 -1.15985 0.555654 -1.15985 2.54682 0.349767 0.555654 0.349767 1.04039 
-139 12 1 -559.246 48.9515 6.07328 228.427 -194.281 9.35373 -194.281 222.975 -3.87014 9.35373 -3.87014 1.3339 
-139 8 0 -557.664 34.439 0.296194 0.666042 -0.408885 0.137722 -0.408885 1.13705 -0.186626 0.137722 -0.186626 0.245612 
-140 7 1 -561.302 30.0873 5.71895 1.2488 -0.0220625 -0.027975 -0.0220625 0.532855 0.0554364 -0.027975 0.0554364 0.572619 
-140 10 1 -560.698 41.6228 6.35606 215.617 141.712 -13.6967 141.712 93.584 -8.99031 -13.6967 -8.99031 1.58762 
-138 8 2 -554.999 33.8598 9.79272 13.055 -4.04236 2.41172 -4.04236 1.92213 -0.561697 2.41172 -0.561697 1.39977 
-140 8 1 -561.379 33.4112 4.33557 2.5019 0.238084 -3.74304 0.238084 3.00124 4.41066 -3.74304 4.41066 28.3241 
-138 6 0 -553.215 26.4395 -2.14015 2.22556 0.233509 4.70951 0.233509 1.40098 -0.256233 4.70951 -0.256233 20.2561 
-144 2 1 -576.84 8.45448 6.50741 93.4657 -23.6143 -24.6093 -23.6143 15.7277 6.79504 -24.6093 6.79504 7.77153 
-137 10 0 -550.865 41.6203 0.361532 4.10467 0.94977 -0.597176 0.94977 1.42396 0.30966 -0.597176 0.30966 0.576176 
-143 2 1 -574.93 8.41254 5.65236 7.21229 0.753835 -2.56272 0.753835 28.7953 5.29385 -2.56272 5.29385 2.58554 
-143 1 2 -575.488 6.56539 9.10739 7.53067 0.603702 -1.3421 0.603702 2.81092 -1.90988 -1.3421 -1.90988 4.78226 
-139 7 2 -558.85 29.4669 9.4581 73.2929 38.5084 -12.5702 38.5084 20.8303 -6.58642 -12.5702 -6.58642 2.48046 
-139 9 2 -559.074 36.8474 8.83555 1.27831 -0.254268 0.205897 -0.254268 2.22948 0.0331216 0.205897 0.0331216 2.2442 
-138 4 0 -553.499 17.9129 -0.845867 0.895532 0.00257141 0.2728 0.00257141 1.6762 1.26629 0.2728 1.26629 1.54709 
-141 10 1 -566.632 43.7544 5.49195 630.456 5.07583 -13.4782 5.07583 712.64 38.5378 -13.4782 38.5378 3.10144 
-139 10 2 -559.453 43.4987 10.2376 259.982 -250.488 16.3552 -250.488 497.479 -12.2256 16.3552 -12.2256 1.73805 
