-144 13 1 -576.563 53.9694 6.05537 331.56 99.7065 -22.2307 99.7065 32.4828 -7.53345 -22.2307 -7.53345 2.37913 
-139 14 0 -556.746 57.7809 1.60061 44.5217 -31.9473 128.441 -31.9473 26.8428 -109.946 128.441 -109.946 464.744 
-137 14 1 -550.604 56.3956 6.00438 119.659 -61.7801 -14.3013 -61.7801 71.1257 13.9476 -14.3013 13.9476 3.57243 
-138 12 0 -554.122 51.2056 1.64966 1.85216 -1.5491 0.278802 -1.5491 17.0551 2.71614 0.278802 2.71614 1.06668 
-139 15 0 -558.224 61.2332 2.54691 14.9786 -12.9706 81.1355 -12.9706 12.7389 -71.7051 81.1355 -71.7051 455.777 
-140 13 0 -562.634 54.2754 2.06977 32.9517 -35.0995 156.118 -35.0995 41.7957 -178.702 156.118 -178.702 785.126 
-139 12 0 -559.362 50.8227 2.06704 2.8328 -0.453706 1.6484 -0.453706 7.84315 -0.266068 1.6484 -0.266068 1.68714 
-140 14 0 -562.279 57.9801 2.72715 12.2148 -12.2775 56.4088 -12.2775 13.2909 -61.7156 56.4088 -61.7156 311.718 
-137 14 0 -550.909 57.0343 2.02404 25.8311 5.53335 0.726863 5.53335 3.35512 1.15373 0.726863 1.15373 1.29463 
-141 14 0 -565.254 57.1033 3.10881 23.5229 -14.4791 97.5416 -14.4791 11.6103 -64.938 97.5416 -64.938 428.61 
-137 13 2 -550.459 55.8005 9.71264 211.237 -287.375 -52.842 -287.375 451.223 77.3594 -52.842 77.3594 14.3877 
-142 13 0 -569.387 53.1313 3.42585 30.0964 -18.126 119.792 -18.126 12.09 -76.0801 119.792 -76.0801 501.903 
-138 13 0 -552.949 53.6706 0.0992944 11.7124 -13.8914 94.809 -13.8914 20.6403 -137.657 94.809 -137.657 973.37 
-142 12 0 -570.279 51.1668 3.25145 23.0368 -22.6886 104.225 -22.6886 25.3783 -103.625 104.225 -103.625 484.201 
-139 12 1 -559.955 50.9173 5.34285 583.559 -239.216 27.4285 -239.216 211.327 -19.0351 27.4285 -19.0351 2.53083 
-140 15 0 -561.128 61.5215 3.19858 10.5077 -8.65608 65.0135 -8.65608 10.1082 -64.5886 65.0135 -64.5886 455.075 
