-7 -4 3 -37.73 -22.8731 15.9387 4.25966 9.53589 -8.14207 9.53589 24.9439 -20.8858 -8.14207 -20.8858 19.4165 
-7 -5 3 -37.9433 -26.3896 15.9445 2.21885 2.86902 -0.934047 2.86902 4.23783 -0.776497 -0.934047 -0.776497 3.61194 
-9 -6 2 -46.32 -32.0101 12.6794 1.74608 0.849619 1.24353 0.849619 1.40419 1.72331 1.24353 1.72331 5.29448 
-8 -3 2 -42.5745 -18.5545 11.8817 2.59152 2.42728 -3.44286 2.42728 3.59567 -3.20926 -3.44286 -3.20926 6.419 
3 0 2 15.8626 -0.22798 10.5591 2.34605 -0.372806 0.86402 -0.372806 0.520985 0.195025 0.86402 0.195025 4.50161 
2 0 2 14.4148 -0.568343 10.4936 9.00997 -1.92267 0.485206 -1.92267 0.945545 0.0241105 0.485206 0.0241105 7.10444 
3 -1 2 18.3076 -8.08525 10.3553 3.20642 -2.0125 -1.63333 -2.0125 4.44462 -0.487032 -1.63333 -0.487032 10.968 
-8 -4 2 -42.9018 -22.5691 11.6508 1.51469 -0.823233 0.730758 -0.823233 1.09581 -0.365197 0.730758 -0.365197 0.948337 
-9 -4 2 -46.8745 -22.5369 12.2586 0.685338 0.222207 0.0024744 0.222207 0.63628 0.0310362 0.0024744 0.0310362 0.467213 
4 -5 2 24.8653 -26.43 12.1224 613.495 21.1995 0.0093012 21.1995 2.07056 0.324683 0.0093012 0.324683 0.759739 
-5 -5 2 -28.571 -29.0597 12.3109 0.848621 0.00533221 -0.443009 0.00533221 1.35502 0.483137 -0.443009 0.483137 1.89157 
1 -5 2 5.52942 -26.2678 10.8064 35.469 -18.8727 22.6188 -18.8727 12.6661 -12.1765 22.6188 -12.1765 17.1761 
-9 -5 2 -47.7036 -26.7895 11.8673 0.711704 -0.153651 0.131673 -0.153651 0.396955 -0.0577983 0.131673 -0.0577983 0.57244 
-8 -5 2 -42.7672 -27.8433 12.2698 2.51134 -0.0657309 0.561465 -0.0657309 0.541366 0.130488 0.561465 0.130488 0.728444 
-6 -5 2 -32.6673 -27.7404 11.5968 0.584267 0.0989013 0.0993802 0.0989013 0.384153 -0.0232307 0.0993802 -0.0232307 0.542228 
-7 -5 2 -36.924 -26.9706 12.1595 0.820906 0.175494 -0.177464 0.175494 0.708019 -0.209558 -0.177464 -0.209558 0.762103 
-5 -6 2 -28.4926 -31.6193 11.8258 2.71755 0.376003 -0.525664 0.376003 1.35187 -0.844638 -0.525664 -0.844638 1.55987 
-7 -6 2 -37.8006 -32.4525 11.3597 0.905716 0.182764 -0.303402 0.182764 0.550905 0.064101 -0.303402 0.064101 1.84771 
-6 -6 2 -32.5315 -32.7971 11.1718 0.679528 0.02977 -0.0140542 0.02977 0.497677 -0.0308928 -0.0140542 -0.0308928 1.17 
-8 -6 2 -43.6486 -31.5914 11.9084 0.687756 0.0511268 0.200092 0.0511268 0.771333 0.0960151 0.200092 0.0960151 0.527272 
-7 -7 2 -38.4127 -36.9699 12.1837 2.26276 -0.280143 -0.300305 -0.280143 0.565469 0.206135 -0.300305 0.206135 0.792998 
-8 -5 3 -42.1532 -27.5994 15.8625 1.44204 -1.05693 -0.534748 -1.05693 0.991853 0.45175 -0.534748 0.45175 1.91275 
-5 -7 2 -28.9998 -36.5823 11.7722 2.59899 0.539523 0.422663 0.539523 3.07571 1.40517 0.422663 1.40517 1.49419 
-8 -8 1 -40.5265 -40.9761 8.75652 15.5479 -4.0638 0.112245 -4.0638 4.96593 0.610323 0.112245 0.610323 2.76114 
-5 -7 1 -29.3484 -35.6235 7.9307 8.85264 -3.03713 -0.615248 -3.03713 9.01078 1.28308 -0.615248 1.28308 1.16845 
8 -1 1 41.0276 -6.93085 6.89218 2.40817 -0.298881 -1.05306 -0.298881 0.550874 -0.00860493 -1.05306 -0.00860493 1.53028 
3 -4 1 16.9866 -21.7165 6.73699 0.718475 0.501569 0.171464 0.501569 1.8193 1.93048 0.171464 1.93048 3.71611 
-5 -5 1 -29.2126 -27.5018 8.03102 5.08412 1.41001 0.36782 1.41001 2.4069 0.484076 0.36782 0.484076 1.07148 
0 5 1 1.6036 25.3063 6.29185 1508.82 -2.47574 54.1848 -2.47574 1528.86 -53.986 54.1848 -53.986 5.3815 
4 0 1 20.216 -2.02958 5.66476 313.983 64.2524 -304.145 64.2524 20.6971 -82.174 -304.145 -82.174 353.012 
4 -1 1 21.1814 -8.21497 7.15559 1.28742 0.620387 0.0425412 0.620387 1.13093 0.210761 0.0425412 0.210761 0.856452 
7 -1 1 39.4334 -8.59682 6.7905 198.497 45.7971 12.0267 45.7971 14.0101 1.82159 12.0267 1.82159 1.43172 
3 -1 1 18.2411 -8.29779 6.9871 0.92003 0.0245847 -0.0494703 0.0245847 0.983659 0.0967606 -0.0494703 0.0967606 0.536962 
-2 -2 1 -11.4083 -10.124 7.43069 21.2541 -14.7275 -0.537923 -14.7275 42.7691 1.85083 -0.537923 1.85083 0.473675 
5 -2 1 26.4446 -12.0823 7.02497 1.54758 -0.513762 -0.358453 -0.513762 0.702949 -0.0802898 -0.358453 -0.0802898 0.77236 
2 -2 1 14.2526 -13.9558 5.74587 3.979 -0.212987 -0.57049 -0.212987 5.84159 4.55355 -0.57049 4.55355 6.22515 
4 -2 1 21.6796 -12.4018 6.63134 0.711316 0.0126244 0.0492896 0.0126244 0.430719 -0.0641706 0.0492896 -0.0641706 0.546605 
3 -2 1 17.3066 -12.4993 7.12975 0.631872 -0.182086 -0.104826 -0.182086 0.65071 -0.135568 -0.104826 -0.135568 0.583392 
-7 -4 2 -36.6042 -23.4038 12.6792 1.25991 0.0303643 0.747385 0.0303643 1.23315 0.835066 0.747385 0.835066 1.42281 
2 -3 1 14.103 -17.1007 5.93867 3.59134 -0.599448 -0.296254 -0.599448 0.514704 -0.145655 -0.296254 -0.145655 2.17447 
-7 -3 2 -36.4057 -17.9324 11.9816 0.878313 0.0320019 1.24829 0.0320019 0.883669 -0.13976 1.24829 -0.13976 2.98108 
2 -4 1 12.7217 -21.5721 6.21972 0.939377 -0.244953 -0.891517 -0.244953 0.841218 0.164065 -0.891517 0.164065 2.42288 
-8 -4 1 -42.8 -23.3591 7.33505 1.55525 -0.29389 -0.11928 -0.29389 0.839325 0.307505 -0.11928 0.307505 0.59517 
1 -4 1 7.36832 -22.8123 6.26283 1.03945 -0.372162 0.0513809 -0.372162 0.93335 0.362388 0.0513809 0.362388 1.06869 
-8 -4 3 -42.0082 -22.0106 16.0854 0.20557 -0.0302754 -0.174793 -0.0302754 1.40671 1.27245 -0.174793 1.27245 1.72641 
3 -3 1 17.4547 -17.0832 6.80143 0.712459 -0.1304 -0.553256 -0.1304 0.76208 -0.128009 -0.553256 -0.128009 1.04389 
0 -4 1 -2.01097 -24.4331 5.5352 0.204603 -0.0489195 0.206617 -0.0489195 6.16545 2.35367 0.206617 2.35367 7.0514 
-6 -4 1 -32.1112 -23.5939 6.82847 0.827944 0.199741 0.402687 0.199741 0.912262 0.0176673 0.402687 0.0176673 0.695455 
-7 -4 1 -36.6409 -22.6359 7.20108 0.967558 -0.110301 -0.315921 -0.110301 0.435956 -0.096546 -0.315921 -0.096546 0.687717 
1 -5 1 6.5504 -26.1823 7.30644 1.40278 -0.574788 0.321736 -0.574788 1.33763 -0.155493 0.321736 -0.155493 0.656189 
0 -5 1 -1.9437 -27.2302 6.46091 0.200238 0.0166554 -0.116739 0.0166554 0.759341 0.298107 -0.116739 0.298107 1.16352 
-1 -5 1 -6.09633 -28.191 5.72816 1.89187 -0.618014 -1.12008 -0.618014 1.07297 0.286075 -1.12008 0.286075 3.7177 
-7 -5 1 -37.0698 -27.3671 7.17023 0.72106 0.0345014 -0.198739 0.0345014 0.55507 0.00459196 -0.198739 0.00459196 0.58478 
1 -6 1 6.88824 -34.2396 6.22216 0.973131 0.402764 0.706197 0.402764 1.7782 0.825938 0.706197 0.825938 1.47579 
0 -6 1 -1.18611 -32.2898 7.20298 0.212397 -0.00667755 -0.0135829 -0.00667755 0.504515 0.153003 -0.0135829 0.153003 0.450525 
-1 -6 1 -7.37124 -31.9865 5.6635 0.949792 -0.181775 -0.409952 -0.181775 0.556059 -0.238594 -0.409952 -0.238594 4.37448 
-6 -6 1 -32.39 -32.5043 7.44084 0.782422 0.295172 -0.0698821 0.295172 0.682541 0.0155017 -0.0698821 0.0155017 0.519203 
-7 -6 1 -37.6181 -31.9374 7.3697 1.20357 -0.648131 -0.212093 -0.648131 0.865196 0.204034 -0.212093 0.204034 0.634523 
-8 -7 1 -42.788 -36.5672 7.10606 0.450757 0.101335 0.210727 0.101335 1.1334 0.431764 0.210727 0.431764 0.853811 
-1 -7 1 -7.20931 -37.0838 5.63531 0.437741 -0.104009 -0.229456 -0.104009 0.809452 -0.383834 -0.229456 -0.383834 1.22104 
0 -7 1 -1.51835 -37.1665 6.11602 0.206196 -0.196569 0.257023 -0.196569 0.7125 -0.440468 0.257023 -0.440468 1.11193 
-9 -7 1 -46.8595 -38.2171 7.22056 1.1339 -0.911585 -0.784929 -0.911585 1.5491 0.0889816 -0.784929 0.0889816 1.55067 
0 -8 1 -1.51101 -41.8163 5.58176 0.257909 -0.331039 -0.049871 -0.331039 1.20383 -0.739447 -0.049871 -0.739447 2.86918 
2 -5 0 11.7932 -29.1203 2.49868 0.683978 -0.732268 1.27891 -0.732268 7.14791 -1.94208 1.27891 -1.94208 5.00725 
-6 -5 1 -32.6429 -27.2526 7.06871 0.634472 -0.156896 -0.0279747 -0.156896 0.439967 0.0211091 -0.0279747 0.0211091 0.443077 
3 -6 0 16.4576 -34.7036 2.54424 103.799 -19.5663 2.51495 -19.5663 35.0334 -5.66022 2.51495 -5.66022 2.9667 
2 -7 0 11.8453 -37.6376 2.88065 3.92562 0.0767994 -1.54487 0.0767994 0.618271 1.07579 -1.54487 1.07579 4.86245 
1 -6 0 6.71904 -32.5985 3.02134 1.17375 -0.251225 -0.243086 -0.251225 0.460019 -0.0292529 -0.243086 -0.0292529 0.893427 
1 -8 0 7.01881 -42.0822 2.08988 0.477352 -0.103244 -0.036785 -0.103244 0.551019 -0.555838 -0.036785 -0.555838 3.9294 
1 -9 0 6.3686 -47.6854 2.53173 2.27844 -0.500312 -0.720092 -0.500312 0.595703 0.555695 -0.720092 0.555695 2.07084 
8 -1 0 42.0953 -7.77555 1.80728 1.62017 -0.221044 -0.874526 -0.221044 9.90089 3.50811 -0.874526 3.50811 3.13087 
2 -4 0 11.4974 -21.2467 2.19604 0.993281 0.581469 0.174166 0.581469 1.23028 0.499437 0.174166 0.499437 0.929034 
-7 9 0 -35.8865 45.28 1.0029 52.6391 31.9015 11.8787 31.9015 43.0023 13.4093 11.8787 13.4093 6.31478 
5 1 0 26.8569 7.45496 -0.961081 0.882472 0.00705707 2.38337 0.00705707 2.55065 23.6359 2.38337 23.6359 252.032 
-5 -1 0 -27.569 -7.5764 -0.717371 0.500705 -0.0545621 -0.610561 -0.0545621 0.503676 1.62648 -0.610561 1.62648 51.781 
-1 1 0 -7.44132 7.47085 -0.849143 0.620477 0.160246 4.178 0.160246 0.701921 5.44159 4.178 5.44159 129.406 
1 -1 0 7.26837 -7.39211 0.0476094 2.09881 -0.652832 -20.6861 -0.652832 0.774899 9.30792 -20.6861 9.30792 269.001 
-7 1 0 -37.9847 7.07393 -0.657394 0.629167 -0.051548 0.570746 -0.051548 0.625558 0.372007 0.570746 0.372007 3.63849 
-8 1 0 -41.9509 7.796 -0.688224 0.690931 0.164893 -0.401509 0.164893 0.563487 -0.0146472 -0.401509 -0.0146472 3.60524 
2 5 0 11.9639 27.0759 -2.17564 0.362713 0.115929 1.51303 0.115929 1.66836 20.5492 1.51303 20.5492 314.07 
-5 1 0 -27.2437 7.13683 -0.276637 0.576877 0.126647 -0.329166 0.126647 0.508894 0.282655 -0.329166 0.282655 3.47165 
1 1 0 7.23602 7.67833 -0.87 0.533839 0.204551 2.07554 0.204551 0.825364 5.46305 2.07554 5.46305 96.3868 
-1 -1 0 -7.42795 -7.45789 -0.374154 0.489745 -0.0106598 -1.45606 -0.0106598 0.680702 9.67317 -1.45606 9.67317 460.764 
-7 0 0 -37.2985 1.1166 -0.460893 0.701875 0.122269 -0.111305 0.122269 0.175362 -0.0422634 -0.111305 -0.0422634 3.39425 
-5 0 0 -27.4269 0.512392 -0.650836 0.53992 0.00958738 -0.637923 0.00958738 0.129631 -0.577109 -0.637923 -0.577109 15.6381 
-8 0 0 -41.4956 2.72985 -0.81059 1.08071 0.114374 -0.469216 0.114374 0.175738 0.000987307 -0.469216 0.000987307 9.45357 
-6 0 0 -32.8841 -0.386758 -0.650879 0.563548 0.00658563 0.878502 0.00658563 0.146333 0.311134 0.878502 0.311134 9.15676 
-2 0 0 -12.5238 -0.00790237 -0.528049 0.505007 0.0502754 1.66208 0.0502754 0.217155 3.36453 1.66208 3.36453 129.217 
-9 -5 0 -47.2886 -27.1323 2.9241 0.656574 0.137027 -0.00449452 0.137027 1.11464 -0.157262 -0.00449452 -0.157262 0.286836 
9 5 0 49.0954 27.718 0.050749 12.9067 -5.35851 -59.5501 -5.35851 2.64592 24.714 -59.5501 24.714 337.884 
-9 -1 0 -46.5544 -7.97554 -1.12318 0.713884 0.247488 -5.88724 0.247488 1.22146 -15.9523 -5.88724 -15.9523 611.186 
-8 -2 0 -42.1022 -12.7414 -1.00962 1.0893 0.172695 -16.7343 0.172695 0.562961 -4.95393 -16.7343 -4.95393 510.685 
2 8 0 12.4441 43.3007 -2.98594 0.990882 -0.141004 -1.37658 -0.141004 0.596702 1.06558 -1.37658 1.06558 7.48305 
-6 -4 0 -31.8003 -23.1907 1.92169 0.943856 0.197324 -0.139092 0.197324 0.770766 0.115227 -0.139092 0.115227 0.245944 
-7 -4 0 -37.5714 -23.6126 1.50408 0.616987 -0.247566 -0.0120994 -0.247566 1.20141 0.436214 -0.0120994 0.436214 0.424647 
2 1 0 12.3791 7.28762 -0.893782 0.661396 -0.089458 -6.56657 -0.089458 0.799582 11.5598 -6.56657 11.5598 426.637 
-4 1 0 -22.6019 7.75744 -0.215154 0.515837 -0.169995 0.0272733 -0.169995 0.635863 -0.151993 0.0272733 -0.151993 4.3858 
-6 -7 1 -32.2902 -36.9117 7.62398 1.05792 -1.01278 -0.0769942 -1.01278 1.56813 -0.124022 -0.0769942 -0.124022 0.866933 
-5 -6 0 -28.1898 -32.8425 0.194414 0.672711 0.0294685 0.354615 0.0294685 0.562376 0.0758019 0.354615 0.0758019 0.517194 
-2 -8 0 -11.758 -42.5068 0.292451 0.65931 -0.111168 -0.385524 -0.111168 0.584048 0.0358819 -0.385524 0.0358819 0.643263 
-4 8 0 -23.4872 41.1503 -1.36253 1.3333 0.418082 -1.49087 0.418082 1.14828 -0.107377 -1.49087 -0.107377 6.73627 
-6 8 0 -31.1826 42.1832 -1.21164 1.78703 -0.727957 0.757575 -0.727957 0.731662 -0.299512 0.757575 -0.299512 5.65329 
-8 2 0 -42.5797 12.0177 -0.920166 0.618253 -0.0117676 0.0775512 -0.0117676 0.718153 0.860893 0.0775512 0.860893 4.13205 
-5 8 0 -27.4272 41.8145 -1.51445 0.651151 0.181815 7.41625 0.181815 0.698166 9.01398 7.41625 9.01398 489.835 
3 -2 0 16.8324 -12.2773 2.48603 0.772588 -0.22071 -0.0304882 -0.22071 0.545203 0.133756 -0.0304882 0.133756 0.570571 
-5 2 0 -27.6617 12.0407 -0.428603 0.528356 -0.045407 0.0836071 -0.045407 0.688247 0.917244 0.0836071 0.917244 5.4552 
-6 -8 0 -32.4231 -42.6439 -1.79687 0.526455 0.481615 -4.69961 0.481615 5.34231 -44.474 -4.69961 -44.474 403.065 
-9 7 0 -45.9597 35.5772 -1.44561 5.10092 -6.84282 -23.2775 -6.84282 15.8624 29.6843 -23.2775 29.6843 1737.58 
3 -7 0 16.9895 -35.3399 3.18802 13.1067 -22.2479 -14.6741 -22.2479 43.8541 25.8443 -14.6741 25.8443 17.2072 
-3 7 0 -18.5482 36.638 -1.38175 1.0125 0.203712 0.863916 0.203712 1.15338 0.319555 0.863916 0.319555 7.68764 
-5 7 0 -27.7602 37.703 -1.44998 0.541932 -0.0330956 1.13604 -0.0330956 0.500906 -0.34748 1.13604 -0.34748 14.2475 
-1 -9 1 -6.93489 -48.0954 5.32614 2.33356 -0.454659 1.51888 -0.454659 0.647805 0.955057 1.51888 0.955057 18.2853 
-2 -7 0 -11.3856 -37.5117 1.2096 0.845697 -0.0195328 -0.411465 -0.0195328 0.551497 0.0106437 -0.411465 0.0106437 0.503868 
-1 -2 0 -7.53046 -12.5037 -0.272662 0.519226 -0.0661349 -1.46586 -0.0661349 0.551426 2.12931 -1.46586 2.12931 85.2012 
2 -6 0 11.9415 -32.8677 2.85604 0.73239 -0.187684 0.0343431 -0.187684 0.379142 -0.0991009 0.0343431 -0.0991009 0.780093 
-2 6 0 -13.8638 31.69 -1.37235 2.78552 1.87753 23.9262 1.87753 2.62369 32.1997 23.9262 32.1997 563.379 
4 0 0 21.6374 1.80942 -0.627141 0.70131 0.14031 -2.05565 0.14031 0.557711 6.71558 -2.05565 6.71558 327.334 
8 0 0 41.4985 -2.41901 1.35975 0.836873 -0.05817 -0.311046 -0.05817 0.142974 0.179043 -0.311046 0.179043 0.847736 
-9 6 0 -46.9718 32.096 -1.34447 0.632585 -0.0929899 0.548931 -0.0929899 0.539312 0.0766733 0.548931 0.0766733 8.54298 
9 0 1 47.6254 1.5617 7.5205 2.76796 1.67767 0.262333 1.67767 2.2623 0.33474 0.262333 0.33474 1.63713 
-9 4 0 -47.7987 22.1654 -1.45815 0.609331 -0.034209 0.844419 -0.034209 0.585754 0.745894 0.844419 0.745894 9.14777 
1 -4 0 7.31795 -22.4868 2.45931 0.707938 -0.197606 -0.104831 -0.197606 0.701008 0.0617903 -0.104831 0.0617903 0.46099 
-6 6 0 -32.7584 32.8402 -1.2139 0.554222 0.0224486 0.792631 0.0224486 0.498369 -0.610188 0.792631 -0.610188 7.47033 
1 -5 0 6.66178 -26.6475 2.60694 0.709841 0.379524 -0.0233139 0.379524 0.92934 0.0852 -0.0233139 0.0852 0.644468 
-1 5 0 -7.34261 26.4687 -1.39017 2.79595 1.77448 30.0728 1.77448 2.33439 24.1105 30.0728 24.1105 381.629 
-8 5 0 -42.5811 27.555 -1.48958 1.15492 0.0931068 -17.6538 0.0931068 0.510829 -2.82829 -17.6538 -2.82829 491.204 
0 5 0 -0.353815 26.1415 -1.07149 0.0981593 -0.0403223 -0.0370383 -0.0403223 0.739311 0.208925 -0.0370383 0.208925 0.399275 
4 -2 0 21.5668 -12.7979 2.92126 0.638402 -0.129413 0.00514041 -0.129413 0.624383 0.100409 0.00514041 0.100409 0.580391 
-6 -5 0 -32.2244 -27.2937 2.45825 0.855822 -0.218533 0.140567 -0.218533 0.732651 -0.0565738 0.140567 -0.0565738 0.310178 
-5 5 0 -27.6231 27.339 -1.04839 0.452872 0.013894 0.263144 0.013894 0.619793 0.685591 0.263144 0.685591 5.36659 
9 6 0 48.4003 32.2569 -0.370321 16.1115 -6.95255 -80.5947 -6.95255 3.96609 35.2705 -80.5947 35.2705 415.245 
-1 -4 0 -7.18443 -22.6088 0.155322 0.558986 0.0273687 -0.350431 0.0273687 0.531721 0.266873 -0.350431 0.266873 1.45014 
2 3 0 12.0767 17.88 -1.42656 0.640994 -0.446111 -6.59223 -0.446111 1.62911 18.1927 -6.59223 18.1927 284.278 
3 3 0 17.5233 17.8766 -1.51046 0.783185 0.351981 12.2311 0.351981 0.933861 13.0408 12.2311 13.0408 448.114 
-3 -3 0 -17.3983 -17.4029 -0.463233 0.511291 0.0470583 0.17387 0.0470583 0.520906 -0.58014 0.17387 -0.58014 22.7623 
-8 -3 0 -42.2975 -16.6954 -1.15016 2.26546 2.19823 -30.8239 2.19823 3.65123 -41.5172 -30.8239 -41.5172 572.352 
5 6 0 29.0449 31.8534 -1.7386 28.7589 29.023 -31.8469 29.023 34.3408 -39.7213 -31.8469 -39.7213 377.674 
3 -2 2 19.1489 -11.9437 11.0935 14.5216 2.1886 -4.92108 2.1886 2.21906 -0.385117 -4.92108 -0.385117 7.39054 
0 3 0 -0.294521 17.3007 -1.40723 0.745031 0.421275 8.63206 0.421275 0.761111 5.69693 8.63206 5.69693 119.442 
-5 -4 0 -28.0179 -22.9686 0.695692 0.618115 -0.0246256 0.274896 -0.0246256 0.637715 0.212489 0.274896 0.212489 0.442248 
-9 3 0 -47.1619 17.3526 -1.24446 0.636847 0.0691693 -0.273332 0.0691693 0.486317 0.118988 -0.273332 0.118988 4.71154 
-7 -7 1 -37.4809 -37.5591 7.49165 0.521214 0.174987 0.0181767 0.174987 0.714429 0.20905 0.0181767 0.20905 0.486171 
-8 -5 0 -42.0869 -27.5841 2.07735 0.511562 -0.0639571 -0.00595864 -0.0639571 0.686328 -0.0547617 -0.00595864 -0.0547617 0.259072 
3 5 0 17.3442 29.3009 -2.30717 0.640651 1.19422 4.02249 1.19422 8.02154 0.531642 4.02249 0.531642 307.47 
-3 -5 0 -17.838 -27.2708 -0.29262 0.560343 0.0136214 0.965677 0.0136214 0.503564 -0.64394 0.965677 -0.64394 11.2438 
4 -3 1 20.8657 -15.7975 6.7345 1.46597 -0.175321 0.083184 -0.175321 1.5829 -0.83342 0.083184 -0.83342 1.5966 
-9 2 0 -47.4358 12.6128 -1.18276 0.4821 -0.0161098 0.234484 -0.0161098 0.474246 -0.0447558 0.234484 -0.0447558 2.91848 
-8 -7 2 -41.2119 -37.9579 11.9947 1.49476 0.697076 1.06876 0.697076 0.903799 0.379869 1.06876 0.379869 1.73918 
-3 -7 0 -17.5157 -37.5834 -0.965395 0.998125 1.19149 -15.5156 1.19149 3.18897 -35.4919 -15.5156 -35.4919 471.353 
3 7 0 16.3985 36.5351 -2.33676 58.3869 26.4986 -11.1099 26.4986 14.8467 -3.36788 -11.1099 -3.36788 21.2389 
-6 -6 0 -32.1516 -32.6283 2.49151 0.584605 0.0443445 -0.00160885 0.0443445 0.714324 -0.024948 -0.00160885 -0.024948 0.280381 
6 6 0 30.3674 34.3081 -2.26779 289.965 133.556 -202.755 133.556 94.2254 -101.532 -202.755 -101.532 173.235 
-7 -1 0 -37.1356 -7.15728 -0.628787 0.60872 -0.0174715 0.0431549 -0.0174715 0.49997 -0.52159 0.0431549 -0.52159 8.49106 
7 1 0 37.2806 7.79998 -0.437468 0.622319 0.273076 -0.447741 0.273076 0.617993 -0.346911 -0.447741 -0.346911 4.32315 
-9 5 0 -47.0569 27.5351 -1.39949 0.538955 -0.116789 -0.605746 -0.116789 0.675473 -0.758643 -0.605746 -0.758643 7.7602 
0 9 0 0.0873747 46.9398 -2.97451 0.239222 0.170961 -0.0593268 0.170961 0.659411 0.0722853 -0.0593268 0.0722853 1.43865 
6 7 0 32.6095 37.9203 -2.1817 17.8903 -8.7069 3.86483 -8.7069 4.86157 -0.469127 3.86483 -0.469127 17.7367 
-4 -9 0 -22.6619 -47.413 -1.89126 0.686833 0.074179 -2.20384 0.074179 0.488371 -0.3236 -2.20384 -0.3236 32.8194 
0 4 0 -1.40996 22.7212 -1.63663 0.888761 0.618808 9.68689 0.618808 0.911636 7.82562 9.68689 7.82562 122.842 
-4 -7 0 -22.5027 -37.407 -1.10801 0.945626 1.29737 -14.6343 1.29737 4.12697 -41.4521 -14.6343 -41.4521 472.333 
-1 4 0 -7.63343 22.2785 -1.17726 2.26156 1.11843 27.6552 1.11843 1.2064 17.4417 27.6552 17.4417 420.053 
-4 6 0 -22.7143 32.9419 -1.35211 0.56199 0.050897 0.867714 0.050897 0.518592 -0.805577 0.867714 -0.805577 17.182 
-9 -6 0 -49.3965 -34.0769 -0.235902 5.60127 1.48361 0.697676 1.48361 3.59495 0.28787 0.697676 0.28787 0.474572 
2 7 0 11.3888 36.4215 -2.35277 1.44271 -0.0933663 -3.58092 -0.0933663 0.696813 1.89792 -3.58092 1.89792 30.86 
-7 6 0 -37.9238 32.5049 -1.06888 0.585464 -0.0137792 0.777133 -0.0137792 0.559603 -0.0020222 0.777133 -0.0020222 5.68037 
-5 -7 0 -27.6917 -37.1801 -0.680957 0.555021 -0.0277207 0.269906 -0.0277207 0.581229 -0.371419 0.269906 -0.371419 0.88658 
2 0 1 13.1966 -1.04678 7.02423 0.727473 0.00474168 -0.000179371 0.00474168 0.249992 -0.00952377 -0.000179371 -0.00952377 0.644923 
-3 6 0 -17.6412 32.5284 -1.37088 0.610432 -0.0101812 -0.860955 -0.0101812 0.542668 0.254433 -0.860955 0.254433 11.9304 
6 3 0 33.7697 17.0574 -1.14058 5.92156 -3.60149 -50.713 -3.60149 2.96596 35.0428 -50.713 35.0428 505.867 
-7 -7 0 -37.9012 -37.2543 2.20364 0.716901 0.0403789 0.136813 0.0403789 0.793747 -0.0858724 0.136813 -0.0858724 0.195043 
-8 -8 0 -42.3433 -43.1416 -2.32288 2.89303 0.87159 -29.4842 0.87159 1.15429 -13.6382 -29.4842 -13.6382 369.986 
-9 -8 0 -48.54 -42.2538 0.526371 1.52699 -0.374916 0.25875 -0.374916 0.645017 -0.120587 0.25875 -0.120587 0.250995 
0 2 0 -0.384982 12.6412 -1.10228 0.127544 0.0153523 0.252606 0.0153523 0.513955 -0.00940132 0.252606 -0.00940132 5.18382 
1 7 0 7.07924 37.4537 -2.86475 0.836535 0.0777467 -8.10129 0.0777467 5.05334 32.2711 -8.10129 32.2711 394.575 
-1 -7 0 -7.80149 -37.5006 1.99764 0.552752 -0.00587148 -0.0396257 -0.00587148 0.491717 0.002326 -0.0396257 0.002326 0.470309 
3 -5 2 18.1487 -26.3018 11.3716 5.05797 -2.04167 0.829189 -2.04167 2.20034 -0.571923 0.829189 -0.571923 2.30026 
0 1 0 0.125096 7.5642 -0.902143 0.120961 -0.0140986 -0.165682 -0.0140986 0.825617 4.03333 -0.165682 4.03333 48.0883 
3 0 1 16.4814 -0.513622 7.10562 0.733049 0.191853 0.153717 0.191853 0.350705 0.0489046 0.153717 0.0489046 0.591454 
1 -7 0 6.68323 -37.3758 2.39196 0.974234 -0.419288 -0.0133694 -0.419288 0.687211 -0.0200337 -0.0133694 -0.0200337 1.03085 
-8 3 0 -42.752 17.5129 -1.39942 0.515303 -0.115602 -2.99188 -0.115602 0.590536 3.6306 -2.99188 3.6306 108.949 
4 -2 2 20.4963 -13.1161 11.2662 25.7484 -2.79553 -0.615674 -2.79553 1.13612 0.647306 -0.615674 0.647306 1.85164 
-8 -5 1 -42.2412 -27.0925 6.98457 0.612679 0.0599122 0.0655418 0.0599122 0.506926 -0.0326897 0.0655418 -0.0326897 0.551099 
1 5 0 7.00552 27.3084 -2.30963 0.637229 -0.22202 -0.68351 -0.22202 0.489757 2.56531 -0.68351 2.56531 73.3479 
-1 -5 0 -7.04592 -28.1689 2.43209 0.620969 -0.112056 -0.0646785 -0.112056 0.670834 0.0856137 -0.0646785 0.0856137 0.399911 
-2 -9 0 -12.4856 -47.6935 -0.795938 1.49492 -0.360534 -6.5218 -0.360534 0.604628 2.58415 -6.5218 2.58415 41.9359 
-5 6 0 -27.4073 32.6742 -1.42502 0.509325 0.0742709 3.0296 0.0742709 0.987333 15.205 3.0296 15.205 431.617 
-9 -9 0 -48.8529 -46.518 -1.46569 0.795668 0.191585 0.156415 0.191585 0.781127 -0.223946 0.156415 -0.223946 0.406887 
-4 7 0 -22.4785 36.6833 -1.36845 0.467057 0.0517062 -0.128925 0.0517062 0.626877 1.15338 -0.128925 1.15338 8.29172 
5 5 0 26.6988 27.4319 -1.52324 1.7163 -1.21351 -2.1358 -1.21351 3.65839 -0.947387 -2.1358 -0.947387 11.8078 
-5 -5 0 -28.0681 -26.9786 0.0170443 0.513552 0.0454875 0.185465 0.0454875 0.609323 -0.293365 0.185465 -0.293365 0.618001 
1 8 0 6.87517 43.0778 -3.24662 0.460068 -0.177972 -1.63834 -0.177972 2.01029 23.9033 -1.63834 23.9033 356.947 
-6 1 0 -32.3236 7.63702 -0.81626 0.670691 0.0459588 -2.8931 0.0459588 0.501946 -1.3474 -2.8931 -1.3474 37.9736 
-6 -7 2 -32.1027 -37.0414 11.7865 0.556456 -0.0320822 -0.211572 -0.0320822 0.59478 0.132077 -0.211572 0.132077 1.75586 
8 -3 0 40.8792 -16.9685 2.16233 834.958 -16.2455 -99.252 -16.2455 1.90722 2.60975 -99.252 2.60975 13.2729 
3 4 0 15.9136 20.3679 -1.64189 5.31328 4.14389 79.7293 4.14389 10.9486 86.1795 79.7293 86.1795 1891.38 
-4 -1 0 -22.4157 -7.55005 -0.547947 0.55149 0.0102613 -0.507458 0.0102613 0.505682 0.486182 -0.507458 0.486182 12.9956 
2 -1 0 12.6441 -6.40366 1.68302 0.787848 -0.460161 -0.16318 -0.460161 1.64032 -0.331057 -0.16318 -0.331057 0.447526 
-6 -3 2 -33.0885 -18.2888 12.0608 1.26593 -0.388163 -0.448503 -0.388163 1.23852 0.337942 -0.448503 0.337942 1.23392 
0 8 0 1.2831 42.4763 -3.02233 0.387265 0.286355 2.15187 0.286355 0.795877 2.9905 2.15187 2.9905 23.3003 
7 9 0 38.395 46.8348 -2.85382 117.028 -62.8759 40.6559 -62.8759 34.9979 -16.5626 40.6559 -16.5626 57.792 
-7 -9 0 -37.5053 -47.7161 -2.38231 0.63164 0.793003 -8.6872 0.793003 4.37711 -42.4916 -8.6872 -42.4916 464.061 
2 4 0 11.7089 21.8529 -1.73621 1.12468 -0.0799219 -1.02704 -0.0799219 0.594253 1.7634 -1.02704 1.7634 17.9185 
6 5 0 33.1016 27.2387 1.02185 2607.06 -630.541 1488.82 -630.541 175.887 -373.115 1488.82 -373.115 910.421 
0 7 0 3.83892 36.9304 -2.94037 2.36272 -0.301534 -3.80193 -0.301534 1.55097 21.2073 -3.80193 21.2073 389.589 
3 -4 0 16.5133 -21.8013 3.62155 17.6136 -21.103 5.27683 -21.103 26.0218 -6.15469 5.27683 -6.15469 2.23881 
-8 -7 0 -41.3865 -37.048 3.39536 1.77794 0.595174 0.128816 0.595174 0.965964 0.190449 0.128816 0.190449 0.778436 
-8 -4 0 -42.185 -22.5837 3.47279 2.31594 -0.088387 -0.764271 -0.088387 0.801041 0.0543423 -0.764271 0.0543423 0.490431 
1 9 0 6.47144 47.8933 -3.14071 1.45908 0.548683 -1.19662 0.548683 0.981257 -2.13845 -1.19662 -2.13845 12.181 
-1 -9 0 -7.28194 -47.4301 1.96964 0.672773 -0.00688676 -0.186326 -0.00688676 0.483204 -0.0114532 -0.186326 -0.0114532 0.474379 
2 6 0 12.4514 32.4816 -2.3709 1.02023 0.441507 -6.69054 0.441507 0.85041 -5.07563 -6.69054 -5.07563 80.5634 
-2 -6 0 -11.8163 -32.2467 0.768897 0.520655 0.124238 -0.230564 0.124238 0.473662 -0.0633549 -0.230564 -0.0633549 0.445379 
-6 -9 0 -32.4975 -47.5468 -2.40658 0.867062 -1.5164 13.3476 -1.5164 6.37151 -52.3027 13.3476 -52.3027 468.201 
-4 -3 0 -22.4561 -17.4764 -0.626672 0.670365 0.0153276 -5.70031 0.0153276 0.473336 -0.874026 -5.70031 -0.874026 159.408 
2 0 0 12.8593 -0.691924 1.46711 0.476452 0.058919 -0.0122796 0.058919 0.198245 0.0539618 -0.0122796 0.0539618 0.303307 
7 5 0 39.1839 27.3204 -1.43615 106.105 -27.8849 -172.534 -27.8849 9.35821 62.2797 -172.534 62.2797 476.415 
-7 -5 0 -38.1567 -27.4863 2.18117 0.846052 0.0269827 -0.179886 0.0269827 0.486496 0.0196669 -0.179886 0.0196669 0.341748 
-9 -4 1 -46.0873 -22.5149 7.49631 12.8302 4.82102 14.437 4.82102 18.6936 -9.59253 14.437 -9.59253 30.2115 
1 6 0 7.578 32.3731 -2.59897 0.771425 -0.513079 -10.9189 -0.513079 1.6865 21.707 -10.9189 21.707 396.786 
-7 8 0 -36.6571 43.7894 0.642283 3.29565 -1.05161 -0.16934 -1.05161 1.71839 -0.811942 -0.16934 -0.811942 1.32561 
6 4 0 34.1354 21.2518 -1.44379 14.8693 -10.5126 -123.95 -10.5126 10.2696 103.961 -123.95 103.961 1202.96 
1 3 0 7.39749 17.2813 -1.56128 0.428314 0.0895861 0.0128119 0.0895861 0.587944 1.53611 0.0128119 1.53611 25.9784 
-1 -3 0 -7.49333 -17.5278 -0.245064 0.534219 0.0117514 -2.07259 0.0117514 0.474406 0.493379 -2.07259 0.493379 75.2762 
-8 -9 0 -42.2983 -47.6367 -2.52622 1.88132 1.3509 -26.0706 1.3509 1.83466 -25.4907 -26.0706 -25.4907 490.712 
-1 2 0 -7.55219 12.5633 -1.02618 0.454654 -0.035131 0.2564 -0.035131 0.46938 -0.26321 0.2564 -0.26321 46.3734 
7 8 0 36.5592 43.1861 -2.44217 1246.08 1111.83 -711.402 1111.83 1009.61 -634.127 -711.402 -634.127 413.915 
3 6 0 16.6121 32.3237 -1.9991 1.1788 0.57955 -2.74279 0.57955 1.20335 -2.78098 -2.74279 -2.78098 32.4154 
-7 -8 1 -38.6118 -40.3947 8.60786 0.812811 -1.3911 0.45755 -1.3911 20.497 0.625254 0.45755 0.625254 2.17781 
-8 -1 0 -41.5363 -7.42343 -0.874361 2.60796 0.841154 -31.2749 0.841154 2.09523 -18.8976 -31.2749 -18.8976 497.188 
-5 -8 0 -27.5231 -42.4536 -1.73525 0.610333 0.828983 -6.86552 0.828983 6.48279 -49.5258 -6.86552 -49.5258 404.482 
3 2 0 16.7755 11.4353 -1.04543 0.633777 -0.167132 0.934422 -0.167132 4.07946 35.0124 0.934422 35.0124 352.888 
-5 -2 0 -27.5392 -12.4681 -0.186289 0.590212 0.111784 0.0143498 0.111784 0.585573 -0.0319473 0.0143498 -0.0319473 3.39516 
-7 7 0 -36.9356 36.9084 -1.10559 0.619419 -0.123231 -0.639859 -0.123231 0.605368 0.267363 -0.639859 0.267363 4.25823 
-7 2 0 -37.4158 12.4385 -1.1001 1.22956 -0.255548 -18.4604 -0.255548 0.577635 6.72424 -18.4604 6.72424 446.261 
-4 5 0 -22.6557 27.2921 -1.18822 0.529671 0.0239649 0.851619 0.0239649 0.5842 1.31396 0.851619 1.31396 12.0419 
-2 -5 0 -12.5595 -27.7042 -0.258939 0.552445 0.025239 -0.359884 0.025239 0.545644 0.263567 -0.359884 0.263567 2.37986 
-9 -7 0 -48.7328 -38.3579 0.435487 1.67735 0.338633 0.202735 0.338633 0.6332 0.256785 0.202735 0.256785 0.335303 
-7 -8 2 -37.8594 -40.7821 11.8639 2.19751 -0.319665 0.164711 -0.319665 6.97376 0.0561895 0.164711 0.0561895 1.18394 
-8 6 0 -42.4539 32.5249 -1.33045 0.480463 0.0260079 -0.525438 0.0260079 0.590801 -0.669333 -0.525438 -0.669333 8.94258 
-8 4 0 -42.5461 22.3555 -1.47644 1.54372 -0.230098 -22.5174 -0.230098 0.547593 4.77469 -22.5174 4.77469 476.356 
8 5 0 43.2777 27.4247 -0.849254 6.60502 -4.51138 -34.5059 -4.51138 3.95882 26.3994 -34.5059 26.3994 209.657 
4 4 0 23.0195 22.6191 -1.55903 1.47405 -1.06145 -3.10924 -1.06145 1.68511 6.2381 -3.10924 6.2381 41.7859 
-4 -4 0 -22.5591 -22.5603 -0.617717 0.487589 -0.0472547 -2.55027 -0.0472547 0.505721 4.43927 -2.55027 4.43927 444.565 
8 1 0 40.9168 7.81654 -0.263536 6.20605 1.95085 3.38372 1.95085 1.6276 -8.27457 3.38372 -8.27457 141.069 
-7 -6 0 -37.272 -32.2083 2.27903 0.545407 -0.0220106 -0.0494226 -0.0220106 1.00125 -0.616733 -0.0494226 -0.616733 1.03856 
0 6 0 4.24419 33.2833 -2.75017 2.78712 -0.326666 -4.59353 -0.326666 1.15622 16.3069 -4.59353 16.3069 320.034 
-6 7 0 -32.0826 37.3063 -1.11973 0.562507 -0.124171 -0.00591975 -0.124171 0.608263 0.100744 -0.00591975 0.100744 4.19045 
0 -6 2 0.126799 -33.8008 10.409 1.06677 0.431744 -4.8094 0.431744 8.25015 2.7671 -4.8094 2.7671 27.853 
-9 -8 1 -49.3169 -41.0372 6.33772 6.90596 -1.38267 1.30205 -1.38267 2.33269 -0.782559 1.30205 -0.782559 1.6296 
-4 -8 0 -22.4989 -42.3752 -1.58541 0.923843 1.48276 -14.4423 1.48276 5.27711 -46.8936 -14.4423 -46.8936 461.533 
3 9 0 17.5096 48.7673 -2.9528 77.0885 3.07175 -123.4 3.07175 4.09676 -5.84312 -123.4 -5.84312 310.221 
-3 -9 0 -17.4445 -47.5875 -1.45439 5.86758 -0.275489 -49.754 -0.275489 0.509397 2.16803 -49.754 2.16803 464.484 
-3 -8 0 -17.6466 -42.5465 -1.37516 2.2884 1.73856 -28.9254 1.73856 2.20315 -27.9703 -28.9254 -27.9703 461.172 
3 0 0 16.4056 -0.0601711 1.42727 0.775435 -0.0815875 0.0675149 -0.0815875 0.245608 0.0861885 0.0675149 0.0861885 0.266495 
1 0 0 7.33132 0.0546986 -0.185866 0.500648 -0.0222702 -0.326907 -0.0222702 0.147826 0.232729 -0.326907 0.232729 2.32659 
-7 -3 0 -37.5404 -17.3956 -0.927683 2.07537 1.06494 -22.6522 1.06494 1.08676 -15.4993 -22.6522 -15.4993 394.882 
7 3 0 38.0519 17.5192 -0.537553 4.15731 -2.25965 -26.8897 -2.25965 1.91268 16.5434 -26.8897 16.5434 195.229 
2 2 0 12.2897 12.0931 -1.07782 0.450228 0.0120067 -0.847398 0.0120067 1.54391 20.7464 -0.847398 20.7464 413.063 
-2 -2 0 -12.3338 -12.1639 -0.0411468 0.557126 -0.0218006 -0.187039 -0.0218006 0.507205 -0.338675 -0.187039 -0.338675 1.26626 
-4 0 0 -22.4062 0.111071 -0.581548 0.65316 0.0278124 -4.824 0.0278124 0.129838 -0.982116 -4.824 -0.982116 121.303 
-9 -3 0 -47.8163 -17.6264 -1.58774 2.01964 2.71541 -24.2315 2.71541 4.82033 -39.5808 -24.2315 -39.5808 354.977 
-9 1 0 -47.2916 8.38817 -1.16947 0.724474 -0.236442 -1.69849 -0.236442 0.912429 1.07871 -1.69849 1.07871 9.06316 
1 2 0 7.56301 12.3216 -1.22224 1.22122 -1.56776 -17.5062 -1.56776 3.58041 36.0349 -17.5062 36.0349 421.985 
-3 -2 0 -17.1854 -12.5181 -0.518203 0.738804 0.00341192 -10.3057 0.00341192 0.505202 -0.0750923 -10.3057 -0.0750923 504.828 
5 2 0 28.3028 10.9509 -1.17472 1.18401 -0.976119 -14.0579 -0.976119 1.52282 18.647 -14.0579 18.647 337.425 
6 2 0 32.9254 12.4184 -0.893488 3.60089 -1.93534 -30.9615 -1.93534 1.50294 17.401 -30.9615 17.401 301.225 
-6 -2 0 -32.0178 -12.0014 -0.54544 0.501297 0.0977011 -0.305754 0.0977011 0.580214 -0.117247 -0.305754 -0.117247 7.88757 
3 -5 0 16.8647 -28.5084 2.05497 8.95955 -4.94104 -4.3404 -4.94104 3.08731 2.46693 -4.3404 2.46693 8.5422 
-3 5 0 -17.5047 27.5006 -1.32656 0.48091 0.0274135 0.909005 0.0274135 0.94703 14.9527 0.909005 14.9527 474.606 
-6 2 0 -32.4759 12.9879 -0.632212 0.583703 0.116222 -0.631572 0.116222 0.533397 -0.798319 -0.631572 -0.798319 6.76108 
2 -1 1 13.3718 -5.24186 5.45256 3.0895 4.06238 3.65307 4.06238 33.9049 -4.13474 3.65307 -4.13474 33.1357 
-6 5 0 -32.7263 27.3404 -1.02872 0.485922 -0.00743721 0.464149 -0.00743721 0.570349 0.612318 0.464149 0.612318 5.93211 
4 2 0 22.2749 14.0068 -1.34301 0.975509 1.15988 15.1773 1.15988 4.05268 30.4563 15.1773 30.4563 446.315 
-7 3 0 -37.0874 17.9048 -0.964654 0.737018 0.0604888 -1.80869 0.0604888 0.570089 -1.00736 -1.80869 -1.00736 12.9962 
-6 3 0 -32.5759 17.5718 -0.601023 0.505443 0.113877 -0.249054 0.113877 0.426391 -0.0488763 -0.249054 -0.0488763 4.43177 
-3 -6 0 -17.5574 -32.2477 -0.619994 0.535647 0.26525 -3.63197 0.26525 2.39784 -29.1697 -3.63197 -29.1697 436.278 
-2 3 0 -12.5923 17.2683 -1.02181 0.527371 0.0117997 0.87328 0.0117997 0.509252 1.28449 0.87328 1.28449 38.2609 
-8 -6 0 -41.7211 -32.6141 2.45094 1.63217 -0.0778241 0.21262 -0.0778241 0.545104 0.148474 0.21262 0.148474 0.448623 
-1 3 0 -7.39049 17.5507 -0.979173 0.555029 0.11691 -0.174999 0.11691 0.49356 -0.314092 -0.174999 -0.314092 11.1797 
1 -3 0 8.11834 -18.3375 1.47827 0.580934 -0.0331137 -0.227376 -0.0331137 0.825338 0.312359 -0.227376 0.312359 0.611853 
-2 -4 0 -12.5503 -22.4859 -0.366744 0.532578 -0.0428588 -1.96344 -0.0428588 0.521168 1.69459 -1.96344 1.69459 58.5833 
3 -3 0 16.653 -16.9539 3.47381 0.534149 0.17897 -0.118951 0.17897 0.678873 -0.0389905 -0.118951 -0.0389905 0.884556 
-3 3 0 -17.4958 17.587 -0.934117 0.512045 -0.00266843 -0.214492 -0.00266843 0.516627 -0.42309 -0.214492 -0.42309 12.1001 
4 5 0 22.9136 27.7212 -2.1739 2.73737 6.9382 19.2649 6.9382 21.2438 62.9398 19.2649 62.9398 198.657 
0 -9 0 -2.34748 -47.6246 2.40017 0.232416 0.0856307 0.0435424 0.0856307 0.506738 0.0651832 0.0435424 0.0651832 0.55073 
-4 3 0 -22.4731 17.6094 -0.973251 0.54354 0.199801 5.27981 0.199801 1.11887 16.954 5.27981 16.954 480.275 
-6 9 0 -30.4225 48.7175 0.70503 23.4206 -7.02781 -1.9704 -7.02781 7.91394 0.336598 -1.9704 0.336598 1.90099 
-5 3 0 -28.0019 17.4991 -0.310075 0.534648 -0.0512931 0.328327 -0.0512931 0.547278 -0.0465731 0.328327 -0.0465731 0.801303 
-5 -9 0 -27.6958 -47.6989 -1.98878 0.499447 -0.0847267 0.00482231 -0.0847267 0.498972 0.190963 0.00482231 0.190963 1.67528 
-6 4 0 -32.9047 22.0722 -0.7895 0.538408 0.0465536 0.649917 0.0465536 0.521505 0.64534 0.649917 0.64534 7.35677 
-6 -4 2 -32.9857 -22.7506 11.689 0.694171 0.274467 0.0335708 0.274467 0.663565 -0.0688604 0.0335708 -0.0688604 0.737528 
-5 4 0 -27.5771 22.3052 -1.06938 0.556627 0.183174 5.55886 0.183174 1.02202 15.9295 5.55886 15.9295 446.214 
4 -3 0 21.7691 -16.6962 2.61107 1.04096 -0.876896 0.726621 -0.876896 1.37785 -0.729216 0.726621 -0.729216 1.05545 
-9 0 0 -46.4041 2.9111 -1.08012 3.64336 -1.223 -38.3926 -1.223 2.09259 22.0745 -38.3926 22.0745 518.029 
-4 4 0 -22.5841 22.6742 -1.03619 0.531386 0.00699213 0.442499 0.00699213 0.474057 -0.545053 0.442499 -0.545053 9.9918 
-7 -8 0 -37.37 -42.5422 -1.95771 1.745 1.55523 -23.9915 1.55523 2.38174 -29.7365 -23.9915 -29.7365 464.751 
-2 4 0 -12.4106 22.518 -1.12466 0.547955 0.00369571 -1.6341 0.00369571 0.504817 -0.156277 -1.6341 -0.156277 35.9689 
-7 5 0 -37.3142 27.35 -1.16836 0.548566 -0.0404087 -0.99428 -0.0404087 0.545069 0.711722 -0.99428 0.711722 9.09838 
-5 -6 1 -29.4184 -34.1918 7.76907 9.00896 -1.0804 1.92235 -1.0804 3.83044 -2.44504 1.92235 -2.44504 2.81704 
5 -1 1 26.287 -8.46135 8.57467 58.4274 -14.8869 20.9713 -14.8869 6.34112 -5.68478 20.9713 -5.68478 7.94016 
-2 5 0 -12.8131 27.2887 -1.13806 0.557764 0.101413 0.0921346 0.101413 0.551177 0.00898587 0.0921346 0.00898587 13.356 
-9 -5 1 -46.8042 -27.3038 6.44056 0.433645 0.120655 -0.0919104 0.120655 1.25611 -0.220348 -0.0919104 -0.220348 0.535601 
-8 -6 1 -42.3676 -32.5152 6.85734 0.865639 0.0158279 0.0869126 0.0158279 0.436998 0.0331981 0.0869126 0.0331981 0.551167 
-4 -5 0 -22.2046 -27.3989 -0.404898 0.510441 0.0396947 -0.512492 0.0396947 0.563143 -0.166414 -0.512492 -0.166414 10.2116 
-2 2 0 -12.3734 12.6385 -0.890314 0.483891 -0.0217135 0.281467 -0.0217135 0.448615 0.340425 0.281467 0.340425 22.7483 
2 -2 0 13.9513 -13.6735 2.43752 1.69619 -0.341806 -0.267487 -0.341806 1.4127 -0.0433532 -0.267487 -0.0433532 0.446209 
-1 -8 0 -7.80189 -42.475 1.9991 0.588824 0.0217529 -0.0433856 0.0217529 0.499422 0.0263868 -0.0433856 0.0263868 0.457787 
1 4 0 7.31271 22.7151 -1.99704 0.582223 -0.0420356 -1.62812 -0.0420356 0.739493 4.12217 -1.62812 4.12217 77.228 
-4 -6 0 -22.4909 -32.4982 -0.737042 0.992669 0.903945 -15.5597 0.903945 2.09556 -27.7766 -15.5597 -27.7766 478.172 
5 3 0 27.0423 16.6281 -1.36633 0.662688 1.10288 3.48006 1.10288 2.98927 5.62398 3.48006 5.62398 216.261 
-5 -3 0 -27.5904 -17.4527 -0.534482 0.631833 0.0242508 0.798176 0.0242508 0.438601 0.0943093 0.798176 0.0943093 8.42217 
1 -2 0 7.02334 -11.8645 0.323076 1.60117 -0.788337 -9.59677 -0.788337 1.32148 8.06451 -9.59677 8.06451 107.188 
-1 -6 0 -7.65274 -32.4709 2.3197 0.56838 -0.0442464 0.0239418 -0.0442464 0.473686 -0.0424915 0.0239418 -0.0424915 0.451752 
-1 -8 1 -6.72685 -43.1671 6.06359 2.42566 -0.0354827 -0.00772162 -0.0354827 1.32814 -0.134988 -0.00772162 -0.134988 1.4001 
-8 7 0 -42.6801 37.4022 0.621445 1.0493 -0.144982 0.304369 -0.144982 1.7649 -0.758927 0.304369 -0.758927 0.952132 
-3 -4 0 -17.235 -22.5314 -0.513934 0.56333 -0.0235724 -2.46385 -0.0235724 0.465595 0.0906921 -2.46385 0.0906921 91.9913 
-6 -3 0 -32.2467 -17.8635 -0.710175 0.933556 0.121593 -13.6947 0.121593 0.689472 -7.06022 -13.6947 -7.06022 463.994 
-7 -2 0 -37.0221 -12.4291 -0.75523 1.14772 0.172201 -14.0284 0.172201 0.679073 -7.715 -14.0284 -7.715 302.577 
-6 -3 1 -33.5026 -17.8334 9.62357 26.2753 -17.2565 -22.8728 -17.2565 12.2943 15.4124 -22.8728 15.4124 32.32 
7 4 0 38.9057 22.4196 -0.913848 6.60685 -4.93047 -44.4286 -4.93047 4.60755 37.3947 -44.4286 37.3947 330.685 
-4 -2 0 -22.3823 -12.6084 -0.55448 0.514718 0.0139883 -0.738731 0.0139883 0.491084 0.393841 -0.738731 0.393841 17.2781 
-6 -1 0 -32.234 -7.18995 -0.435889 0.610969 -0.0765231 -0.163323 -0.0765231 0.588901 -0.220771 -0.163323 -0.220771 4.67139 
-3 -1 0 -17.5192 -7.42631 -0.49903 0.916526 0.131805 -12.8306 0.131805 0.484726 -3.50538 -12.8306 -3.50538 447.178 
3 1 0 17.1536 7.39872 -0.808142 0.672637 -0.292592 -7.74661 -0.292592 1.3395 20.6176 -7.74661 20.6176 526.556 
-5 -4 1 -29.6107 -23.9506 5.60746 11.5128 1.81545 2.6391 1.81545 3.58608 1.18307 2.6391 1.18307 3.48258 
-3 0 0 -17.6144 0.0188808 -0.436917 0.46254 0.00156095 0.111145 0.00156095 0.123076 0.114583 0.111145 0.114583 14.6308 
-1 0 0 -7.48545 -0.226737 -0.579842 0.485535 0.031386 0.82398 0.031386 0.248041 3.91604 0.82398 3.91604 121.459 
0 0 0 0.00081855 0.0980341 -0.455193 0.11382 -0.0348191 -0.513172 -0.0348191 0.134204 0.638219 -0.513172 0.638219 17.1126 
7 0 0 38.9159 1.33842 0.0578669 1.2657 -0.217099 -0.826378 -0.217099 0.245283 0.393563 -0.826378 0.393563 3.8868 
4 3 0 21.5108 17.396 -1.34975 0.771869 0.232457 -1.10855 0.232457 0.72125 -3.56125 -1.10855 -3.56125 34.3946 
9 0 0 48.2809 2.02357 1.83254 164.935 185.235 40.275 185.235 214.484 46.8353 40.275 46.8353 10.6464 
-3 1 0 -17.7371 7.76278 -0.545144 0.563051 0.0422395 1.11618 0.0422395 0.474295 -0.514056 1.11618 -0.514056 11.9378 
3 -1 0 18.0238 -8.48619 2.00622 0.83876 -0.0508131 -0.0885973 -0.0508131 0.919663 0.205858 -0.0885973 0.205858 0.399408 
-2 1 0 -12.4868 7.54642 -0.712156 0.502349 -0.0131015 -0.280624 -0.0131015 0.483349 0.345269 -0.280624 0.345269 28.5195 
4 1 0 21.2255 6.76067 -0.7925 1.74628 1.5939 9.4302 1.5939 3.11409 27.0136 9.4302 27.0136 548.191 
6 1 0 32.9146 8.8442 -0.822902 4.69985 1.49596 -56.4358 1.49596 3.35049 -18.4968 -56.4358 -18.4968 830.707 
-2 -1 1 -11.3171 -9.91347 7.23415 98.8833 -160.358 0.456227 -160.358 385.132 -7.52883 0.456227 -7.52883 0.832242 
-7 4 0 -36.9987 22.1318 -0.853669 0.693801 -0.0779701 -1.00571 -0.0779701 0.700441 0.769441 -1.00571 0.769441 6.01361 
-4 2 0 -22.1982 12.1944 -0.611619 0.52152 0.0180982 -0.640781 0.0180982 0.637195 1.29691 -0.640781 1.29691 9.58792 
5 -2 0 26.1082 -12.4211 2.9444 9.73957 -3.00287 1.15865 -3.00287 3.1907 -0.0550899 1.15865 -0.0550899 0.900258 
-3 2 0 -17.8996 12.1188 -0.600471 0.606501 0.0129327 0.87513 0.0129327 0.634123 1.0487 0.87513 1.0487 7.0489 
0 -9 1 -1.719 -48.4696 5.87892 0.288558 0.1164 -0.170147 0.1164 0.792976 0.217089 -0.170147 0.217089 1.72449 
7 2 0 37.7584 12.4757 -0.190075 0.798572 0.0240275 -2.04986 0.0240275 0.525196 -0.910193 -2.04986 -0.910193 11.3806 
8 4 0 42.0156 22.1796 -0.451793 6.12964 -6.84338 -58.5717 -6.84338 9.52741 74.1518 -58.5717 74.1518 637.837 
0 -8 0 -2.42663 -42.5112 2.01098 0.194492 -0.0143385 -0.0122659 -0.0143385 0.471737 0.0668457 -0.0122659 0.0668457 0.581548 
0 -7 0 -1.74206 -37.5315 2.48248 0.143982 -0.0414512 -0.00351142 -0.0414512 0.42912 -0.0306111 -0.00351142 -0.0306111 0.456273 
0 -4 0 -0.0359664 -23.5286 1.97575 0.115373 -0.0349914 -0.0165707 -0.0349914 0.811931 0.304572 -0.0165707 0.304572 0.508848 
-2 -3 0 -12.4482 -17.4771 -0.374133 0.552439 -0.0135727 -2.31543 -0.0135727 0.468066 -0.185001 -2.31543 -0.185001 63.7818 
-9 -4 0 -47.2275 -21.9031 -2.01901 6.20269 3.81603 -48.334 3.81603 2.97657 -31.5953 -48.334 -31.5953 405.458 
0 -3 0 -0.928663 -17.5439 0.0628571 0.411903 -0.181377 -6.19528 -0.181377 0.593922 4.31226 -6.19528 4.31226 143.289 
-7 -3 1 -36.2538 -19.8059 8.79663 2.14172 5.84419 0.626111 5.84419 59.8435 -1.93841 0.626111 -1.93841 1.30859 
-9 -2 0 -47.4171 -12.5803 -1.10738 0.490589 0.0566223 -2.92626 0.0566223 0.45288 -0.171612 -2.92626 -0.171612 206.139 
0 -2 0 -0.258602 -12.4999 -0.093547 0.238022 -0.10543 -3.18603 -0.10543 0.594812 2.62784 -3.18603 2.62784 82.6111 
-2 -1 0 -12.5523 -7.49276 -0.0766775 0.515829 0.0948393 -0.0254781 0.0948393 0.464754 0.16884 -0.0254781 0.16884 1.22092 
4 -1 0 21.6797 -8.34843 1.80673 0.829327 0.404957 0.0480507 0.404957 1.16988 0.0370993 0.0480507 0.0370993 0.621382 
0 -1 0 -0.358739 -7.48688 -0.250071 0.210742 -0.10088 -3.27687 -0.10088 0.61667 3.81125 -3.27687 3.81125 123.511 
0 -5 0 -1.9017 -27.0966 2.37928 0.207755 -0.0551461 0.0400869 -0.0551461 0.542104 -0.015746 0.0400869 -0.015746 0.520923 
8 2 0 41.1491 13.4916 0.421916 0.441942 -0.0580677 0.519841 -0.0580677 0.561111 -0.79745 0.519841 -0.79745 5.13698 
-3 4 0 -17.6566 22.3085 -0.991975 0.541677 0.0288425 0.527276 0.0288425 0.578033 0.750597 0.527276 0.750597 5.94261 
8 3 0 42.1933 17.5235 -0.0945031 3.08714 -1.65607 -28.2912 -1.65607 1.32222 16.201 -28.2912 16.201 298.874 
-5 9 0 -29.3187 48.9078 0.960558 5.84941 0.170211 -0.117532 0.170211 6.81762 -1.82742 -0.117532 -1.82742 2.11522 
-6 -7 0 -32.054 -37.2917 -0.679166 0.617661 -0.00974332 -0.212714 -0.00974332 0.572883 -0.313612 -0.212714 -0.313612 0.62656 
0 -6 0 -1.7941 -32.4517 2.40908 0.177953 0.0383389 -0.0461365 0.0383389 0.480575 0.0153279 -0.0461365 0.0153279 0.503827 
2 -3 0 12.4608 -17.3702 2.32796 0.918289 -0.495 -0.358717 -0.495 0.828502 0.278604 -0.358717 0.278604 0.844596 
