-3 -13 2 -18.0754 -66.1237 11.2944 1.73728 0.0202983 -0.0929473 0.0202983 3.66654 -0.348713 -0.0929473 -0.348713 1.22629 
-2 -14 2 -11.3516 -72.9049 11.339 3.89799 -1.30306 -0.261103 -1.30306 3.66403 0.222401 -0.261103 0.222401 0.958669 
-1 -10 1 -6.80901 -52.4633 5.3834 1.10787 -0.844891 -0.309838 -0.844891 1.50189 -0.713583 -0.309838 -0.713583 13.3652 
-1 -11 1 -8.1851 -57.4555 5.38977 1.3059 0.139157 -0.289685 0.139157 1.25898 3.5495 -0.289685 3.5495 20.8427 
-8 -12 1 -40.1092 -61.4765 5.36441 14993.2 8092.92 -2009.39 8092.92 4474.26 -1102.25 -2009.39 -1102.25 292.573 
-3 -12 1 -17.6707 -64.6576 6.96446 0.778167 -0.513662 0.0650657 -0.513662 15.3085 1.22723 0.0650657 1.22723 0.6218 
-4 -13 1 -20.3738 -66.6888 6.34823 20.0174 0.290666 -0.791334 0.290666 2.48609 0.501368 -0.791334 0.501368 1.12586 
-2 -13 1 -13.0963 -68.0196 7.08662 1.01502 -0.0199132 0.0836919 -0.0199132 1.12099 0.0805491 0.0836919 0.0805491 0.566068 
-1 -15 1 -8.68418 -77.8538 7.23515 1.8848 -0.595843 -0.119404 -0.595843 0.910292 -0.0232755 -0.119404 -0.0232755 0.512226 
-2 -15 1 -11.7128 -76.0194 5.93089 2.59095 1.49461 -1.28107 1.49461 1.51987 -1.15425 -1.28107 -1.15425 2.83188 
-2 -14 1 -11.8165 -72.7704 7.41996 1.05282 0.0527328 -0.354237 0.0527328 0.659074 0.0327112 -0.354237 0.0327112 0.598329 
1 -11 0 6.07638 -56.9129 1.25884 0.990992 -0.399934 -0.207863 -0.399934 2.01848 -1.50118 -0.207863 -1.50118 2.44579 
1 -10 0 6.84179 -52.7201 1.14789 1.56903 -1.25992 1.5464 -1.25992 2.37748 -3.06821 1.5464 -3.06821 4.96564 
0 -12 0 -2.98648 -63.4508 1.49397 0.447312 0.0490056 0.257194 0.0490056 1.01434 0.458703 0.257194 0.458703 1.14259 
-1 -10 0 -7.9233 -52.5562 2.31245 0.496437 -0.112585 -0.172669 -0.112585 0.607704 0.0956894 -0.172669 0.0956894 0.492407 
-1 -11 0 -8.56791 -57.237 2.06214 0.808933 -0.0509067 -0.104103 -0.0509067 0.51956 -0.0171967 -0.104103 -0.0171967 0.330174 
-8 -13 1 -40.4572 -66.9166 5.69734 6.32419 1.52898 -2.52429 1.52898 4.89743 0.101989 -2.52429 0.101989 4.13755 
0 -14 0 -2.63373 -72.6189 0.718861 0.313107 -0.277255 0.0860873 -0.277255 0.796011 0.0712661 0.0860873 0.0712661 0.263695 
-1 -16 0 -8.61995 -80.3739 2.11591 2.40146 1.78244 0.131354 1.78244 17.2448 -0.680355 0.131354 -0.680355 0.322078 
-3 -11 0 -17.5605 -57.4373 -1.55163 0.435621 -0.0896722 0.148705 -0.0896722 0.565199 0.0384044 0.148705 0.0384044 8.91955 
-2 -12 0 -11.2033 -61.7304 0.0184287 1.01653 -0.0448807 -0.422328 -0.0448807 0.780767 -0.129567 -0.422328 -0.129567 0.669238 
-2 -13 0 -12.8294 -67.5329 1.56411 0.605592 0.0173481 0.0113969 0.0173481 0.735688 0.0520025 0.0113969 0.0520025 0.258388 
-1 -14 0 -7.2785 -73.0654 2.26392 0.636643 0.206614 0.0597353 0.206614 1.00521 0.0283823 0.0597353 0.0283823 0.263749 
-1 -13 0 -9.05039 -66.2296 0.964249 1.09661 -0.0905907 -0.133383 -0.0905907 0.777975 -0.223641 -0.133383 -0.223641 0.438238 
-4 -10 0 -22.5425 -52.4654 -1.96991 4.36371 1.05266 -42.6864 1.05266 0.76574 -11.4976 -42.6864 -11.4976 475.475 
-3 -12 0 -18.0841 -63.4641 0.66879 0.675589 0.21083 0.028524 0.21083 0.536567 0.0885526 0.028524 0.0885526 0.265571 
-2 -14 0 -13.0211 -72.5132 1.65833 0.926061 0.0611704 -0.0962007 0.0611704 0.483832 -0.0633522 -0.0962007 -0.0633522 0.2597 
-4 -15 0 -23.4404 -77.4249 -3.62295 0.994863 -0.655342 -10.3297 -0.655342 1.18619 15.8673 -10.3297 15.8673 370.144 
-7 -13 1 -39.7353 -67.3428 5.96091 20.1252 -4.56366 0.551442 -4.56366 5.96423 -0.715115 0.551442 -0.715115 3.07232 
-8 -14 0 -42.4768 -71.6252 -3.53759 0.704598 0.17454 -0.478769 0.17454 0.947735 -0.806491 -0.478769 -0.806491 4.64339 
-6 -11 0 -31.5731 -57.8811 -1.85473 0.844904 0.112132 -0.509885 0.112132 0.768961 -0.0455354 -0.509885 -0.0455354 1.02111 
-7 -12 1 -37.7832 -62.9157 5.98291 0.756971 0.728789 -0.0984626 0.728789 2.06044 -0.0511646 -0.0984626 -0.0511646 1.98703 
0 -14 1 0.77435 -73.1369 7.06141 0.158133 -0.156516 -0.19317 -0.156516 6.86399 -0.320167 -0.19317 -0.320167 0.834855 
-5 -15 0 -28.299 -77.9049 -2.85828 0.58633 -0.0154482 0.323789 -0.0154482 0.59196 0.297735 0.323789 0.297735 0.881559 
0 -10 0 -2.0969 -52.044 2.54732 0.140348 0.0141718 0.0808094 0.0141718 0.490022 0.0137362 0.0808094 0.0137362 0.564576 
-3 -16 0 -15.6856 -82.7848 -3.13208 16.188 -2.62113 -13.7467 -2.62113 1.10819 3.17372 -13.7467 3.17372 19.8359 
-2 -16 0 -12.5782 -84.0598 -2.0072 1.09957 -1.54864 -1.32549 -1.54864 8.30354 4.68658 -1.32549 4.68658 4.07372 
-9 -17 0 -49.1544 -86.5143 -2.12451 12.187 -0.638936 -0.41711 -0.638936 0.836983 0.0350998 -0.41711 0.0350998 1.42288 
0 -10 1 -3.08893 -51.5237 5.6138 0.374855 -0.0502508 -0.272267 -0.0502508 0.899641 -0.528802 -0.272267 -0.528802 4.17973 
-3 -10 0 -17.6097 -52.4321 -1.46182 1.2582 0.271509 -8.98897 0.271509 0.616154 -3.2865 -8.98897 -3.2865 112.348 
-1 -15 2 -8.34968 -77.8891 11.2424 8.84063 -1.04655 -1.64621 -1.04655 6.07385 -0.297262 -1.64621 -0.297262 2.14604 
-5 -12 0 -27.5006 -62.3836 -3.29911 0.514396 -0.0173754 0.131579 -0.0173754 0.553432 -0.123447 0.131579 -0.123447 1.26575 
-9 -16 0 -47.8772 -81.5043 -2.06976 0.708209 -0.41956 -0.01564 -0.41956 0.842625 -0.037698 -0.01564 -0.037698 0.580103 
-8 -16 0 -42.4591 -80.8138 -1.7072 0.467658 -0.00480375 -0.0334287 -0.00480375 4.14571 -0.46394 -0.0334287 -0.46394 0.57265 
-6 -16 0 -32.7197 -80.9812 -1.55532 0.542316 0.328426 -0.103692 0.328426 4.41166 -0.544202 -0.103692 -0.544202 0.487809 
-9 -11 0 -48.0641 -57.4793 -2.32228 1.38107 0.0834173 1.37126 0.0834173 0.55211 0.0537666 1.37126 0.0537666 2.98188 
-1 -14 2 -7.09401 -74.0427 11.0122 4.96946 -0.850165 -0.0920546 -0.850165 8.9939 1.14073 -0.0920546 1.14073 2.28645 
-7 -12 0 -37.7674 -62.8306 0.0560384 0.566747 0.239239 0.0208815 0.239239 0.862621 0.0179691 0.0208815 0.0179691 0.157499 
-1 -14 1 -7.47912 -73.5492 7.43722 0.61891 0.20352 0.0107068 0.20352 2.11068 0.244617 0.0107068 0.244617 0.553914 
-1 -12 0 -8.61657 -62.2669 1.57809 1.18866 0.188134 -0.134277 0.188134 0.537147 -0.0172043 -0.134277 -0.0172043 0.325312 
-4 -13 0 -21.3017 -67.064 -0.987666 0.833659 -0.0305457 -0.264448 -0.0305457 0.748772 -0.0800572 -0.264448 -0.0800572 0.23017 
-5 -13 0 -27.2882 -67.6065 -4.07613 1.04423 0.0864249 -11.4349 0.0864249 0.546418 -2.57081 -11.4349 -2.57081 227.516 
-2 -11 0 -11.1953 -57.3847 0.78669 0.97266 0.0212263 -0.391758 0.0212263 0.482247 -0.0271151 -0.391758 -0.0271151 0.488346 
-7 -11 0 -37.401 -57.4951 -3.0691 0.527396 0.0113773 -0.835034 0.0113773 0.570607 -1.19039 -0.835034 -1.19039 24.2743 
-4 -11 0 -21.6749 -57.9462 -0.314055 1.08604 0.0607823 -0.286225 0.0607823 0.979569 0.130611 -0.286225 0.130611 0.387794 
-6 -12 0 -33.6846 -62.5246 -1.96396 0.572095 -0.201843 0.138441 -0.201843 0.769195 0.129452 0.138441 0.129452 0.281444 
-7 -15 0 -37.378 -78.2035 -2.77687 0.351858 -0.0135806 -0.070092 -0.0135806 0.771962 0.335283 -0.070092 0.335283 0.811229 
-9 -15 0 -47.1601 -78.2909 -2.65829 0.421526 -0.0648078 -0.0350122 -0.0648078 0.98503 0.432656 -0.0350122 0.432656 0.677941 
-5 -16 0 -27.6442 -81.2087 -1.26306 0.506852 0.156374 0.0173918 0.156374 5.95701 -0.43062 0.0173918 -0.43062 0.434119 
-9 -13 0 -48.0887 -67.3918 -2.16492 0.851821 -0.0131614 0.374831 -0.0131614 0.574437 -0.0903951 0.374831 -0.0903951 0.736084 
-8 -12 0 -41.3024 -62.7719 -1.43627 0.871588 -0.000809622 -0.272488 -0.000809622 0.518306 0.00588345 -0.272488 0.00588345 0.301845 
-8 -15 0 -42.2417 -78.1133 -2.63685 0.384385 0.00723266 -0.0115427 0.00723266 0.880723 0.387438 -0.0115427 0.387438 0.942911 
0 -11 0 -1.64511 -56.3394 2.55452 0.109732 -0.0725069 0.119671 -0.0725069 0.735602 -0.206718 0.119671 -0.206718 0.487661 
-6 -13 0 -32.4892 -68.0793 -4.02754 0.493692 -0.0704466 0.453103 -0.0704466 0.722221 -0.68351 0.453103 -0.68351 3.15039 
-2 -17 0 -12.7653 -86.2435 -1.07061 0.775496 -0.22488 0.0940546 -0.22488 1.60502 -0.27244 0.0940546 -0.27244 0.857027 
-2 -10 0 -11.3196 -52.6937 0.762224 1.13191 0.00222618 -0.552288 0.00222618 0.555796 0.0436826 -0.552288 0.0436826 0.678318 
-9 -14 0 -48.256 -71.7157 -3.20047 0.71058 0.0574166 0.312614 0.0574166 0.749601 -0.37599 0.312614 -0.37599 1.49574 
-3 -13 1 -18.0763 -66.6989 7.34216 0.700446 -0.0943735 0.0352503 -0.0943735 0.785855 -0.0860932 0.0352503 -0.0860932 0.548338 
-6 -14 0 -32.4746 -72.4897 -4.02116 0.516117 -0.166507 -4.25293 -0.166507 1.00209 14.685 -4.25293 14.685 462.836 
-6 -15 0 -32.7102 -78.4118 -2.06994 0.474703 0.00766225 0.0128654 0.00766225 1.10201 0.355804 0.0128654 0.355804 0.673403 
-5 -14 0 -27.5666 -72.3912 -3.93547 0.786075 -0.570537 -12.0966 -0.570537 1.45122 21.144 -12.0966 21.144 456.663 
-7 -14 0 -37.6119 -72.5056 -4.03944 0.479985 0.0119019 0.438331 0.0119019 0.450733 -2.99419 0.438331 -2.99419 172.177 
-7 -13 0 -38.8419 -67.069 -0.500159 0.94751 -0.138247 0.0900133 -0.138247 0.713613 -0.0386145 0.0900133 -0.0386145 0.133749 
-4 -14 0 -22.4727 -72.2484 -3.62873 1.29641 0.081032 -9.48581 0.081032 0.475584 -1.21288 -9.48581 -1.21288 101.309 
-9 -12 0 -47.7051 -62.6971 -2.82544 1.38951 -0.0954524 1.54348 -0.0954524 0.424952 0.0773686 1.54348 0.0773686 3.27692 
0 -16 0 -0.221335 -84.1354 -1.3391 113.111 140.607 -34.1799 140.607 186.024 -42.8096 -34.1799 -42.8096 10.8771 
-7 -16 0 -37.4524 -81.0182 -1.71336 0.471452 0.195456 -0.0300671 0.195456 1.718 -0.160895 -0.0300671 -0.160895 0.508276 
-4 -12 0 -21.4007 -61.9043 -0.745171 0.991345 0.0173849 -0.386861 0.0173849 0.682253 -0.18312 -0.386861 -0.18312 0.415464 
-7 -10 0 -37.5775 -52.5404 -2.82667 0.524598 0.275727 -3.49691 0.275727 3.87745 -39.1426 -3.49691 -39.1426 450.423 
-3 -14 0 -17.9501 -71.7081 -2.11681 0.706455 0.0523909 -0.440507 0.0523909 0.773153 -0.451552 -0.440507 -0.451552 0.944565 
-8 -11 0 -42.349 -57.5409 -2.94743 0.531867 0.0311013 -0.230424 0.0311013 0.512162 -0.204333 -0.230424 -0.204333 1.34977 
-9 -18 0 -49.7921 -90.507 -2.07146 134.734 -143.939 -5.70822 -143.939 257.655 7.00946 -5.70822 7.00946 1.38502 
-3 -17 0 -15.9313 -86.8516 -1.88255 3.07839 -1.07881 -0.327572 -1.07881 1.33958 0.203016 -0.327572 0.203016 1.79951 
-4 -16 0 -24.3631 -81.7901 -1.65238 6.4492 1.15554 0.117394 1.15554 1.61401 -0.283722 0.117394 -0.283722 0.581279 
-3 -15 0 -18.3431 -76.2499 -3.19319 1.89782 1.32222 -0.26288 1.32222 1.50765 0.333073 -0.26288 0.333073 12.7734 
-5 -11 0 -27.8224 -56.8636 -1.08691 0.753467 -0.319616 0.0558574 -0.319616 0.904979 -0.313106 0.0558574 -0.313106 0.569888 
-2 -13 2 -13.3176 -68.2558 10.5639 12.5775 -1.55106 1.60939 -1.55106 10.713 -0.0470481 1.60939 -0.0470481 4.47065 
-9 -10 0 -48.2456 -53.0181 -2.55368 0.71615 0.0718696 0.846508 0.0718696 0.632195 0.476737 0.846508 0.476737 3.71251 
-2 -15 0 -11.992 -76.5334 0.966898 1.10578 0.816498 -0.238826 0.816498 1.22209 -0.273552 -0.238826 -0.273552 0.289335 
-8 -13 0 -41.5884 -67.0726 -0.61198 1.03151 0.0600384 -0.159978 0.0600384 0.717364 -0.000296369 -0.159978 -0.000296369 0.172322 
-8 -10 0 -42.4727 -52.7113 -2.88051 0.639279 0.64899 -8.11903 0.64899 3.61655 -37.9547 -8.11903 -37.9547 459.447 
-1 -15 0 -8.78628 -78.4146 2.19105 1.1194 -0.421157 -0.045294 -0.421157 0.883577 -0.0636414 -0.045294 -0.0636414 0.210691 
0 -13 1 2.10719 -67.462 7.76137 123.331 -214.457 48.9088 -214.457 376.935 -80.6945 48.9088 -80.6945 31.4727 
-7 -17 0 -37.9578 -88.1226 -1.01662 1.57619 -0.949416 -0.698643 -0.949416 1.69656 0.507329 -0.698643 0.507329 2.92563 
-3 -13 0 -17.8699 -67.1544 1.41971 0.491503 -0.0240346 -0.0392804 -0.0240346 0.514789 -0.024218 -0.0392804 -0.024218 0.208051 
-6 -10 0 -32.3333 -52.5221 -2.40239 0.57378 -0.0396506 -0.349146 -0.0396506 0.541034 0.0671588 -0.349146 0.0671588 3.79872 
-5 -10 0 -27.5916 -52.8919 -2.0981 0.540504 -0.031763 -0.308029 -0.031763 0.456835 0.448611 -0.308029 0.448611 3.21095 
-5 -19 0 -26.7717 -95.1258 -1.94866 8.84849 91.2555 5.30345 91.2555 1226.72 238.558 5.30345 238.558 250.82 
