1 11 0 7.17602 58.0418 -2.93326 1.64627 -0.75384 7.20259 -0.75384 2.11267 -2.93187 7.20259 -2.93187 84.8497 
-1 11 0 -7.05048 57.8741 -3.76096 1.38782 -0.339881 5.6228 -0.339881 0.410788 -2.40401 5.6228 -2.40401 78.9122 
1 12 0 6.77725 61.2707 -2.35718 484.933 827.475 -284.849 827.475 1420.21 -490.808 -284.849 -490.808 271.458 
0 13 0 -2.83455 68.9323 -3.65211 2.0175 0.245997 -7.53647 0.245997 6.84698 4.63176 -7.53647 4.63176 71.6801 
0 10 0 0.146013 52.1986 -3.22936 0.220484 0.16954 -0.805754 0.16954 0.651956 -0.330858 -0.805754 -0.330858 11.9626 
-2 12 0 -12.7588 63.9095 -3.68943 0.68921 0.883028 -0.0136152 0.883028 2.81164 0.331414 -0.0136152 0.331414 2.36427 
3 10 0 18.6989 51.0794 -3.00037 1997.5 -1093.89 -2725.27 -1093.89 607.368 1496.41 -2725.27 1496.41 3842.78 
-6 18 0 -33.4552 93.0658 -4.31977 3.59393 1.74459 -5.39992 1.74459 6.62443 -3.63691 -5.39992 -3.63691 13.0196 
0 12 0 1.46636 60.9426 -3.28715 1.33197 -1.28869 -10.2085 -1.28869 1.95299 9.81104 -10.2085 9.81104 84.8949 
0 11 0 -0.115323 57.0401 -3.42314 0.362405 -0.10653 -1.89831 -0.10653 0.480923 0.613435 -1.89831 0.613435 14.2349 
0 15 0 0.993596 78.349 -3.66737 0.347877 -1.02503 -2.4036 -1.02503 4.28737 12.0339 -2.4036 12.0339 90.556 
-3 14 0 -17.6891 71.8236 -3.80106 0.627031 0.402217 -0.316869 0.402217 1.86306 3.15603 -0.316869 3.15603 73.4111 
-2 13 0 -12.2585 67.6846 -3.62712 0.489567 0.0629458 -0.414756 0.0629458 0.423708 0.109617 -0.414756 0.109617 5.58175 
4 11 0 22.815 57.5108 -3.54197 110.1 1.21758 195.943 1.21758 1.91718 10.0535 195.943 10.0535 394.825 
-3 13 0 -17.6982 68.1209 -3.67009 0.560563 0.451078 0.924532 0.451078 2.07573 2.61158 0.924532 2.61158 5.90913 
-2 14 0 -11.4462 71.9734 -3.18961 0.517974 0.115051 -0.193896 0.115051 0.680187 0.136997 -0.193896 0.136997 2.17851 
