-10 0 1 -54.1565 -4.20714 6.93073 3.94156 1.31631 -0.183865 1.31631 4.29173 0.957069 -0.183865 0.957069 1.15936 
-11 0 1 -56.2444 -3.82783 7.10181 1.48558 -0.283495 -0.0492785 -0.283495 2.08729 0.495509 -0.0492785 0.495509 0.695463 
-11 -1 1 -56.0099 -6.6704 6.59269 2.95861 0.141153 -0.740518 0.141153 0.906676 -0.353426 -0.740518 -0.353426 1.06847 
-12 -1 1 -61.2871 -8.18044 5.65945 3.21095 0.148809 0.235245 0.148809 1.59991 0.125294 0.235245 0.125294 5.25454 
-10 -4 1 -51.3493 -24.1439 5.55311 2.34896 1.53548 1.79422 1.53548 3.66043 2.08052 1.79422 2.08052 5.93294 
-10 -5 1 -51.5886 -26.8418 5.88335 1.28179 0.355467 0.321356 0.355467 1.03733 0.121385 0.321356 0.121385 2.56765 
-12 -6 1 -61.7141 -33.9363 6.48826 1.28108 0.549143 0.0332707 0.549143 3.75091 0.604569 0.0332707 0.604569 1.09698 
-13 -6 1 -67.6739 -33.5884 5.65764 0.975434 -1.43412 0.203021 -1.43412 3.57364 0.856912 0.203021 0.856912 5.29179 
-12 -7 1 -61.4346 -35.3308 6.0532 9.85974 3.83782 -0.785473 3.83782 28.6961 -4.48581 -0.785473 -4.48581 2.50723 
-20 -7 1 -102.533 -37.3908 5.10484 219.069 36.8919 -90.8475 36.8919 11.5363 -19.6689 -90.8475 -19.6689 383.724 
-17 -7 1 -88.4303 -37.7184 5.65215 3.53014 1.0464 -0.714566 1.0464 7.01784 0.885747 -0.714566 0.885747 5.34383 
-10 -7 1 -52.9504 -36.1055 5.58021 0.442654 0.330554 0.0424233 0.330554 0.593938 -0.0455081 0.0424233 -0.0455081 5.7459 
-10 -9 1 -50.7362 -45.0753 5.63776 30.4409 80.7649 8.92909 80.7649 539.353 15.2136 8.92909 15.2136 9.1668 
-11 -7 1 -55.4462 -35.6444 5.98565 6.6402 0.654187 0.637152 0.654187 4.79295 -0.893804 0.637152 -0.893804 4.3108 
-16 -6 0 -80.5319 -31.347 3.26088 2.91956 -1.14984 0.222682 -1.14984 23.7207 -19.3775 0.222682 -19.3775 17.2545 
-16 -5 0 -82.4636 -28.4033 3.36541 0.86768 0.889592 0.007965 0.889592 1.4631 -0.0874878 0.007965 -0.0874878 0.539792 
-10 5 0 -53.1814 26.6882 -0.00298677 0.906513 -0.153836 0.617492 -0.153836 0.86694 0.262632 0.617492 0.262632 1.09941 
-11 5 0 -55.6995 25.9406 0.231406 2.28916 -0.3111 -0.870403 -0.3111 2.17857 -0.005384 -0.870403 -0.005384 1.12222 
-11 4 0 -56.049 23.8538 0.288764 1.43244 -0.161257 -0.620033 -0.161257 1.1849 -0.303174 -0.620033 -0.303174 0.881309 
-10 3 0 -51.772 17.8633 -1.5377 0.658149 -0.286903 -1.26101 -0.286903 0.778323 1.55211 -1.26101 1.55211 9.87633 
-10 2 0 -51.3694 12.2283 -0.535773 1.20429 -0.360545 -0.424875 -0.360545 0.840266 0.219036 -0.424875 0.219036 0.957768 
-11 -1 0 -56.3395 -7.30975 3.2845 0.648163 -0.0328778 -0.0477934 -0.0328778 0.487902 0.0969219 -0.0477934 0.0969219 0.552321 
-10 0 0 -53.8023 -2.79875 1.0491 2.21324 -0.431428 0.267806 -0.431428 0.297859 0.124143 0.267806 0.124143 0.41364 
-10 -2 0 -51.3953 -12.1048 -1.2737 3.84334 -0.0289324 -23.7731 -0.0289324 0.996332 -7.32877 -23.7731 -7.32877 230.957 
-15 -8 0 -75.7931 -43.0358 -0.126948 37.0877 -1.17316 -12.772 -1.17316 0.467207 -0.00179066 -12.772 -0.00179066 8.95958 
-12 2 0 -63.7796 12.6448 -2.17174 3.4385 1.42249 -26.2186 1.42249 9.41607 64.2339 -26.2186 64.2339 1209.85 
-11 2 0 -58.7844 11.7217 -1.97631 1.08232 0.224389 -15.4852 0.224389 1.27358 -4.68999 -15.4852 -4.68999 311.956 
-12 1 0 -62.8753 8.40179 -1.57722 1.9804 -0.302166 0.598236 -0.302166 0.645021 0.311848 0.598236 0.311848 1.08759 
-15 -6 1 -78.339 -31.0755 5.6183 3.54403 -0.579081 -11.3721 -0.579081 4.1388 -3.75011 -11.3721 -3.75011 57.6363 
-11 1 0 -58.3735 7.78297 -1.92797 1.53512 0.535767 -8.40594 0.535767 0.860469 2.71332 -8.40594 2.71332 195.35 
-11 -2 0 -57.0881 -12.0226 0.851378 1.68088 2.00096 -1.68134 2.00096 4.34749 -3.2541 -1.68134 -3.2541 2.59744 
-12 -2 0 -62.3968 -10.889 0.73186 1.03971 0.0846865 0.0120247 0.0846865 0.771065 -0.304421 0.0120247 -0.304421 0.335994 
-10 -3 0 -52.5598 -17.4565 -1.95546 3.94597 6.55713 -34.759 6.55713 12.3569 -63.7241 -34.759 -63.7241 345.687 
-11 -3 0 -56.8947 -17.2072 -2.37243 4.32105 7.88478 -36.925 7.88478 17.0958 -77.4883 -36.925 -77.4883 360.231 
-10 -4 0 -51.5055 -23.1161 0.885092 2.26221 -0.210406 -0.0568564 -0.210406 0.756344 0.233522 -0.0568564 0.233522 0.141617 
-17 -4 0 -88.3974 -23.275 1.13192 1.19048 0.210498 -0.0882693 0.210498 0.675981 -0.152091 -0.0882693 -0.152091 0.211777 
-10 -5 0 -50.9137 -26.394 4.0154 3.5689 -0.465807 0.156009 -0.465807 1.03655 0.0951869 0.156009 0.0951869 0.388747 
-13 -6 0 -66.9063 -32.1303 1.45722 0.519397 -0.333342 -0.0141746 -0.333342 1.04908 0.219536 -0.0141746 0.219536 0.206879 
-22 8 0 -113.301 43.854 -2.51273 10.6639 9.52762 -0.605078 9.52762 13.2787 -1.43571 -0.605078 -1.43571 2.30834 
-11 -6 0 -56.6011 -33.8209 1.23084 0.511343 -0.292222 -0.0666318 -0.292222 2.69478 0.290541 -0.0666318 0.290541 0.235659 
-15 -9 0 -75.8972 -47.7705 -0.369305 434.424 -16.8157 12.9768 -16.8157 1.11916 -0.762753 12.9768 -0.762753 2.92582 
-12 -6 0 -62.1759 -32.9185 1.15139 0.654599 0.587728 0.0616625 0.587728 1.48516 0.163651 0.0616625 0.163651 0.19514 
-11 -7 0 -56.0034 -36.0406 2.0853 1.71565 0.373138 -0.276809 0.373138 2.729 0.276746 -0.276809 0.276746 0.282265 
-18 -7 0 -92.9078 -38.0087 2.396 0.717622 -0.498013 0.304985 -0.498013 2.49479 -0.828278 0.304985 -0.828278 0.743477 
-14 -7 0 -72.2878 -35.8333 -0.344864 2.29982 4.53011 -1.52126 4.53011 20.0096 -4.45175 -1.52126 -4.45175 1.27952 
-12 -7 0 -61.2723 -35.7816 2.2309 0.948423 -0.445069 -0.0566213 -0.445069 3.84546 -0.301656 -0.0566213 -0.301656 0.178064 
-13 -7 0 -68.3584 -36.3154 2.82353 2.03126 1.03992 -0.346663 1.03992 0.928202 -0.277157 -0.346663 -0.277157 0.262012 
-21 0 -1 -106.709 0.21158 -5.1981 1.03466 0.721568 -5.78587 0.721568 1.01757 -10.4652 -5.78587 -10.4652 166.743 
-22 0 -1 -111.996 1.92838 -5.17816 0.76527 0.0175735 -0.167735 0.0175735 0.39553 -6.23835 -0.167735 -6.23835 205.437 
-24 3 0 -122.553 18.0104 -3.65896 0.619328 -0.468269 -0.460102 -0.468269 4.05652 0.252149 -0.460102 0.252149 2.03899 
-25 3 -1 -128.197 18.8335 -5.52656 0.978805 -0.661777 -8.80311 -0.661777 1.11621 12.8125 -8.80311 12.8125 358.718 
-10 1 0 -52.241 7.89673 -1.63495 2.0318 -1.13468 -22.4883 -1.13468 1.17772 15.8518 -22.4883 15.8518 389.713 
-27 -5 -1 -137.674 -27.4781 -6.4757 0.874749 0.352119 -12.9755 0.352119 0.736628 -9.53724 -12.9755 -9.53724 436.655 
-20 -7 -1 -104.198 -35.5535 -5.11543 134.576 -154.703 -416.945 -154.703 181.944 488.51 -416.945 488.51 1429.07 
-26 -7 0 -132.914 -38.8366 -2.41577 1.29623 -0.0294872 0.0216597 -0.0294872 2.21847 -0.0183069 0.0216597 -0.0183069 0.386315 
-29 0 -1 -147.604 -0.0290615 -6.06071 0.51145 -0.00652402 0.162473 -0.00652402 0.136736 -0.560025 0.162473 -0.560025 17.1717 
-29 7 -1 -147.284 36.7929 -5.42767 0.613099 -0.0920571 4.05608 -0.0920571 0.735718 -8.18825 4.05608 -8.18825 319.761 
-17 -6 0 -87.9581 -32.5098 -0.652083 2.06608 -0.470936 -0.349186 -0.470936 1.21563 -1.07965 -0.349186 -1.07965 1.51589 
-24 5 -1 -122.941 27.849 -5.30878 0.511082 -0.542855 1.74936 -0.542855 6.18789 -31.0981 1.74936 -31.0981 188.46 
-13 2 0 -67.9703 12.6412 -0.936695 2.15018 -1.98027 1.00459 -1.98027 5.61918 0.403539 1.00459 0.403539 1.93508 
-26 5 -1 -132.452 26.895 -5.3043 0.555882 -0.381567 2.86413 -0.381567 5.67105 -29.7975 2.86413 -29.7975 179.987 
-28 5 -1 -141.798 27.4462 -5.51085 1.57618 -0.211673 -8.41818 -0.211673 0.456897 0.342829 -8.41818 0.342829 115.379 
-25 4 -1 -127.359 22.4076 -5.53937 0.447019 -0.272287 -2.94045 -0.272287 1.00256 12.8471 -2.94045 12.8471 248.522 
-27 -6 -1 -137.456 -32.4632 -6.54424 0.67134 0.0805256 -9.84596 0.0805256 0.541637 -4.41446 -9.84596 -4.41446 449.999 
-24 4 -1 -123.376 21.5816 -5.46306 1.06952 -0.316828 -14.8244 -0.316828 0.739873 8.93581 -14.8244 8.93581 318.131 
-10 -7 0 -51.7657 -36.9555 0.724343 0.574382 -0.0341469 0.0299988 -0.0341469 0.469267 -0.103796 0.0299988 -0.103796 0.261963 
-27 -7 -1 -137.345 -37.4112 -6.56947 0.525503 -0.0672444 -2.24128 -0.0672444 0.494705 0.614175 -2.24128 0.614175 48.4403 
-10 -6 1 -52.5323 -34.3221 6.00422 0.827616 -0.635559 0.429695 -0.635559 10.0633 3.10017 0.429695 3.10017 4.07124 
-28 4 -1 -142.648 22.7004 -5.63239 0.513057 0.0803308 -5.16206 0.0803308 0.737697 -10.2887 -5.16206 -10.2887 414.023 
-29 4 -1 -147.715 22.2322 -5.64561 0.539991 -0.000472517 -1.57661 -0.000472517 0.457084 0.0907717 -1.57661 0.0907717 69.6327 
-27 3 -1 -137.519 17.5795 -5.63837 0.434452 0.0162209 -2.64618 0.0162209 0.658739 7.05316 -2.64618 7.05316 387.09 
-29 3 -1 -147.622 17.389 -5.67806 0.513065 -0.0658238 -2.8495 -0.0658238 0.518169 3.52573 -2.8495 3.52573 229.024 
-27 2 -1 -137.859 12.1163 -5.49381 0.774177 -0.138132 -5.66898 -0.138132 0.539626 2.79833 -5.66898 2.79833 127.641 
-29 -9 0 -148.957 -47.4939 -4.81361 17.6588 -1.5372 -0.755014 -1.5372 0.706828 -1.22569 -0.755014 -1.22569 235.683 
-27 -8 -1 -137.489 -42.5364 -6.60759 0.831395 0.0861488 -12.6294 0.0861488 0.48166 -2.96221 -12.6294 -2.96221 461.213 
-21 -9 0 -106.738 -47.9459 -2.35661 1.68368 -0.155592 -0.379058 -0.155592 0.519118 0.145169 -0.379058 0.145169 0.329018 
-21 -1 -1 -105.316 -8.08237 -5.5314 57.6107 21.0358 -351.883 21.0358 12.569 -167.838 -351.883 -167.838 3016.07 
-24 5 0 -123.151 29.6126 -2.65094 0.507028 -1.65714 0.0876364 -1.65714 37.0728 0.446608 0.0876364 0.446608 0.0991747 
-25 -1 -1 -127.381 -7.39045 -5.7767 1.10884 0.70442 -16.3637 0.70442 1.1356 -16.9498 -16.3637 -16.9498 414.58 
-26 -1 -1 -132.048 -7.14389 -5.85259 0.568495 -0.0373922 -1.5039 -0.0373922 0.536904 -7.24541 -1.5039 -7.24541 372.153 
-20 -2 -1 -103.265 -11.8442 -5.54634 3.4646 2.15394 -14.8954 2.15394 2.14718 -7.52867 -14.8954 -7.52867 287.701 
-23 8 0 -119.086 42.5334 -3.02697 5.12443 3.15337 -2.4472 3.15337 3.2187 -3.05828 -2.4472 -3.05828 4.66857 
-23 -2 -1 -118.897 -12.557 -5.73101 1.31971 -0.163147 3.56812 -0.163147 0.992303 -13.2492 3.56812 -13.2492 231.799 
-28 2 0 -142.823 14.6633 -3.7956 0.62169 0.223191 0.248729 0.223191 34.4794 -3.99249 0.248729 -3.99249 1.74811 
-26 4 -1 -132.985 23.9858 -5.66902 0.778335 0.48614 1.57535 0.48614 1.01069 6.96585 1.57535 6.96585 152.5 
-28 2 -1 -142.544 12.5204 -5.57064 0.531124 0.0528332 -1.11394 0.0528332 0.554417 -2.9418 -1.11394 -2.9418 105.031 
-21 -9 -1 -108.764 -47.4228 -5.31922 24.0954 -7.24718 -85.2828 -7.24718 2.79129 27.5171 -85.2828 27.5171 331.399 
-27 0 -1 -137.819 0.076719 -5.73663 0.662865 0.109636 -4.57215 0.109636 0.259977 -3.99351 -4.57215 -3.99351 116.434 
-25 5 -1 -127.354 27.2273 -5.35191 1.07672 -3.80479 16.0061 -3.80479 26.5477 -110.407 16.0061 -110.407 482.239 
-26 -2 -1 -133.215 -12.4522 -5.94013 0.487907 -0.125114 -1.00303 -0.125114 0.53993 -1.33328 -1.00303 -1.33328 142.232 
-23 -3 -1 -117.357 -17.2726 -5.95154 0.501446 -0.0908452 3.66554 -0.0908452 1.16833 -10.7492 3.66554 -10.7492 335.548 
-28 -2 -1 -142.64 -12.4334 -6.41119 4.24216 1.32569 -40.6114 1.32569 0.909764 -14.233 -40.6114 -14.233 442.232 
-27 9 0 -136.247 46.0019 -2.52199 2.43954 0.76514 -0.265906 0.76514 2.60729 0.10979 -0.265906 0.10979 0.455257 
-22 -3 -1 -112.936 -17.5574 -6.03272 0.996319 0.333859 -6.18317 0.333859 0.924145 -14.0035 -6.18317 -14.0035 431.489 
-28 -3 -1 -142.492 -17.4755 -6.5434 4.277 1.07924 -42.43 1.07924 0.795272 -12.0222 -42.43 -12.0222 483.403 
-21 6 -1 -107.627 31.5414 -5.19053 0.660136 -0.912801 -3.31725 -0.912801 6.20336 26.2695 -3.31725 26.2695 510.293 
-26 2 -1 -132.786 11.7475 -5.36277 0.542184 0.0192324 -2.95416 0.0192324 2.37973 25.1693 -2.95416 25.1693 382.711 
-25 -3 -1 -127.216 -17.1936 -5.99284 0.788357 -0.0817966 0.640929 -0.0817966 0.582224 -0.0556818 0.640929 -0.0556818 43.9913 
-10 -1 0 -53.7768 -6.88056 1.89378 1.81807 0.201601 0.425997 0.201601 0.736105 0.217558 0.425997 0.217558 0.467037 
-27 5 -1 -137.426 27.4956 -5.31452 1.93044 0.904783 -24.3677 0.904783 1.1016 -16.6171 -24.3677 -16.6171 424.575 
-24 0 -1 -122.707 0.0479111 -5.34623 0.55361 -0.0338509 -2.27715 -0.0338509 0.288621 -3.98988 -2.27715 -3.98988 111.018 
-26 1 -1 -132.587 7.37872 -5.26571 0.900818 0.104323 -9.2241 0.104323 0.519891 -4.15289 -9.2241 -4.15289 232.287 
-27 -1 0 -138.89 -7.18503 -2.0961 2.30689 -0.111655 -0.024447 -0.111655 0.99938 -0.115842 -0.024447 -0.115842 0.677541 
-27 -1 -1 -137.836 -7.53939 -5.92346 0.544774 0.0990933 -0.747499 0.0990933 0.525669 -1.44567 -0.747499 -1.44567 50.0142 
-29 -1 -1 -147.531 -7.58127 -6.4486 0.506817 0.0890883 -0.653668 0.0890883 0.580541 -1.96877 -0.653668 -1.96877 37.1529 
-29 -6 -1 -147.541 -32.5116 -6.84477 0.476569 -0.000208055 0.666324 -0.000208055 0.490359 0.458567 0.666324 0.458567 41.6175 
-27 -3 -1 -137.546 -17.5104 -6.23779 1.6447 0.521838 -23.3832 0.521838 0.701757 -10.3767 -23.3832 -10.3767 468.52 
-24 8 0 -123.369 42.3737 -4.2828 4.81049 0.194755 -19.2076 0.194755 0.717893 -2.14174 -19.2076 -2.14174 92.1271 
-29 2 -1 -147.635 12.3699 -5.62272 0.541135 0.051935 -3.00077 0.051935 0.509946 -2.33286 -3.00077 -2.33286 471.265 
-25 0 -1 -127.577 -0.58089 -5.50259 0.532288 0.159739 -3.67297 0.159739 0.337836 -5.0694 -3.67297 -5.0694 116.293 
-19 -7 0 -98.0999 -36.4284 2.34611 1.5383 1.58575 -0.106463 1.58575 2.79231 -0.613049 -0.106463 -0.613049 0.474488 
-21 -5 -1 -106.622 -27.8787 -6.33673 1.47567 0.504722 -7.03931 0.504722 0.467493 -1.27009 -7.03931 -1.27009 247.148 
-28 0 -1 -142.485 -0.00735804 -6.01425 1.13767 0.467298 -8.91847 0.467298 0.450393 -6.34089 -8.91847 -6.34089 123.628 
-21 7 0 -108.452 36.9483 -3.1231 0.746691 -0.485078 0.858427 -0.485078 1.8037 -0.874738 0.858427 -0.874738 2.37174 
-23 0 -1 -118.163 0.780416 -5.24095 0.347464 -0.0167564 -0.0800956 -0.0167564 0.357123 -5.35954 -0.0800956 -5.35954 124.964 
-20 -1 -1 -102.468 -7.17158 -5.2319 1.09052 0.536301 -14.3828 0.536301 1.45126 -14.7155 -14.3828 -14.7155 309.705 
-26 -4 -1 -132.683 -22.5278 -6.16063 1.02107 0.36715 -16.0356 0.36715 0.755002 -10.3555 -16.0356 -10.3555 466.432 
-25 1 -1 -127.594 7.0151 -5.18365 0.7259 0.385304 -7.62186 0.385304 0.570368 -6.75748 -7.62186 -6.75748 253.316 
-18 8 0 -91.4278 43.1345 -0.414938 0.877619 -0.761848 0.0183278 -0.761848 1.41416 -0.285203 0.0183278 -0.285203 0.364994 
-10 -8 1 -50.842 -43.2316 6.11813 4.54388 -1.07556 -0.212464 -1.07556 0.753751 -0.0455022 -0.212464 -0.0455022 1.6509 
-25 2 0 -126.496 13.6347 -4.19389 8.24691 6.69546 -3.34221 6.69546 9.84812 -4.83158 -3.34221 -4.83158 9.30203 
-26 -8 -1 -132.68 -42.3596 -6.36918 0.523074 0.0117423 -0.252836 0.0117423 0.506442 -0.788071 -0.252836 -0.788071 10.3542 
-22 -9 -1 -111.707 -48.1757 -5.73387 9.01846 -6.9256 -64.6323 -6.9256 6.16046 52.5578 -64.6323 52.5578 503.696 
-27 8 -1 -138.693 42.4523 -5.11242 3.18038 -0.149539 -26.5613 -0.149539 0.547672 -2.00683 -26.5613 -2.00683 483.071 
-10 -6 0 -51.83 -33.3183 1.09077 0.742173 0.145461 0.0331405 0.145461 1.26266 0.213365 0.0331405 0.213365 0.248331 
-29 -4 -1 -147.545 -22.5415 -6.82167 0.48347 -0.0167225 0.855043 -0.0167225 0.485299 0.0108366 0.855043 0.0108366 61.5324 
-28 3 -1 -142.671 17.5542 -5.65436 0.500632 -0.116986 -0.191366 -0.116986 0.681484 6.15801 -0.191366 6.15801 177.425 
-28 -9 -1 -142.603 -47.5239 -6.60465 0.658199 0.0611697 9.04232 0.0611697 0.532387 4.96449 9.04232 4.96449 424.9 
-20 0 -1 -104.255 -3.47474 -5.18288 11.3515 4.59934 -50.0987 4.59934 3.74573 -33.6963 -50.0987 -33.6963 403.269 
-20 -9 0 -103.645 -48.3491 2.10747 1.31172 0.223624 -0.0493557 0.223624 1.36406 0.153602 -0.0493557 0.153602 0.348175 
-23 9 0 -117.816 47.961 -3.34646 21.2262 11.8977 -0.109617 11.8977 14.3386 0.901753 -0.109617 0.901753 4.14259 
-26 -9 -1 -132.737 -47.5112 -6.44862 0.909287 -0.243435 -13.3676 -0.243435 0.575395 5.59798 -13.3676 5.59798 427.515 
-28 3 0 -141.429 15.3329 -3.95609 3.03515 4.90883 -2.07186 4.90883 18.3165 -1.96749 -2.07186 -1.96749 2.66488 
-25 -9 -1 -127.649 -47.3612 -6.29468 0.761764 -0.166008 -11.3305 -0.166008 0.561197 6.59932 -11.3305 6.59932 465.801 
-25 -8 -1 -127.609 -42.2034 -6.31781 0.527011 -0.00559416 -5.0313 -0.00559416 0.435324 1.39909 -5.0313 1.39909 427.719 
-25 7 0 -127.187 37.756 -4.76317 3.97142 0.871906 -38.9377 0.871906 0.724562 -8.93522 -38.9377 -8.93522 436.444 
-25 -7 -1 -128.157 -37.4376 -6.28758 0.503446 -0.145948 -0.338327 -0.145948 0.550776 -4.20396 -0.338327 -4.20396 351.748 
-20 -9 1 -103.575 -48.6631 5.25562 15.7506 -0.963746 -11.3552 -0.963746 8.81679 3.21139 -11.3552 3.21139 41.4813 
-20 -8 0 -103.515 -40.2354 -2.77013 0.86574 1.99991 -0.227284 1.99991 270.17 -20.508 -0.227284 -20.508 2.97733 
-19 8 0 -97.0951 40.7547 -0.40911 45.9089 -28.4556 -42.1916 -28.4556 23.941 29.5836 -42.1916 29.5836 40.8175 
-22 -7 -1 -110.276 -38.3212 -6.28547 45.1992 -6.32799 -118.15 -6.32799 3.96162 52.3193 -118.15 52.3193 904.65 
-29 -8 -1 -147.565 -42.6135 -6.72982 0.495405 -0.00138851 0.624014 -0.00138851 0.527982 1.6223 0.624014 1.6223 33.1259 
-29 -3 -1 -147.539 -17.4847 -6.70303 0.477216 0.00718503 0.0743851 0.00718503 0.52024 -1.23152 0.0743851 -1.23152 37.5975 
-29 -9 -1 -147.712 -47.5008 -6.54399 0.528605 -0.00398526 0.589498 -0.00398526 0.501955 0.0469231 0.589498 0.0469231 6.42407 
-28 -8 -1 -142.612 -42.5797 -6.58965 0.480816 -0.0260361 -0.0297859 -0.0260361 0.509566 0.758415 -0.0297859 0.758415 12.6987 
-28 -6 -1 -142.54 -32.5124 -6.62315 0.560176 -0.00482102 -0.927787 -0.00482102 0.517021 0.158572 -0.927787 0.158572 17.1011 
-28 -7 -1 -142.528 -37.4507 -6.69327 0.958577 -0.0624295 -14.9688 -0.0624295 0.4855 1.59251 -14.9688 1.59251 467.592 
-27 -4 -1 -137.655 -22.49 -6.373 1.42857 0.391199 -20.246 0.391199 0.667037 -9.16498 -20.246 -9.16498 429.246 
-20 -6 0 -101.305 -33.39 -0.742178 2.74657 -1.53102 -0.638109 -1.53102 1.87317 0.472475 -0.638109 0.472475 0.291168 
-28 -1 -1 -142.502 -7.56708 -6.2631 4.49329 0.823237 -41.2436 0.823237 0.649488 -8.7998 -41.2436 -8.7998 422.314 
-29 -5 -1 -147.551 -27.5386 -6.84855 0.480108 -0.00411611 0.487734 -0.00411611 0.495478 0.579983 0.487734 0.579983 38.2458 
-24 -4 -1 -122.085 -22.7947 -6.10556 1.14403 0.469653 -11.1626 0.469653 0.981565 -14.0663 -11.1626 -14.0663 527.83 
-29 -7 -1 -147.49 -37.5034 -6.82695 0.476495 0.00223413 0.16164 0.00223413 0.514024 4.29721 0.16164 4.29721 474.698 
-27 -2 -1 -137.473 -12.4116 -6.08967 1.55243 0.742518 -21.9726 0.742518 1.03767 -15.7887 -21.9726 -15.7887 450.04 
-13 0 0 -66.752 3.41671 -2.52611 1.91758 -0.870018 -22.7076 -0.870018 136.952 -14.207 -22.7076 -14.207 331.111 
-21 -4 -1 -107.527 -22.8057 -6.11127 0.988785 0.129011 -12.3545 0.129011 0.479019 -5.4097 -12.3545 -5.4097 265.655 
-28 -5 -1 -142.466 -27.4606 -6.67327 3.32362 0.0863396 -35.7437 0.0863396 0.47801 -1.31584 -35.7437 -1.31584 447.422 
-27 9 -1 -138.52 46.3567 -5.032 16.7016 -10.3529 -5.84417 -10.3529 10.8054 -53.1855 -5.84417 -53.1855 1768.83 
-24 -8 -1 -123.166 -42.7654 -6.2285 0.908353 -0.0617942 -5.9909 -0.0617942 0.852425 11.5497 -5.9909 11.5497 476.314 
-24 -7 -1 -122.483 -37.6438 -6.26027 0.322733 0.00187509 -0.627142 0.00187509 0.475993 -3.08087 -0.627142 -3.08087 169.626 
-12 5 0 -61.6612 26.7727 -1.86999 6.03741 0.74466 -66.3617 0.74466 1.55189 -18.2822 -66.3617 -18.2822 1092.35 
-12 4 0 -63.8311 22.007 0.83485 2.07299 -1.54216 0.662445 -1.54216 3.15436 -0.518345 0.662445 -0.518345 0.410515 
-25 -2 -1 -127.49 -12.2047 -5.90786 0.547782 0.05709 -1.21853 0.05709 0.522252 -2.57846 -1.21853 -2.57846 77.3656 
-21 -7 -1 -108.003 -37.5326 -5.74437 13.8298 -3.02265 -44.3929 -3.02265 1.16892 9.85233 -44.3929 9.85233 150.086 
-29 8 -1 -147.093 41.6527 -5.3199 0.607632 -0.215268 2.46887 -0.215268 2.47781 -26.995 2.46887 -26.995 475.465 
-29 6 -1 -147.675 31.9627 -5.51241 0.507959 0.0263511 4.93357 0.0263511 0.349592 -3.11978 4.93357 -3.11978 265.471 
-23 -8 -1 -118.673 -43.4843 -6.2258 35.5582 11.2507 -75.5232 11.2507 13.1621 51.0413 -75.5232 51.0413 821.544 
-24 1 0 -120.979 7.85203 -4.10581 8.66132 2.38796 -1.39201 2.38796 1.99936 -1.46629 -1.39201 -1.46629 1.49226 
-23 -7 -1 -117.863 -37.1033 -6.36813 0.887987 -0.11649 11.7208 -0.11649 1.07691 1.08059 11.7208 1.08059 626.598 
-26 -6 -1 -132.77 -32.5535 -6.36317 1.10573 0.154238 -16.4264 0.154238 0.46859 -3.62162 -16.4264 -3.62162 431.934 
-17 8 0 -89.5871 44.0655 -2.58605 21.5119 1.13634 3.58063 1.13634 2.22878 0.173289 3.58063 0.173289 1.84833 
-26 -5 -1 -132.746 -27.5385 -6.28552 1.10732 0.43124 -16.9751 0.43124 0.789822 -11.8704 -16.9751 -11.8704 488.128 
-25 -4 -1 -127.978 -23.1688 -6.12958 0.471635 -0.0568828 6.07715 -0.0568828 0.681517 -3.53389 6.07715 -3.53389 228.297 
-28 8 -1 -141.471 42.6877 -5.1943 39.8165 1.98991 -35.8821 1.98991 0.579803 -4.81239 -35.8821 -4.81239 454.738 
-28 6 -1 -141.964 32.2985 -5.43682 1.84232 0.688255 -23.9341 0.688255 0.859329 -12.7295 -23.9341 -12.7295 501.641 
-21 -3 -1 -107.535 -18.245 -5.98009 0.483049 0.177509 -6.06845 0.177509 1.58173 -16.1723 -6.06845 -16.1723 363.53 
-12 0 0 -61.1736 2.50854 -2.05868 2.603 -0.476211 -19.8957 -0.476211 0.503216 6.48891 -19.8957 6.48891 195.568 
-25 -6 -1 -127.53 -32.5266 -6.23468 0.623126 0.167939 -7.18549 0.167939 0.524489 -3.16295 -7.18549 -3.16295 384.539 
-28 -1 0 -140.619 -7.25287 -2.10725 7.14057 0.40553 -0.739422 0.40553 2.29299 -0.524423 -0.739422 -0.524423 0.765017 
-19 -6 -1 -98.3432 -31.914 -5.11528 13.9647 7.37297 -83.9545 7.37297 5.15219 -39.169 -83.9545 -39.169 705.583 
-26 0 -1 -132.356 0.040233 -5.58753 0.573753 0.157634 -3.71008 0.157634 0.298116 -4.61786 -3.71008 -4.61786 122 
-21 -6 -1 -106.961 -33.3194 -6.04357 28.087 -21.831 -117.491 -21.831 17.8667 93.3266 -117.491 93.3266 508.811 
-25 -5 -1 -128.288 -27.5079 -6.12425 1.30408 0.23437 -0.331918 0.23437 0.58315 -0.0849933 -0.331918 -0.0849933 29.1675 
-24 -6 -1 -122.467 -32.8813 -6.22337 25.7127 10.1401 -97.9742 10.1401 5.03312 -31.3095 -97.9742 -31.3095 592.739 
-24 -5 -1 -121.97 -26.693 -6.19609 0.698565 -0.563723 -1.48882 -0.563723 1.54582 -10.1749 -1.48882 -10.1749 226.222 
-20 -5 -1 -103.67 -27.7985 -6.13472 87.8873 26.3541 -4.83301 26.3541 8.20627 -4.98268 -4.83301 -4.98268 227.989 
-23 -5 -1 -118.863 -26.527 -6.15434 2.82437 -2.68362 32.9238 -2.68362 6.715 -73.8056 32.9238 -73.8056 1409.32 
-19 -6 1 -99.0492 -34.0129 5.98508 6.20294 0.746392 0.138693 0.746392 3.57374 0.0656005 0.138693 0.0656005 2.94285 
-22 6 0 -112.537 32.7939 -4.43575 2.73663 -7.73044 23.5038 -7.73044 25.4089 -77.4021 23.5038 -77.4021 246.454 
-19 -1 -1 -98.6444 -8.08658 -5.1444 1.13953 2.02605 -6.52854 2.02605 5.06197 -13.3397 -6.52854 -13.3397 277.413 
-23 5 -1 -117.602 29.0198 -5.22557 1.06582 -2.74417 8.01787 -2.74417 25.6914 -85.9208 8.01787 -85.9208 369.006 
-22 5 -1 -114.269 29.4899 -5.28298 3.89771 22.6419 -48.2397 22.6419 270.481 -620.817 -48.2397 -620.817 1686.14 
-24 -9 -1 -122.66 -46.8216 -6.16929 0.875759 -0.111404 -11.0677 -0.111404 0.745294 9.44358 -11.0677 9.44358 440.653 
-11 -6 1 -55.5116 -34.3415 5.92968 6.22495 1.60624 -0.83335 1.60624 14.6397 3.50322 -0.83335 3.50322 3.02986 
-27 6 -1 -138.134 32.5478 -5.22621 4.57803 0.573345 -40.5182 0.573345 0.530693 -5.32821 -40.5182 -5.32821 430.451 
-10 4 0 -53.0839 23.5479 -0.471181 0.688736 0.0854263 0.318936 0.0854263 0.802118 -0.308992 0.318936 -0.308992 0.709884 
-28 7 -1 -142.338 36.1303 -5.35664 0.670718 0.14564 -10.486 0.14564 0.901475 -2.6565 -10.486 -2.6565 330.522 
-27 7 -1 -137.536 37.5668 -5.13466 1.46414 0.24645 -19.619 0.24645 0.453142 -4.93263 -19.619 -4.93263 389.5 
-20 -7 0 -103.507 -37.3624 0.202357 1.23979 -0.0272341 -0.269799 -0.0272341 0.512036 0.025947 -0.269799 0.025947 0.212797 
-22 -8 -1 -111.728 -41.6635 -6.28315 1.55434 -1.08568 -16.7885 -1.08568 1.48628 18.9077 -16.7885 18.9077 305.056 
-15 -5 0 -76.9065 -28.2989 0.00730757 0.904061 -0.108619 -0.0880502 -0.108619 1.47102 0.0403176 -0.0880502 0.0403176 0.164253 
-29 5 -1 -147.96 27.3178 -5.60575 0.776919 -0.0855656 5.9585 -0.0855656 0.453233 -3.72125 5.9585 -3.72125 416.026 
-28 -6 0 -142.616 -32.4584 -3.11893 2.94599 0.378049 0.349834 0.378049 2.48884 0.194544 0.349834 0.194544 1.26919 
-21 -8 0 -106.305 -42.4393 -3.98346 3.43736 -0.376738 -2.27243 -0.376738 0.503375 0.294429 -2.27243 0.294429 3.3652 
-21 -7 0 -105.362 -37.6191 -2.95892 12.6261 -1.58478 -0.417875 -1.58478 1.273 -0.229389 -0.417875 -0.229389 0.452137 
-19 -6 0 -98.8178 -32.7826 1.21698 1.71821 0.179483 0.0815846 0.179483 1.19535 0.294061 0.0815846 0.294061 0.191837 
-25 -5 0 -128.254 -27.9951 -3.34269 904.558 68.8053 31.5887 68.8053 401.494 -4.06881 31.5887 -4.06881 2.1251 
-25 2 -1 -128.803 10.8022 -5.2414 2.18383 -0.881481 -8.64228 -0.881481 5.11917 60.6561 -8.64228 60.6561 885.096 
-17 -5 0 -87.6991 -26.335 -0.319859 0.795538 0.33572 -0.157625 0.33572 0.718204 0.0414263 -0.157625 0.0414263 0.185167 
-25 -2 0 -127.707 -11.4081 -3.60253 2.10579 -1.30716 0.167317 -1.30716 3.59514 -0.748307 0.167317 -0.748307 1.99568 
-26 3 -1 -132.738 17.2969 -5.53581 0.778699 -0.312582 -4.00888 -0.312582 0.704671 5.24104 -4.00888 5.24104 115.921 
-24 1 -1 -123.569 6.42951 -5.0848 1.71042 0.721865 -21.4694 0.721865 1.13018 -17.7541 -21.4694 -17.7541 515.566 
-19 -1 0 -97.8219 -7.16263 -3.85873 0.668933 0.397254 0.371649 0.397254 3.20084 0.897785 0.371649 0.897785 0.69345 
-29 0 0 -148.451 1.65882 -4.76423 17.5743 -0.169003 -4.68609 -0.169003 0.261674 1.76497 -4.68609 1.76497 37.6646 
-21 -8 -1 -107.756 -42.1452 -5.61481 0.790161 -0.199886 -0.959773 -0.199886 0.520459 0.412546 -0.959773 0.412546 9.49262 
-27 0 0 -135.142 2.56595 -3.71547 165.325 5.40113 2.30944 5.40113 1.51258 0.97171 2.30944 0.97171 1.55913 
-17 -9 0 -87.0859 -48.6171 -1.43352 20.2153 -52.3081 43.5194 -52.3081 164.506 -122.161 43.5194 -122.161 226.26 
-26 -7 -1 -132.921 -37.9409 -6.13473 0.603421 0.0542968 0.0663929 0.0542968 0.642367 0.654965 0.0663929 0.654965 4.83668 
-25 0 0 -126.82 1.34299 -1.47522 1.30126 -0.704771 -0.0158683 -0.704771 0.592027 -0.0875818 -0.0158683 -0.0875818 0.581663 
-23 0 0 -117.054 4.50124 -4.90487 0.970162 0.513684 -14.6503 0.513684 22.8359 -44.0627 -14.6503 -44.0627 479.824 
-27 6 0 -137.178 34.209 -3.36425 2.0113 -1.48909 -2.50621 -1.48909 3.99986 2.56515 -2.50621 2.56515 3.87682 
-29 -2 -1 -147.518 -12.4308 -6.58291 0.480387 0.0200479 -0.559089 0.0200479 0.560367 -2.09796 -0.559089 -2.09796 48.5722 
-24 0 0 -124.342 -0.146728 -1.78208 8.92092 0.638265 0.688077 0.638265 0.137034 -0.0149174 0.688077 -0.0149174 0.655133 
-20 0 0 -103.033 1.065 -4.08545 1.3301 0.504871 -0.546566 0.504871 0.846235 -0.525014 -0.546566 -0.525014 0.966899 
-26 0 0 -131.188 -1.7133 -1.98294 1.65079 0.27692 -0.220492 0.27692 0.979449 -0.12346 -0.220492 -0.12346 0.664639 
-22 0 0 -111.941 4.27644 -4.77937 0.733815 2.77373 -10.5215 2.77373 28.1023 -101.447 -10.5215 -101.447 428.977 
-12 -1 0 -61.9193 -7.71643 1.67867 1.08916 0.126544 -0.173333 0.126544 0.637439 -0.0255755 -0.173333 -0.0255755 0.315128 
-25 5 0 -128.123 29.1189 -1.36731 0.563773 -0.00359653 0.026007 -0.00359653 2.19328 0.0830608 0.026007 0.0830608 0.0713255 
-18 0 0 -93.8924 -0.437717 -4.27655 6.70704 8.68307 -64.2775 8.68307 13.3779 -92.5703 -64.2775 -92.5703 712.592 
-14 3 0 -73.2279 17.5249 -2.01072 18.1708 14.6842 14.567 14.6842 16.9807 13.1203 14.567 13.1203 20.5585 
-19 0 0 -96.7608 -0.417784 -4.51646 17.5046 47.3505 -44.5776 47.3505 131.963 -110.932 -44.5776 -110.932 236.824 
-28 -4 -1 -142.34 -22.4997 -6.63528 3.48982 0.400869 -36.57 0.400869 0.532143 -4.71326 -36.57 -4.71326 439.597 
-23 -1 -1 -118.476 -7.71518 -5.48752 2.21826 -0.992892 -3.925 -0.992892 1.22794 -8.85789 -3.925 -8.85789 267.02 
-21 0 0 -107.124 2.92719 -4.83338 1.28696 2.46325 -13.0027 2.46325 6.66606 -37.78 -13.0027 -37.78 289.558 
-26 5 0 -131.568 29.1376 -3.09559 1.90179 -0.20391 -0.279983 -0.20391 2.31248 -0.0115345 -0.279983 -0.0115345 0.107853 
-28 1 0 -141.232 5.39667 -3.44571 11.8275 -5.34093 1.7524 -5.34093 24.0863 0.708494 1.7524 0.708494 2.47524 
-29 1 -1 -147.512 7.513 -5.73823 0.480744 0.052465 -0.996066 0.052465 1.61105 -23.1501 -0.996066 -23.1501 473.544 
-27 7 0 -137.039 35.0433 -2.48936 1.10016 -9.93432 -0.486396 -9.93432 519.098 6.56229 -0.486396 6.56229 0.935573 
-27 1 -1 -137.565 7.46052 -5.50417 1.29574 0.303715 -15.2096 0.303715 0.538334 -5.09615 -15.2096 -5.09615 296.518 
-26 1 0 -132.461 6.34335 -4.69406 921.952 25.57 -118.736 25.57 2.95348 -5.53717 -118.736 -5.53717 51.3656 
-23 1 0 -118.325 7.2049 -4.82972 1.41614 0.669863 -18.9827 0.669863 1.05904 -9.45053 -18.9827 -9.45053 411.414 
-22 1 0 -113.603 7.07557 -4.62623 0.903113 0.225764 -12.4228 0.225764 0.459216 -3.65516 -12.4228 -3.65516 340.82 
-27 2 0 -137.008 12.4469 -4.26626 3.51099 6.46681 2.50629 6.46681 15.7491 6.52922 2.50629 6.52922 7.14144 
-29 2 0 -147.613 14.5469 -3.67742 0.442246 -0.839464 0.146131 -0.839464 23.5641 -3.79469 0.146131 -3.79469 1.95606 
-27 3 0 -137.486 15.4255 -3.53869 0.532482 -1.18837 0.466344 -1.18837 34.9774 -0.0433118 0.466344 -0.0433118 2.1167 
-24 -2 -1 -122.547 -12.2226 -5.76532 1.04514 0.798802 -14.9547 0.798802 1.55026 -21.7281 -14.9547 -21.7281 432.911 
-25 8 0 -126.933 43.3101 -4.10955 0.923624 0.253079 -0.702155 0.253079 0.714834 -0.745841 -0.702155 -0.745841 2.01331 
-26 3 0 -132.583 15.7767 -3.22514 0.90877 -4.1132 -0.308168 -4.1132 28.6744 1.19152 -0.308168 1.19152 2.05859 
-24 -3 -1 -122.697 -17.206 -5.97419 0.673917 0.283287 -8.87934 0.283287 1.09782 -16.5095 -8.87934 -16.5095 447.984 
-23 5 0 -118.649 29.772 -4.93437 2.67732 -13.8004 31.388 -13.8004 105.896 -243.707 31.388 -243.707 782.204 
-28 1 -1 -142.527 7.3798 -5.6501 0.757248 -0.00537855 -6.07921 -0.00537855 0.444333 0.327471 -6.07921 0.327471 137.735 
-26 6 0 -132.704 32.8924 -2.00625 0.863204 0.498663 -0.143148 0.498663 0.788554 0.0158075 -0.143148 0.0158075 0.176679 
-25 6 0 -128.204 31.7934 0.188301 0.803507 0.246703 0.0451093 0.246703 1.48979 0.169985 0.0451093 0.169985 0.169303 
-14 -6 0 -71.668 -32.1244 2.79536 0.890283 0.579822 0.0313181 0.579822 0.933868 0.0551082 0.0313181 0.0551082 0.310802 
-24 6 0 -122.091 32.2312 -4.58906 1.08107 1.02307 -10.6411 1.02307 2.43029 -19.6699 -10.6411 -19.6699 194.13 
-23 6 0 -117.694 32.3123 -4.3422 0.552592 0.533305 -2.39091 0.533305 6.13506 -24.1061 -2.39091 -24.1061 104.245 
-21 6 0 -108.435 33.2373 -4.7067 17.5445 -47.5413 94.0544 -47.5413 135.419 -269.696 94.0544 -269.696 562.898 
-27 4 -1 -137.944 22.8831 -5.60559 0.761593 -0.349287 1.25964 -0.349287 0.921402 -9.30969 1.25964 -9.30969 225.719 
-26 -8 0 -133.091 -40.5385 -3.23654 1.54122 0.153501 0.108868 0.153501 5.39157 -0.317004 0.108868 -0.317004 0.775822 
-20 -6 -1 -102.627 -32.5984 -5.45213 1.04457 -0.817098 -4.97878 -0.817098 1.38195 5.38955 -4.97878 5.38955 37.2771 
-15 -6 0 -76.9172 -32.0417 2.03806 0.879303 0.184513 0.0937872 0.184513 0.646235 -0.203251 0.0937872 -0.203251 0.426114 
-24 7 0 -122.746 37.2828 -4.34556 3.06442 0.479114 -22.0961 0.479114 0.629251 -3.29065 -22.0961 -3.29065 196.881 
-26 8 0 -133.309 42.0826 -1.73675 1.29921 0.508091 -0.114575 0.508091 1.04367 -0.0695043 -0.114575 -0.0695043 0.248494 
-26 9 0 -134.136 45.595 -3.08721 2.78486 -1.20282 0.834157 -1.20282 2.97312 -0.456558 0.834157 -0.456558 0.701943 
-28 -9 0 -142.777 -45.1275 -3.1711 8.46143 -11.8861 -2.57399 -11.8861 318.578 -4.08477 -2.57399 -4.08477 2.97851 
-17 -7 0 -88.1404 -38.354 2.05396 0.850039 -0.22587 0.126188 -0.22587 1.42444 -0.157244 0.126188 -0.157244 0.312165 
-24 -1 -1 -123.098 -7.15691 -5.55912 1.06184 0.714959 -14.6276 0.714959 1.33992 -19.5298 -14.6276 -19.5298 438.018 
-26 -3 -1 -133.082 -17.4832 -6.04679 1.44676 0.596267 -16.8499 0.596267 0.821489 -11.8993 -16.8499 -11.8993 443.795 
-11 0 0 -56.4494 -3.45331 1.78702 1.16108 0.10913 -0.161854 0.10913 0.521684 0.209925 -0.161854 0.209925 0.317905 
-24 2 0 -122.424 11.5531 -3.15529 13.5089 7.18523 -11.888 7.18523 21.0484 22.4331 -11.888 22.4331 59.3293 
-24 9 0 -121.513 48.0073 -3.18934 3.55465 -3.59535 -1.69935 -3.59535 5.56909 -0.182356 -1.69935 -0.182356 4.35449 
-15 -7 0 -77.0049 -37.6542 -1.43376 5.4452 0.595438 -4.74788 0.595438 1.33926 -0.336709 -4.74788 -0.336709 4.47362 
-10 -8 0 -51.3916 -43.0575 0.987703 0.8926 0.00704393 -0.209669 0.00704393 0.463507 0.0492308 -0.209669 0.0492308 0.267233 
-10 -1 1 -54.1196 -6.28629 7.10169 3.47427 -0.957927 0.0846506 -0.957927 1.73791 -0.173619 0.0846506 -0.173619 0.59224 
-28 -8 0 -142.748 -43.9311 -3.25328 3.02392 -0.0732165 0.00105745 -0.0732165 2.94018 0.0205797 0.00105745 0.0205797 1.25635 
-26 6 -1 -134.434 31.971 -5.04282 9.46839 1.79106 -4.46017 1.79106 0.695292 -2.82426 -4.46017 -2.82426 332.549 
-23 7 0 -118.651 37.2844 -3.84466 10.5489 1.31385 -38.6971 1.31385 0.634894 -5.99509 -38.6971 -5.99509 155.828 
-10 -9 0 -51.8632 -46.6101 -0.300376 0.70947 -0.218459 0.0376845 -0.218459 0.780258 -0.2273 0.0376845 -0.2273 0.293332 
-19 7 0 -95.8034 38.5866 -1.14086 4.40679 2.35155 -0.523155 2.35155 4.10488 -0.754354 -0.523155 -0.754354 0.390884 
-23 -9 -1 -117.316 -47.8491 -6.03981 1.42696 0.0223909 -5.30065 0.0223909 0.514167 0.63288 -5.30065 0.63288 140.034 
-25 3 0 -126.69 16.8992 -3.15329 33.9229 -155.622 -39.5828 -155.622 732.459 187.516 -39.5828 187.516 61.3084 
-27 8 0 -135.745 44.1295 -3.47733 4.12391 0.222677 -1.02469 0.222677 1.72257 0.110524 -1.02469 0.110524 0.956687 
-21 5 0 -108.028 27.1122 -0.299912 63.3177 15.835 -0.5161 15.835 49.2638 12.5379 -0.5161 12.5379 3.62641 
-22 7 0 -113.582 38.5123 -2.64543 0.498284 0.531797 -0.322549 0.531797 1.33424 -1.30084 -0.322549 -1.30084 3.69345 
-18 7 0 -94.4285 38.8204 -0.328024 9.36108 -1.90005 1.42651 -1.90005 2.85893 -0.370819 1.42651 -0.370819 0.572804 
-27 -9 -1 -137.577 -47.4698 -6.62682 0.975154 -0.0991535 -14.412 -0.0991535 0.489171 1.51431 -14.412 1.51431 443.597 
