-29 -30 1 -146.585 -153.03 7.53337 8.5807 -0.18428 2.04123 -0.18428 0.909886 -0.539924 2.04123 -0.539924 1.53465 
-26 -31 1 -133.919 -156.344 5.97756 19.6132 49.9516 -67.2999 49.9516 209.781 -254.474 -67.2999 -254.474 320.9 
-27 -31 1 -138.373 -157.872 6.80146 0.71679 -0.431143 0.801205 -0.431143 0.503931 -0.562561 0.801205 -0.562561 1.33863 
-28 -31 1 -142.319 -157.544 6.77658 0.495956 0.217162 -0.218045 0.217162 1.30633 -0.574857 -0.218045 -0.574857 1.19155 
-29 -32 1 -147.341 -163.322 6.94953 20.4437 -11.679 15.0268 -11.679 23.0276 -7.97301 15.0268 -7.97301 12.1745 
-29 -31 0 -146.234 -157.08 0.899106 2.84043 0.655241 -0.135467 0.655241 1.85189 0.340729 -0.135467 0.340729 0.29362 
-27 -30 1 -138.616 -153.117 5.85991 1.27555 -0.236691 0.301625 -0.236691 1.55632 -2.62362 0.301625 -2.62362 9.42103 
-27 -33 0 -136.624 -168.767 0.991502 24.0597 -13.0717 3.60223 -13.0717 9.17588 -2.52705 3.60223 -2.52705 0.812142 
-28 -31 -1 -142.692 -159.357 -7.58869 1.44477 0.767474 0.130442 0.767474 1.68909 0.540891 0.130442 0.540891 0.660804 
-27 -32 -1 -138.969 -162.915 -7.34696 2.79413 0.492789 1.17843 0.492789 1.1462 0.720662 1.17843 0.720662 1.36022 
-29 -31 1 -146.698 -157.647 6.73415 1.18181 -0.137178 0.106923 -0.137178 0.395127 0.103044 0.106923 0.103044 0.636646 
-28 -32 -1 -142.4 -160.6 -7.18719 2.05399 1.36095 0.123167 1.36095 2.09176 -0.0222045 0.123167 -0.0222045 0.646451 
-29 -30 0 -146.893 -151.408 1.24192 1.61742 1.53549 -1.02953 1.53549 2.4934 -1.07715 -1.02953 -1.07715 0.842642 
-18 -30 0 -94.0752 -151.785 -4.13635 130.358 -8.07748 -47.6189 -8.07748 2.18704 8.56016 -47.6189 8.56016 44.6706 
-28 -32 1 -142.917 -161.13 6.6274 0.804009 0.8975 -0.511385 0.8975 7.35709 -3.01573 -0.511385 -3.01573 2.121 
-29 -31 -1 -146.868 -156.627 -7.53649 0.88877 0.457122 0.0141496 0.457122 1.87408 0.0267378 0.0141496 0.0267378 0.782624 
-29 -32 0 -146.11 -162.719 3.27351 1.72208 0.787645 0.288584 0.787645 1.32719 0.228799 0.288584 0.228799 0.385987 
-26 -33 -1 -131.03 -169.168 -8.92397 144.168 183.695 -55.921 183.695 235.867 -69.7679 -55.921 -69.7679 25.9112 
-21 -32 -1 -109.001 -163.191 -8.54181 162.03 -62.0717 15.7677 -62.0717 42.5331 -4.08448 15.7677 -4.08448 30.4568 
-23 -35 0 -116.928 -177.967 0.262607 22.8211 6.15868 -2.19049 6.15868 2.53244 -0.614509 -2.19049 -0.614509 0.357262 
-28 -30 0 -143.453 -152.337 2.37436 0.970369 -0.0401737 -0.399721 -0.0401737 0.468715 -0.0402177 -0.399721 -0.0402177 0.904086 
-20 -31 -1 -101.828 -157.245 -9.71929 8.14722 3.74765 7.75909 3.74765 2.34972 1.58804 7.75909 1.58804 47.6623 
-28 -31 0 -142.609 -158.368 -0.132547 0.561469 0.182897 -0.150868 0.182897 0.693733 -0.205074 -0.150868 -0.205074 0.222911 
-27 -33 -1 -137.701 -165.968 -7.47824 181.991 55.3462 -15.8915 55.3462 17.1317 -4.70043 -15.8915 -4.70043 1.82266 
-29 -30 -1 -147.714 -152.609 -8.59552 0.926749 0.250961 0.403596 0.250961 0.630835 0.110012 0.403596 0.110012 0.848372 
-27 -31 0 -137.7 -157.957 2.40937 1.05744 0.796959 -1.06477 0.796959 4.47613 -3.29739 -1.06477 -3.29739 3.10921 
-18 -30 -1 -94.0713 -152.564 -7.27611 201.997 -10.2489 6.69233 -10.2489 0.793732 -0.541764 6.69233 -0.541764 1.00304 
-18 -31 -1 -94.3316 -157.811 -8.68373 16.2552 1.44086 -11.0406 1.44086 1.0205 -3.19004 -11.0406 -3.19004 38.2748 
-27 -32 0 -139.571 -161.439 0.904502 17.3375 -0.352114 0.00573766 -0.352114 26.0671 -11.0684 0.00573766 -11.0684 4.75635 
-28 -30 1 -141.782 -152.648 6.7998 0.562489 -0.0640143 0.298204 -0.0640143 0.462318 0.100121 0.298204 0.100121 0.716716 
-28 -32 0 -142.526 -161.546 -0.324124 2.35137 -0.923199 -0.230746 -0.923199 1.49722 0.336245 -0.230746 0.336245 0.195396 
