-10 -15 1 -54.7312 -78.1475 5.25892 52.5582 9.18584 30.3491 9.18584 2.25078 6.36052 30.3491 6.36052 25.9208 
-11 -15 1 -56.1569 -77.6517 5.36999 1.83184 -0.183719 0.51557 -0.183719 0.597566 0.00434833 0.51557 0.00434833 26.2112 
-11 -16 1 -56.5471 -80.1434 5.57813 7.19524 104.658 -21.1582 104.658 2439.59 -522.672 -21.1582 -522.672 126.169 
-28 -29 0 -142.969 -149.308 1.81751 0.705908 0.417554 1.11869 0.417554 11.0231 4.29955 1.11869 4.29955 5.04177 
-11 -11 0 -59.0145 -57.883 -0.0989531 37.1192 -2.35731 6.17146 -2.35731 0.681567 -0.242954 6.17146 -0.242954 1.968 
-11 -10 0 -57.9516 -52.2632 -0.417428 1.12384 -0.590292 -0.231426 -0.590292 0.990801 -0.068575 -0.231426 -0.068575 1.38009 
-13 -17 0 -68.1459 -87.9141 -1.72867 0.439076 -0.0722152 -0.80147 -0.0722152 0.368579 0.632354 -0.80147 0.632354 14.657 
-19 -18 0 -96.7866 -94.6294 -1.32333 2.16313 -3.06517 0.180984 -3.06517 143.267 -5.46354 0.180984 -5.46354 2.41515 
-17 -11 0 -85.8628 -57.9208 -1.46457 642.501 -21.7215 -11.7192 -21.7215 1.50953 0.454567 -11.7192 0.454567 1.10989 
-15 -12 0 -76.1008 -62.3425 -0.963514 470.71 -17.787 8.32832 -17.787 1.14585 -0.290555 8.32832 -0.290555 1.013 
-14 -17 0 -73.0373 -87.2838 -2.0308 0.457165 0.154992 -0.109371 0.154992 1.17185 1.04836 -0.109371 1.04836 7.35845 
-28 -10 0 -143.186 -54.7685 -2.10211 2.34108 4.60951 0.359172 4.60951 45.5103 -0.649876 0.359172 -0.649876 2.35853 
-29 -11 0 -145.212 -57.0956 -2.1076 68.6242 -3.1543 -6.23806 -3.1543 3.14849 0.411958 -6.23806 0.411958 3.65822 
-16 -17 0 -82.4857 -87.1402 -2.41621 0.526568 0.172774 -0.374943 0.172774 0.918739 0.143356 -0.374943 0.143356 4.52211 
-18 -17 0 -92.6291 -86.5953 -2.40032 0.586723 0.1382 -0.139027 0.1382 1.63626 0.0178166 -0.139027 0.0178166 4.00685 
-19 -17 0 -97.3893 -86.2057 -2.43524 0.332645 -0.0573251 -0.0277432 -0.0573251 1.81687 -0.389625 -0.0277432 -0.389625 3.28528 
-10 -17 0 -52.5616 -86.5047 -1.91343 1.14318 -0.755857 0.320565 -0.755857 1.46979 -0.107439 0.320565 -0.107439 1.3528 
-16 -22 0 -82.5352 -113.29 0.629492 3.54008 -2.18882 -0.642767 -2.18882 2.30009 0.621398 -0.642767 0.621398 0.280935 
-16 -23 0 -83.1089 -116.407 1.05386 21.4332 14.7867 -7.04331 14.7867 13.9218 -6.03122 -7.04331 -6.03122 2.88323 
-20 -11 0 -103.906 -56.6031 -1.26168 1.79524 0.259768 -0.309781 0.259768 0.634448 -0.349097 -0.309781 -0.349097 0.691231 
-10 -14 0 -52.5535 -71.9137 -2.52888 0.559843 -0.0870809 0.0854689 -0.0870809 0.554104 0.155089 0.0854689 0.155089 0.371218 
-16 -16 0 -82.3478 -81.7103 -2.44552 0.474103 0.0695666 -0.038923 0.0695666 1.34951 0.0568522 -0.038923 0.0568522 0.696838 
-17 -16 0 -87.4853 -81.5484 -2.59535 0.45635 0.0167339 -0.0765028 0.0167339 1.18325 0.0684077 -0.0765028 0.0684077 0.809714 
-11 -16 0 -57.2456 -81.309 -1.37187 0.591999 -0.0383957 -0.0802388 -0.0383957 1.46253 -0.157349 -0.0802388 -0.157349 0.23965 
-12 -16 0 -63.0213 -81.3888 -2.46101 0.703759 0.351549 0.186424 0.351549 1.881 0.171934 0.186424 0.171934 0.666288 
-13 -16 0 -67.4259 -81.2301 -1.95923 0.505047 -0.0296389 -0.00910291 -0.0296389 1.44763 -0.147444 -0.00910291 -0.147444 0.371396 
-14 -16 0 -72.4607 -81.2693 -2.56206 0.483554 -0.159473 -0.00182269 -0.159473 1.31758 -0.0104246 -0.00182269 -0.0104246 0.814303 
-20 -17 0 -103.209 -86.8871 -2.80082 0.71129 -0.143258 -0.361553 -0.143258 0.469014 -0.0841308 -0.361553 -0.0841308 1.94803 
-28 -11 0 -143.299 -57.0914 -2.22759 1.31606 -0.194082 0.202069 -0.194082 0.795574 -0.0451347 0.202069 -0.0451347 0.787349 
-23 -12 0 -118.136 -61.5766 -4.68383 4.56034 -5.05231 8.49753 -5.05231 6.77856 -9.59338 8.49753 -9.59338 53.1036 
-21 -12 0 -106.663 -61.7943 -2.82428 0.699104 0.0417563 -0.279579 0.0417563 0.624907 -0.469735 -0.279579 -0.469735 1.02785 
-15 -16 0 -77.2451 -81.2893 -2.54493 0.608182 -0.173032 -0.0589868 -0.173032 1.3745 0.108125 -0.0589868 0.108125 0.729637 
-22 -12 0 -110.564 -61.6092 -3.56973 9.05114 0.834867 -1.18312 0.834867 0.759822 -1.04195 -1.18312 -1.04195 2.41754 
-21 -13 0 -107.467 -66.1518 -4.42142 0.72961 0.385372 -1.75929 0.385372 2.81107 -2.86847 -1.75929 -2.86847 11.376 
-22 -13 0 -114.38 -66.4604 -4.17196 5.64615 -1.49289 2.06643 -1.49289 5.03501 -2.30845 2.06643 -2.30845 2.31261 
-27 -10 -1 -137.543 -52.5173 -6.50524 1.07605 -0.750255 -16.9491 -0.750255 1.55263 22.7 -16.9491 22.7 510.3 
-24 -22 -1 -122.91 -112.205 -7.77112 1.27814 2.95753 10.2598 2.95753 11.8821 39.3052 10.2598 39.3052 137.298 
-29 -10 -1 -147.707 -52.483 -6.52093 0.498323 0.00722418 0.647073 0.00722418 0.515739 0.0183971 0.647073 0.0183971 8.82705 
-23 -22 -1 -115.427 -111.542 -8.25416 22.7866 4.63956 23.9177 4.63956 2.33265 13.1622 23.9177 13.1622 164.351 
-13 -13 0 -67.6359 -68.1644 -2.64715 0.454638 -0.212183 0.129404 -0.212183 2.92268 -1.37756 0.129404 -1.37756 1.09258 
-25 -27 -1 -125.939 -135.644 -7.37647 5.46066 -0.512608 -0.577669 -0.512608 5.04335 -0.412087 -0.577669 -0.412087 2.04065 
-28 -12 -1 -142.332 -62.5888 -6.50929 0.780463 0.256014 -11.2224 0.256014 0.649244 -8.71188 -11.2224 -8.71188 450.117 
-29 -13 -1 -147.46 -67.544 -6.57836 0.479988 -0.0232585 -2.1858 -0.0232585 0.62832 8.50321 -2.1858 8.50321 450.197 
-27 -15 -1 -137.662 -77.7601 -6.00283 0.507587 0.0382979 -0.312536 0.0382979 0.620374 -0.145693 -0.312536 -0.145693 4.62932 
-27 -16 -1 -137.836 -82.45 -6.39563 0.581357 0.000259349 -2.09386 0.000259349 0.49397 0.114329 -2.09386 0.114329 33.6621 
-21 -18 -1 -108.678 -92.4866 -5.67197 14.9343 0.430379 -2.32359 0.430379 0.575729 -0.24425 -2.32359 -0.24425 5.4727 
-28 -16 -1 -142.156 -82.6278 -6.60241 0.588592 -0.0200408 -3.33303 -0.0200408 0.487822 0.684557 -3.33303 0.684557 79.6278 
-27 -18 -1 -137.538 -92.4645 -5.97029 0.645738 0.120395 -0.647375 0.120395 0.525411 -0.0206219 -0.647375 -0.0206219 8.04956 
-29 -28 -1 -148.067 -142.278 -8.59258 0.502845 0.412829 -1.93547 0.412829 1.32557 -7.89625 -1.93547 -7.89625 126.359 
-20 -18 -1 -103.128 -94.2839 -5.95548 23.1468 49.5298 -0.172569 49.5298 115.783 0.590684 -0.172569 0.590684 2.87763 
-20 -16 0 -102.814 -81.3735 -2.86222 0.682616 -0.165593 0.0293715 -0.165593 0.857691 -0.191499 0.0293715 -0.191499 0.732026 
-10 -11 0 -51.3513 -57.2899 -1.26291 0.753615 -0.14312 0.0045586 -0.14312 0.45148 -0.104115 0.0045586 -0.104115 2.25155 
-29 -11 -1 -147.473 -57.443 -6.57439 0.506504 0.0351125 0.524464 0.0351125 0.488984 -0.390691 0.524464 -0.390691 42.0591 
-16 -23 -1 -82.3881 -115.392 -6.42112 0.420892 0.777809 0.792497 0.777809 11.7087 4.74662 0.792497 4.74662 8.50159 
-29 -19 -1 -147.113 -97.4626 -7.08467 0.554801 0.0749226 -4.97524 0.0749226 0.561644 -4.21965 -4.97524 -4.21965 243.225 
-22 -11 -1 -112.43 -57.8775 -5.50362 0.92364 -0.0684584 -4.40889 -0.0684584 0.750378 1.97214 -4.40889 1.97214 47.9092 
-18 -29 0 -93.4877 -146.837 -0.695117 35.8863 -2.41616 -1.30144 -2.41616 0.478865 0.0647825 -1.30144 0.0647825 0.23097 
-29 -21 -1 -147.506 -107.5 -7.16452 0.6573 0.122589 9.13279 0.122589 0.562055 6.34119 9.13279 6.34119 477.196 
-29 -22 -1 -147.249 -112.6 -7.0748 0.634085 -0.102965 -5.48944 -0.102965 0.598689 4.16065 -5.48944 4.16065 184.658 
-26 -23 -1 -132.467 -117.175 -7.19751 0.438608 -0.0509748 -1.09561 -0.0509748 0.597309 -2.30577 -1.09561 -2.30577 201.527 
-25 -22 -1 -128.241 -112.979 -7.47589 1.07562 0.764892 6.81963 0.764892 2.51476 13.8202 6.81963 13.8202 105.938 
-11 -17 0 -58.1111 -87.5742 -1.74733 0.677468 0.602134 -0.0509431 0.602134 1.83113 0.670305 -0.0509431 0.670305 4.8602 
-26 -18 -1 -132.777 -92.5615 -5.95774 0.55342 0.0239047 0.902753 0.0239047 0.459725 0.127254 0.902753 0.127254 14.193 
-29 -23 -1 -147.27 -117.451 -7.10606 0.839572 0.305246 -8.00266 0.305246 0.756771 -6.73997 -8.00266 -6.73997 182.612 
-27 -19 -1 -137.801 -97.6099 -6.46973 0.670461 -0.0789089 -0.300446 -0.0789089 0.584154 0.309684 -0.300446 0.309684 3.39794 
-28 -28 -1 -142.216 -142.633 -8.75755 1.05849 -0.424137 13.5494 -0.424137 0.982955 -15.5061 13.5494 -15.5061 482.172 
-26 -19 -1 -132.757 -96.7906 -6.23706 0.425103 0.0371706 0.0513136 0.0371706 0.702385 -0.750894 0.0513136 -0.750894 5.47566 
-10 -13 0 -51.8481 -67.6419 -1.81542 0.718427 -0.125599 -0.146994 -0.125599 0.523074 -0.158734 -0.146994 -0.158734 0.931402 
-20 -10 0 -104.082 -53.7336 1.81107 2.38133 -0.116776 0.0793803 -0.116776 1.47941 -0.0749033 0.0793803 -0.0749033 0.341256 
-28 -21 -1 -142.501 -107.425 -7.31126 1.04827 0.513157 15.8756 0.513157 0.990451 15.2021 15.8756 15.2021 445.241 
-17 -17 0 -87.6441 -86.6354 -2.18118 1.41962 0.627005 -2.21834 0.627005 1.59397 -1.25052 -2.21834 -1.25052 8.51061 
-19 -21 -1 -97.4086 -107.964 -8.3349 1.3086 -1.08854 -12.9776 -1.08854 1.75302 12.5435 -12.9776 12.5435 401.581 
-25 -18 -1 -127.61 -92.415 -5.8645 0.685244 0.0223658 -2.48896 0.0223658 0.43098 -0.103779 -2.48896 -0.103779 28.7185 
-17 -10 0 -87.9672 -51.718 -0.80212 51.0228 -1.29118 13.0701 -1.29118 2.67212 0.178465 13.0701 0.178465 4.95602 
-26 -21 -1 -132.861 -107.399 -7.5968 0.57847 0.22393 0.13555 0.22393 0.755298 0.828088 0.13555 0.828088 14.521 
-28 -18 0 -141.471 -91.2536 -4.81851 3.66024 0.472043 -6.76386 0.472043 2.31703 -12.284 -6.76386 -12.284 120.203 
-24 -11 -1 -122.898 -57.4504 -5.71826 0.84841 -0.562416 -12.491 -0.562416 1.4258 21.2834 -12.491 21.2834 485.936 
-27 -22 -1 -137.71 -112.467 -7.24839 0.779962 0.381548 7.42551 0.381548 1.26198 12.5567 7.42551 12.5567 204.774 
-19 -18 -1 -96.4999 -94.6882 -6.11598 1150.82 429.17 -9.99636 429.17 443.226 -14.0513 -9.99636 -14.0513 2.29647 
-25 -19 -1 -127.753 -96.7273 -6.24464 0.483868 -0.0624901 0.0483297 -0.0624901 1.20614 -2.07963 0.0483297 -2.07963 6.13277 
-28 -10 -1 -142.783 -52.465 -6.52409 0.548366 0.114118 4.7969 0.114118 0.59754 6.69863 4.7969 6.69863 416.466 
-25 -16 -1 -127.677 -82.5993 -5.92233 0.52871 -0.0312139 -0.488459 -0.0312139 0.473359 1.23852 -0.488459 1.23852 30.6502 
-29 -17 -1 -147.495 -87.8362 -6.92732 0.529515 -0.0349195 -0.0697223 -0.0349195 0.665839 -4.79987 -0.0697223 -4.79987 167.614 
-28 -26 -1 -142.525 -132.218 -8.148 0.570584 0.0776624 -2.44813 0.0776624 1.45363 -15.1079 -2.44813 -15.1079 229.295 
-29 -14 -1 -147.196 -72.6044 -6.516 0.931087 0.106559 -12.6407 0.106559 0.531663 -2.39978 -12.6407 -2.39978 373.293 
-25 -26 -1 -125.971 -134.385 -7.64133 3.35373 0.407955 -2.05324 0.407955 0.814077 0.0561641 -2.05324 0.0561641 7.21981 
-27 -28 -1 -138.865 -142.397 -8.87173 7.19583 -4.7664 51.3986 -4.7664 5.76037 -63.5016 51.3986 -63.5016 912.076 
-20 -20 -1 -102.82 -102.623 -7.63649 4.05259 -0.140814 -1.55218 -0.140814 0.469743 0.142566 -1.55218 0.142566 3.45943 
-10 -18 0 -51.6799 -90.7325 -2.02164 2.09023 -1.70971 0.419402 -1.70971 4.00872 -0.852109 0.419402 -0.852109 1.93976 
-26 -17 0 -133.83 -88.7991 -4.64411 2.55161 -0.0142049 0.0227275 -0.0142049 3.25952 4.45705 0.0227275 4.45705 34.507 
-23 -10 0 -118.234 -54.1178 -3.08029 52.7407 56.319 0.386376 56.319 278.152 -4.77468 0.386376 -4.77468 1.28354 
-29 -26 -1 -147.693 -132.191 -8.07285 0.58245 -0.193002 3.52912 -0.193002 1.64718 -15.8944 3.52912 -15.8944 209.702 
-10 -10 0 -51.7528 -51.7872 -1.54228 1.02493 0.457101 0.897668 0.457101 0.848967 0.293894 0.897668 0.293894 1.74863 
-19 -26 -1 -97.5546 -133.497 -7.2703 1.98107 -2.81608 -0.195245 -2.81608 5.28171 0.567806 -0.195245 0.567806 0.945595 
-27 -15 0 -137.858 -77.732 -4.91814 0.523769 -0.00264657 1.58729 -0.00264657 2.3313 6.15642 1.58729 6.15642 325.127 
-15 -11 0 -75.9438 -57.7516 -0.817665 497.56 -17.9414 13.0263 -17.9414 1.14869 -0.429686 13.0263 -0.429686 1.48284 
-28 -23 -1 -142.746 -117.229 -7.02497 0.627617 -0.182387 2.53048 -0.182387 0.671649 -3.54009 2.53048 -3.54009 123.973 
-27 -21 -1 -137.472 -107.557 -7.48134 0.585807 0.0867463 3.65999 0.0867463 0.468336 1.16055 3.65999 1.16055 111.63 
-26 -25 -1 -131.456 -127.08 -7.25424 628.599 -1132.88 -140.466 -1132.88 2563.52 305.675 -140.466 305.675 39.8349 
-29 -24 -1 -147.496 -122.731 -7.42152 0.585532 0.172326 -2.69874 0.172326 1.36113 -11.5555 -2.69874 -11.5555 157.86 
-28 -29 -1 -142.789 -147.271 -8.76886 14.7596 6.98734 45.1285 6.98734 3.55079 21.1992 45.1285 21.1992 179.66 
-22 -15 0 -112.537 -79.2475 -3.69845 0.669994 -0.399871 0.165982 -0.399871 3.04952 0.715771 0.165982 0.715771 1.03592 
-20 -19 -1 -102.562 -97.4869 -7.22833 23.519 -2.17981 -2.4849 -2.17981 0.70504 -0.344441 -2.4849 -0.344441 2.01359 
-12 -14 0 -62.1323 -72.0076 -0.632779 0.56139 0.0265237 -0.019165 0.0265237 0.603381 -0.0312399 -0.019165 -0.0312399 0.186448 
-29 -15 -1 -147.145 -77.4648 -6.57723 0.493447 0.0587777 -1.94268 0.0587777 0.563787 -2.00413 -1.94268 -2.00413 54.3344 
-24 -14 -1 -122.501 -72.5051 -5.71422 1.39412 -0.194249 -20.8423 -0.194249 0.519166 4.3599 -20.8423 4.3599 472.828 
-15 -10 0 -75.7733 -52.5034 -0.778175 240.116 -5.0836 4.50488 -5.0836 0.562181 -0.348648 4.50488 -0.348648 1.65195 
-25 -18 0 -126.745 -93.5278 -4.25221 4.17613 0.144583 -1.11534 0.144583 0.340283 0.683856 -1.11534 0.683856 4.70509 
-16 -14 0 -82.8511 -72.854 -3.40533 0.582529 0.0227424 0.198392 0.0227424 0.507517 0.188841 0.198392 0.188841 0.349039 
-29 -16 -1 -147.459 -82.4753 -6.71469 0.511913 0.0430891 -1.24936 0.0430891 0.569445 -2.30655 -1.24936 -2.30655 75.9204 
-29 -14 0 -145.071 -71.7371 -3.07214 1103.7 445.161 -371.996 445.161 230.91 -197.588 -371.996 -197.588 172.415 
-22 -11 0 -111.087 -58.9621 -3.64313 2.59363 0.559539 -0.539345 0.559539 3.74865 0.925042 -0.539345 0.925042 1.77644 
-18 -26 -1 -92.0311 -133.109 -7.13932 5.29961 2.41338 -9.73153 2.41338 1.89075 -3.9027 -9.73153 -3.9027 19.602 
-27 -20 -1 -137.781 -102.792 -6.705 0.594201 -0.000643802 -0.0445796 -0.000643802 0.641056 -0.372632 -0.0445796 -0.372632 1.6641 
-18 -29 -1 -94.0058 -149.359 -8.30939 116.055 9.13803 -2.175 9.13803 8.41189 1.18614 -2.175 1.18614 0.945947 
-17 -12 0 -86.045 -62.5891 -2.33853 37.916 -0.555099 6.81166 -0.555099 0.42948 -0.472247 6.81166 -0.472247 8.90869 
-24 -15 -1 -122.506 -77.501 -5.7416 1.61373 0.39333 -23.214 0.39333 0.614614 -7.98755 -23.214 -7.98755 475.479 
-24 -19 -1 -122.475 -96.7402 -6.14302 257.773 -15.0427 34.7563 -15.0427 2.34196 -4.52785 34.7563 -4.52785 10.1537 
-28 -19 -1 -142.58 -97.4898 -6.92659 0.468092 0.0329667 -1.07352 0.0329667 0.599447 -1.77603 -1.07352 -1.77603 27.9612 
-25 -11 -1 -127.623 -57.4459 -5.89071 0.719504 -0.359091 -10.3212 -0.359091 0.816169 12.6634 -10.3212 12.6634 394.66 
-29 -20 -1 -147.462 -102.451 -7.18761 0.706512 -0.152291 8.29465 -0.152291 0.531442 -4.50453 8.29465 -4.50453 296.147 
-28 -24 -1 -142.515 -122.416 -7.35922 0.513617 -0.105696 1.69861 -0.105696 1.91697 -17.9869 1.69861 -17.9869 235.711 
-10 -12 0 -52.1879 -63.1516 -1.92182 0.448449 0.0771255 -0.00633455 0.0771255 0.464205 0.0744761 -0.00633455 0.0744761 2.16959 
-21 -11 -1 -108.936 -57.924 -5.18657 2.79587 -0.0021823 -10.8985 -0.0021823 0.3835 -0.654955 -10.8985 -0.654955 101.589 
-21 -17 -1 -108.673 -87.702 -5.3418 8.32699 0.093308 -2.35868 0.093308 0.462568 -0.993765 -2.35868 -0.993765 52.3896 
-28 -20 0 -142.836 -102.08 -4.73899 124.831 -62.3858 -941.684 -62.3858 43.7845 512.172 -941.684 512.172 7621.65 
-29 -29 0 -147.901 -148.95 0.312401 1.13581 -0.510709 -0.436832 -0.510709 2.77776 0.331354 -0.436832 0.331354 0.288838 
-28 -27 -1 -142.763 -136.022 -8.35732 0.90491 0.395026 6.00544 0.395026 2.15445 -5.10783 6.00544 -5.10783 187.463 
-26 -20 -1 -133.202 -103.216 -7.13469 0.366027 -0.0539305 0.204776 -0.0539305 0.413451 -0.767656 0.204776 -0.767656 5.5022 
-27 -26 -1 -139.397 -131.441 -8.08905 20.03 -3.02612 -22.5022 -3.02612 3.61753 -31.1057 -22.5022 -31.1057 532.637 
-27 -14 -1 -137.683 -72.7517 -5.97702 0.501314 0.139015 -0.232672 0.139015 0.535998 -0.178442 -0.232672 -0.178442 4.69272 
-21 -15 -1 -109.151 -75.8415 -5.01623 4.16785 -3.23991 -29.8178 -3.23991 5.04294 36.6278 -29.8178 36.6278 1331.63 
-28 -17 -1 -142.081 -87.8898 -6.28908 0.639184 -0.0994081 -0.773785 -0.0994081 0.634217 0.618391 -0.773785 0.618391 5.99806 
-21 -15 0 -107.235 -78.0831 -4.12748 0.60158 -0.123849 -0.276444 -0.123849 0.762704 0.548263 -0.276444 0.548263 1.08491 
-27 -18 0 -136.629 -91.6233 -4.77234 2.60869 0.221753 -4.59363 0.221753 0.972529 -5.18331 -4.59363 -5.18331 55.8 
-29 -12 -1 -147.484 -62.5414 -6.58323 0.492771 -0.0245746 2.13463 -0.0245746 0.490631 -1.28398 2.13463 -1.28398 466.224 
-25 -21 -1 -128.344 -107.228 -7.77515 0.941348 -0.512744 0.876645 -0.512744 0.829776 -1.02595 0.876645 -1.02595 13.9128 
-21 -14 -1 -107.737 -72.3053 -5.07362 0.98725 -0.437455 -13.4664 -0.437455 0.739296 9.17892 -13.4664 9.17892 402.245 
-28 -22 -1 -142.644 -112.516 -7.03761 0.704463 0.201302 4.48961 0.201302 0.709681 4.65302 4.48961 4.65302 123.431 
-25 -23 -1 -127.978 -117.261 -7.00821 0.752659 0.00764874 -0.274634 0.00764874 0.46932 0.0862798 -0.274634 0.0862798 11.2778 
-22 -16 0 -111.662 -82.6914 -2.34754 0.881074 0.31861 -0.0965401 0.31861 0.700386 0.161242 -0.0965401 0.161242 0.385089 
-29 -25 -1 -147.555 -127.254 -7.74459 0.553042 -0.433455 4.90117 -0.433455 1.71715 -16.9718 4.90117 -16.9718 225.677 
-26 -27 -1 -133.654 -138.297 -7.58924 1.88581 0.174714 -1.26277 0.174714 7.41083 -0.299783 -1.26277 -0.299783 10.8546 
-28 -17 0 -141.428 -89.082 -4.78529 2.36818 -0.784478 -7.44099 -0.784478 6.29568 -16.3564 -7.44099 -16.3564 515.481 
-28 -14 -1 -142.463 -72.4728 -6.11332 0.517807 -0.0209413 0.108348 -0.0209413 0.455141 -0.361227 0.108348 -0.361227 8.03195 
-12 -12 0 -62.0514 -62.7282 1.39593 43.8564 3.62737 -2.1412 3.62737 1.92115 -0.230583 -2.1412 -0.230583 17.1575 
-22 -22 -1 -112.882 -112.991 -8.23944 1.24799 1.1159 -2.75925 1.1159 1.96074 7.59561 -2.75925 7.59561 213.394 
-18 -27 -1 -93.2544 -137.142 -6.39267 0.498032 -0.400371 -0.189922 -0.400371 38.0252 -1.87966 -0.189922 -1.87966 1.91432 
-26 -15 -1 -132.64 -77.8943 -5.77844 0.4671 -0.0125651 -0.115682 -0.0125651 0.482746 0.0625533 -0.115682 0.0625533 6.46459 
-22 -12 -1 -112.676 -62.9909 -5.34764 0.910781 -0.621286 -11.8301 -0.621286 1.57421 19.7472 -11.8301 19.7472 355.105 
-26 -16 -1 -132.382 -82.6869 -6.03923 0.500095 -0.00220019 -0.54624 -0.00220019 0.51221 0.505286 -0.54624 0.505286 11.3579 
-24 -20 -1 -122.984 -104.726 -8.04301 0.568225 1.64767 4.48842 1.64767 169.082 -113.508 4.48842 -113.508 200.582 
-29 -27 -1 -148.26 -137.345 -8.26356 1.0292 -0.386193 10.5044 -0.386193 0.559837 -5.53697 10.5044 -5.53697 224.865 
-27 -14 0 -137.363 -72.6608 -3.9382 0.663855 0.203013 -0.118482 0.203013 0.804854 0.215403 -0.118482 0.215403 0.308074 
-26 -24 -1 -132.145 -121.563 -7.45263 3.29516 1.01934 10.1137 1.01934 5.00803 -32.9426 10.1137 -32.9426 343.186 
-28 -20 -1 -142.16 -102.398 -6.91414 0.45038 0.0898458 -0.320517 0.0898458 0.618684 -0.643543 -0.320517 -0.643543 3.49116 
-21 -10 -1 -108.911 -52.4317 -5.15996 14.7242 0.055867 -72.2849 0.055867 0.460769 -0.0598405 -72.2849 -0.0598405 448.202 
-27 -13 -1 -137.544 -67.8083 -6.17632 0.563482 -0.134194 -1.14726 -0.134194 0.690992 1.96411 -1.14726 1.96411 17.1915 
-23 -18 0 -117.415 -90.4327 -3.90034 2.1223 -1.59457 0.221172 -1.59457 10.6133 -0.507171 0.221172 -0.507171 2.09026 
-28 -25 -1 -143.197 -127.176 -7.72034 0.739771 -0.385547 3.02869 -0.385547 2.42735 -21.9439 3.02869 -21.9439 246.077 
-13 -15 0 -67.3793 -77.6549 -0.554247 0.52087 -0.0387937 -0.0184209 -0.0387937 0.515927 -0.00792669 -0.0184209 -0.00792669 0.205543 
-15 -26 -1 -79.1389 -132.084 -7.08902 97.5273 -43.2431 83.1005 -43.2431 22.0044 -34.2651 83.1005 -34.2651 83.1658 
-28 -15 -1 -142.215 -77.6769 -6.19396 0.547659 0.0430453 -0.443036 0.0430453 0.498756 -0.164481 -0.443036 -0.164481 5.68017 
-11 -13 0 -58.2609 -68.4059 -0.827022 0.764338 0.095688 0.218765 0.095688 0.387348 0.013786 0.218765 0.013786 0.408389 
-27 -24 -1 -137.934 -121.96 -7.36208 0.698079 -0.563579 5.8455 -0.563579 2.06418 -17.9262 5.8455 -17.9262 243.018 
-15 -17 0 -77.6169 -86.8826 -2.16756 0.709323 -0.00107884 -0.0224825 -0.00107884 0.963677 0.325201 -0.0224825 0.325201 5.31013 
-25 -13 -1 -127.656 -67.3779 -5.93871 0.562264 0.0107071 -3.56758 0.0107071 0.537844 3.43357 -3.56758 3.43357 183.702 
-21 -16 -1 -109.039 -83.3719 -5.14972 2.10715 -0.0979916 2.96193 -0.0979916 3.12071 -33.0247 2.96193 -33.0247 573.176 
-25 -16 0 -128.41 -84.5189 -4.67322 210.351 -133.588 -104.297 -133.588 145.991 80.925 -104.297 80.925 68.6711 
-18 -20 -1 -92.3903 -102.801 -6.64656 5.46939 1.89901 12.1127 1.89901 1.08033 1.9191 12.1127 1.9191 119.433 
-11 -12 0 -58.8138 -62.4536 -0.599513 2.12431 0.0958792 0.700111 0.0958792 0.515604 -0.130979 0.700111 -0.130979 1.48476 
-27 -23 -1 -137.487 -117.315 -7.13706 0.48561 -0.0925811 -0.294977 -0.0925811 0.598022 -2.93612 -0.294977 -2.93612 222.405 
-25 -24 -1 -128.877 -120.974 -7.20625 19.1411 -0.650582 9.23454 -0.650582 3.39256 -9.39298 9.23454 -9.39298 40.6256 
-27 -17 0 -136.418 -89.1311 -4.68782 2.2569 -2.11492 -6.37552 -2.11492 9.59621 20.125 -6.37552 20.125 67.3238 
-20 -21 -1 -102.62 -106.569 -8.24963 1.62184 0.796236 -1.11155 0.796236 1.03475 -1.35077 -1.11155 -1.35077 5.89171 
-12 -15 0 -63.5497 -77.7596 -2.3127 0.74262 -0.0301167 0.235815 -0.0301167 0.390694 0.00450254 0.235815 0.00450254 0.285932 
-10 -16 0 -52.8647 -82.0511 -1.18435 0.641903 0.149348 0.160849 0.149348 0.784037 -0.108097 0.160849 -0.108097 0.283203 
-25 -15 -1 -127.817 -77.576 -5.71336 0.470183 -0.0760535 1.00697 -0.0760535 0.547792 -1.68989 1.00697 -1.68989 32.6977 
-26 -14 -1 -132.352 -72.8104 -5.80214 0.468633 0.0348067 0.123415 0.0348067 0.59455 -0.0317524 0.123415 -0.0317524 6.6769 
-26 -22 -1 -132.51 -112.618 -7.36982 0.614232 0.386381 5.21924 0.386381 2.05881 18.3342 5.21924 18.3342 227.332 
-17 -14 0 -87.1216 -73.3868 -1.60103 0.577483 -0.0166954 -0.0697963 -0.0166954 0.610534 0.173422 -0.0697963 0.173422 0.191116 
-25 -14 -1 -127.75 -72.5199 -5.65378 0.444354 0.000668873 0.108524 0.000668873 0.491957 0.110774 0.108524 0.110774 28.526 
-29 -15 0 -145.154 -77.0519 -3.50208 50.8481 12.2223 5.04503 12.2223 13.7936 2.01677 5.04503 2.01677 6.65872 
-26 -13 -1 -132.555 -67.4562 -5.98047 0.499423 -0.068052 -0.187702 -0.068052 0.818299 2.1527 -0.187702 2.1527 17.2597 
-25 -20 -1 -127.075 -103.844 -7.55605 0.924949 -0.757814 2.2137 -0.757814 5.50731 -2.83966 2.2137 -2.83966 10.5474 
-25 -12 -1 -127.756 -62.7142 -5.92166 0.95651 0.465956 -14.2831 0.465956 1.04953 -15.7083 -14.2831 -15.7083 436.495 
-28 -11 -1 -142.698 -57.4738 -6.3813 0.434135 -0.0125291 -0.246894 -0.0125291 0.468389 -0.210859 -0.246894 -0.210859 28.196 
-24 -13 -1 -122.46 -67.4843 -5.749 2.15441 0.0403214 -27.887 0.0403214 0.488803 -0.731145 -27.887 -0.731145 460.088 
-27 -11 -1 -137.534 -57.4999 -6.27357 1.49606 -0.654683 -20.8848 -0.654683 0.843039 13.1791 -20.8848 13.1791 433.809 
-16 -13 0 -82.5864 -67.9155 -3.57861 0.512968 0.156177 -0.633658 0.156177 1.95077 -4.76623 -0.633658 -4.76623 16.1006 
-26 -11 -1 -132.498 -57.6543 -6.04019 1.35629 -0.802428 -19.4305 -0.802428 1.24975 18.9402 -19.4305 18.9402 452.499 
-18 -13 0 -92.5984 -67.8343 -3.28037 0.515194 -0.16943 0.164672 -0.16943 2.38873 -2.66294 0.164672 -2.66294 4.2787 
-21 -11 0 -107.423 -58.3012 -3.14113 0.628708 -0.165137 -0.330442 -0.165137 0.570328 0.201639 -0.330442 0.201639 0.903188 
-26 -10 -1 -132.564 -52.3489 -6.30944 1.06125 -0.773174 -16.1623 -0.773174 1.34112 18.6964 -16.1623 18.6964 403.809 
-20 -18 0 -102.963 -93.866 -2.2064 1.92897 0.434269 -0.21039 0.434269 0.561499 0.120444 -0.21039 0.120444 0.462578 
-25 -10 -1 -127.561 -52.4183 -6.13495 0.916123 -0.711381 -14.4417 -0.711381 1.59538 22.1496 -14.4417 22.1496 454.292 
-16 -15 0 -83.2419 -77.0932 -2.16176 0.656572 0.0998376 0.221534 0.0998376 0.632645 -0.0543663 0.221534 -0.0543663 0.2937 
-26 -17 -1 -132.632 -87.7427 -6.03056 0.471192 -0.0242789 0.257982 -0.0242789 0.619515 0.834478 0.257982 0.834478 12.1014 
-29 -29 -1 -146.784 -148.126 -7.87451 1.6706 -2.9259 -0.40594 -2.9259 7.35581 0.0625618 -0.40594 0.0625618 0.875953 
-28 -18 -1 -142.344 -92.1206 -6.19424 0.634564 -0.00386388 -0.715488 -0.00386388 0.541891 -0.236564 -0.715488 -0.236564 6.06943 
-24 -10 -1 -122.768 -52.4297 -5.9845 0.721048 -0.613517 -9.30274 -0.613517 1.50166 18.383 -9.30274 18.383 377.549 
-23 -10 -1 -117.177 -51.6462 -5.99666 0.944198 -1.18582 -14.6149 -1.18582 3.12391 30.9024 -14.6149 30.9024 383.77 
-24 -17 -1 -122.455 -87.3741 -5.588 0.807997 0.0714348 -7.69329 0.0714348 0.513589 -2.50359 -7.69329 -2.50359 178.1 
-23 -17 -1 -118.837 -86.5679 -5.45333 1.41243 0.417245 -8.12642 0.417245 0.657273 -6.55137 -8.12642 -6.55137 127.512 
-29 -18 -1 -147.608 -92.39 -7.00574 0.487698 0.0198996 -0.620154 0.0198996 0.505742 -0.446388 -0.620154 -0.446388 57.0437 
-22 -17 -1 -111.51 -86.124 -5.24668 4.1992 1.73764 -8.18019 1.73764 2.69908 -1.89869 -8.18019 -1.89869 51.3883 
-12 -13 0 -62.6349 -68.6518 0.0299177 0.680374 0.239368 -0.0982092 0.239368 1.35504 -0.0423282 -0.0982092 -0.0423282 0.15925 
-24 -16 -1 -122.394 -82.594 -5.71811 2.40072 -0.981327 -29.1172 -0.981327 0.995428 15.0859 -29.1172 15.0859 436.795 
-25 -17 -1 -127.542 -87.4776 -5.81053 0.728151 0.00597384 -1.5542 0.00597384 0.507309 0.164933 -1.5542 0.164933 14.7557 
-23 -16 -1 -117.736 -82.3394 -5.37067 2.06032 -0.495503 -21.1871 -0.495503 0.641832 6.54423 -21.1871 6.54423 288.663 
-23 -15 -1 -117.58 -77.4521 -5.45205 2.33411 -0.212459 -29.2346 -0.212459 0.503597 3.60456 -29.2346 3.60456 471.373 
-23 -14 -1 -117.63 -72.4289 -5.4488 1.28111 0.174902 -18.7695 0.174902 0.488475 -3.3438 -18.7695 -3.3438 435.065 
-23 -13 -1 -117.648 -67.5067 -5.43423 1.40636 -0.069821 -20.734 -0.069821 0.489956 1.16736 -20.734 1.16736 464.203 
-24 -12 -1 -122.43 -62.5869 -5.6761 1.78821 0.370219 -24.0481 0.370219 0.553547 -6.29003 -24.0481 -6.29003 430.472 
-28 -13 -1 -142.432 -67.6044 -6.46741 0.532106 -0.0967981 -1.47149 -0.0967981 0.624534 3.35711 -1.47149 3.35711 61.6238 
-23 -12 -1 -117.515 -62.6468 -5.40575 0.521654 -0.122185 0.0113037 -0.122185 0.578761 -2.0217 0.0113037 -2.0217 88.1812 
-26 -14 0 -131.694 -72.5303 -4.73395 0.723017 -0.0655577 -0.346229 -0.0655577 0.762143 -0.969763 -0.346229 -0.969763 30.7942 
-23 -11 -1 -116.248 -58.8188 -5.55736 0.705688 0.204192 0.684828 0.204192 1.29955 4.94062 0.684828 4.94062 40.141 
-27 -19 0 -137.469 -98.9963 -4.88391 4.97292 -1.19083 64.7633 -1.19083 10.2055 30.0331 64.7633 30.0331 1577.17 
-22 -10 -1 -112.357 -52.3733 -5.64854 5.49623 -0.247883 -40.8113 -0.247883 0.523379 1.62534 -40.8113 1.62534 337.062 
-24 -18 -1 -122.881 -92.2998 -5.7241 0.596346 -0.108532 1.69297 -0.108532 0.532943 -1.81892 1.69297 -1.81892 79.0252 
-22 -16 -1 -112.568 -82.0336 -5.10686 1.02362 0.627591 -6.73534 0.627591 0.943421 -9.44999 -6.73534 -9.44999 238.12 
-27 -29 -1 -136.84 -145.39 -9.09151 4.50926 35.8999 -34.2837 35.8999 365.175 -334.646 -34.2837 -334.646 777.902 
-19 -16 0 -97.4702 -81.535 -2.83341 0.445251 -0.021163 -0.0552115 -0.021163 0.841752 0.109503 -0.0552115 0.109503 0.913211 
-22 -15 -1 -112.756 -77.2684 -5.13791 2.392 -1.31772 -27.9307 -1.31772 1.32681 18.4274 -27.9307 18.4274 432.549 
-20 -14 -1 -104.503 -71.3613 -5.02953 14.9666 -3.37008 16.5656 -3.37008 1.47404 -6.46824 16.5656 -6.46824 669.048 
-22 -13 -1 -112.505 -67.5087 -5.25625 0.804135 0.121292 -12.4462 0.121292 0.533686 -4.69976 -12.4462 -4.69976 482.167 
-16 -22 -1 -82.6101 -114.73 -6.59412 0.650479 1.94548 0.930714 1.94548 32.2551 3.44102 0.930714 3.44102 2.78342 
-21 -13 -1 -107.69 -67.8246 -5.12092 1.01322 0.202379 -14.6297 0.202379 0.627866 -2.62822 -14.6297 -2.62822 453.198 
-22 -14 -1 -112.514 -72.5058 -5.25893 1.24942 -0.212565 -19.0529 -0.212565 0.53361 5.30315 -19.0529 5.30315 473.068 
-20 -13 -1 -104.775 -68.932 -5.02005 39.8323 6.92518 58.4263 6.92518 3.02087 -1.30916 58.4263 -1.30916 1672.19 
-20 -12 0 -103.603 -62.6154 -2.23209 1.98557 1.28675 -1.63027 1.28675 1.56389 -1.39567 -1.63027 -1.39567 2.77263 
-18 -27 0 -93.9007 -137.063 -4.10542 0.671236 -1.05734 -0.957177 -1.05734 33.7294 1.90983 -0.957177 1.90983 7.58049 
-21 -16 0 -108.318 -82.5226 -2.25376 0.556228 -0.185346 0.0435333 -0.185346 0.565998 0.126918 0.0435333 0.126918 0.364546 
-21 -12 -1 -108.715 -62.7672 -5.19028 3.04994 -0.467791 -16.6003 -0.467791 0.435399 4.55855 -16.6003 4.55855 188.852 
-27 -20 0 -137.769 -102.271 -4.85538 5.58653 1.63643 37.6885 1.63643 1.37345 5.6685 37.6885 5.6685 704.943 
-19 -14 0 -97.8034 -72.2968 -4.28856 0.586065 -0.0490146 0.261894 -0.0490146 0.453757 -0.330067 0.261894 -0.330067 2.47362 
-20 -13 0 -101.905 -67.2545 -2.72812 0.991327 0.246074 -0.542904 0.246074 0.918804 -0.3796 -0.542904 -0.3796 0.992276 
-18 -15 0 -91.9886 -77.6551 -2.81309 0.823156 -0.159041 -0.330773 -0.159041 0.492647 0.0192894 -0.330773 0.0192894 0.431492 
-25 -19 0 -126.561 -95.351 -3.62436 35.3472 -0.660101 1.593 -0.660101 10.3453 3.44618 1.593 3.44618 4.87374 
-28 -15 0 -143.822 -77.0935 -2.87094 3.021 0.653521 0.0467227 0.653521 1.50757 0.064408 0.0467227 0.064408 1.02516 
-20 -19 0 -102.196 -95.147 -2.3132 28.8063 39.3959 1.48481 39.3959 173.639 0.582293 1.48481 0.582293 0.434172 
-21 -18 0 -108.415 -92.6449 -2.41445 1.81812 0.449719 -0.20251 0.449719 0.646623 0.0366725 -0.20251 0.0366725 0.559806 
-26 -18 0 -133.88 -93.5606 -1.09305 11.2255 -1.52052 0.182933 -1.52052 1.10186 0.255149 0.182933 0.255149 0.248719 
-23 -17 0 -117.416 -89.1388 -3.54726 1.60675 0.153044 -0.0418545 0.153044 3.54159 -0.3088 -0.0418545 -0.3088 1.86633 
-21 -17 0 -108.61 -86.6315 -1.94969 0.79056 -0.0847582 0.137679 -0.0847582 0.690474 -0.158656 0.137679 -0.158656 0.31077 
-22 -17 0 -111.084 -85.9144 -1.77388 2.95399 1.00893 -0.412259 1.00893 3.00585 -0.34705 -0.412259 -0.34705 0.288925 
-26 -16 0 -132.173 -83.5945 -4.75618 3.66987 10.3094 0.669131 10.3094 36.2232 8.50793 0.669131 8.50793 29.4595 
-21 -10 0 -106.649 -52.3498 -1.33043 3.2963 1.51053 -0.754374 1.51053 1.24573 -0.378326 -0.754374 -0.378326 0.387301 
-23 -16 0 -115.446 -81.4061 -4.03367 32.328 -13.1828 1.48289 -13.1828 7.26584 -2.28426 1.48289 -2.28426 3.14318 
-18 -16 0 -92.5431 -81.2722 -2.81539 0.676697 0.109056 0.0516823 0.109056 1.00442 0.114282 0.0516823 0.114282 0.944999 
-20 -15 0 -102.259 -78.0601 -3.96685 0.437863 -0.0306619 -0.0280393 -0.0306619 0.7855 0.547062 -0.0280393 0.547062 1.28704 
-27 -12 -1 -137.584 -62.5259 -6.29885 1.42471 0.692577 -20.3729 0.692577 1.0046 -15.364 -20.3729 -15.364 434.566 
-15 -13 0 -77.1464 -67.8812 -2.58624 0.63289 0.412493 -0.598691 0.412493 2.00587 -1.63707 -0.598691 -1.63707 2.11034 
-19 -15 0 -97.9589 -77.5982 -4.09726 0.662574 -0.0167414 0.569732 -0.0167414 0.55726 0.342154 0.569732 0.342154 3.52206 
-26 -15 0 -131.613 -77.4633 -4.88147 1.29443 -0.876067 -7.12526 -0.876067 1.5689 7.56745 -7.12526 7.56745 190.472 
-25 -15 0 -127.392 -77.1266 -2.34542 1.37016 0.239026 -0.185424 0.239026 1.75088 -0.133621 -0.185424 -0.133621 1.03473 
-17 -15 0 -87.474 -77.0934 -0.523217 0.569455 -0.0229313 0.0276586 -0.0229313 0.635483 -0.0193143 0.0276586 -0.0193143 0.185203 
-15 -15 0 -77.353 -78.2527 -3.06129 0.439469 -0.0228154 -0.0940168 -0.0228154 0.890745 0.523312 -0.0940168 0.523312 1.02486 
-14 -15 0 -72.2142 -78.017 -2.36752 0.513169 -0.130615 -0.169738 -0.130615 0.637507 0.121043 -0.169738 0.121043 0.42087 
-11 -15 0 -57.031 -77.795 0.366916 0.65116 0.00242044 -0.0486488 0.00242044 0.556334 -0.0252896 -0.0486488 -0.0252896 0.161397 
-27 -17 -1 -137.759 -87.8126 -6.0929 0.507479 -0.0945068 -0.511323 -0.0945068 0.697507 0.86659 -0.511323 0.86659 6.12492 
-28 -14 0 -143.814 -71.9235 -3.23176 2.70818 -0.337225 -0.198144 -0.337225 1.13017 -0.219805 -0.198144 -0.219805 1.91028 
-21 -14 0 -105.955 -73.6177 -4.97609 4.00102 -1.50577 -20.9213 -1.50577 1.44148 12.0247 -20.9213 12.0247 736.604 
-10 -15 0 -53.4151 -77.8293 -0.162022 0.832343 0.124476 0.192092 0.124476 0.490929 0.024831 0.192092 0.024831 0.190404 
-25 -17 0 -126.825 -87.8642 -4.70682 2.73656 0.366099 -2.17686 0.366099 0.61203 -0.931361 -2.17686 -0.931361 20.315 
-20 -14 0 -102.112 -72.6886 -4.46397 0.604277 -0.0384513 -0.308694 -0.0384513 0.474243 0.291025 -0.308694 0.291025 1.62613 
-18 -14 0 -92.3557 -72.7578 -4.07854 0.524468 0.0160934 -0.253067 0.0160934 0.435966 0.220128 -0.253067 0.220128 0.724144 
-15 -14 0 -77.438 -72.4469 -4.52175 0.479092 -0.0590027 0.539809 -0.0590027 0.532937 -3.35625 0.539809 -3.35625 116.26 
-26 -12 -1 -132.289 -62.3944 -6.0627 1.26584 0.60868 -17.5621 0.60868 0.96 -13.7088 -17.5621 -13.7088 406.458 
-13 -14 0 -67.1311 -73.261 -1.88943 0.560846 -0.0310845 -0.0879772 -0.0310845 0.638029 0.20462 -0.0879772 0.20462 0.201626 
-11 -14 0 -57.9821 -72.1914 -0.635507 0.587896 0.0651962 0.0712593 0.0651962 0.511111 0.00753079 0.0712593 0.00753079 0.166491 
-19 -13 0 -97.7762 -67.5408 -2.72649 0.704818 -0.044069 0.210513 -0.044069 0.778184 -0.371396 0.210513 -0.371396 1.03875 
-25 -14 0 -127.702 -72.2997 -2.53133 1.84827 -0.388863 -0.892085 -0.388863 2.13594 0.337144 -0.892085 0.337144 1.15086 
-14 -14 0 -72.6775 -71.9346 -4.17997 0.571439 -0.0472933 0.423875 -0.0472933 0.940388 -1.78763 0.423875 -1.78763 7.5137 
-17 -13 0 -87.5595 -67.8266 -3.55358 0.502993 -0.0563116 0.125439 -0.0563116 1.96536 -3.00618 0.125439 -3.00618 6.2594 
-27 -25 -1 -137.97 -127.553 -7.84305 1.06794 -0.938076 1.67841 -0.938076 2.36407 -15.4898 1.67841 -15.4898 167.994 
-14 -13 0 -72.605 -68.1738 -2.23621 0.484978 0.182888 -0.0281139 0.182888 3.20953 -1.89824 -0.0281139 -1.89824 1.60984 
