-27 12 0 -136.794 64.7037 -3.00785 2.50123 -0.352504 -1.21234 -0.352504 13.8803 -2.70787 -1.21234 -2.70787 1.83576 
-12 11 0 -62.3626 59.5723 -1.91361 3.85926 -5.05648 0.579464 -5.05648 28.5884 -4.33485 0.579464 -4.33485 1.71866 
-15 10 0 -77.4558 53.9234 -4.37011 3.45533 -1.86411 -48.056 -1.86411 3.80368 26.0322 -48.056 26.0322 1167.61 
-12 12 0 -62.2607 60.3163 -1.53582 4.08761 -3.27734 -0.466588 -3.27734 29.2043 6.77545 -0.466588 6.77545 2.55551 
-27 13 0 -137.406 65.424 -3.24235 8.75173 40.0383 3.18124 40.0383 243.056 31.17 3.18124 31.17 6.27897 
-25 12 0 -127.986 63.9581 -4.21497 15.9084 -45.7095 13.7916 -45.7095 145.578 -112.298 13.7916 -112.298 727.143 
-13 11 0 -67.1822 59.1283 -2.0869 2.91736 -2.15565 0.853147 -2.15565 5.4894 -1.45974 0.853147 -1.45974 1.10341 
-11 12 0 -59.0106 64.6741 -2.98369 302.017 -209.462 -59.3557 -209.462 171.994 39.5696 -59.3557 39.5696 15.1663 
-13 12 0 -67.0059 60.4137 -1.76332 7.16075 6.16569 0.94182 6.16569 20.8621 3.26663 0.94182 3.26663 2.19513 
-10 13 0 -53.8138 65.2708 -2.57679 27.1252 -12.3147 5.21427 -12.3147 25.2248 3.37896 5.21427 3.37896 12.1743 
