-45 6 1 -227.65 32.0013 5.83463 0.775524 0.372277 0.454579 0.372277 0.741618 0.179314 0.454579 0.179314 2.31468 
-46 6 1 -231.68 32.1482 5.49011 0.523865 0.0176714 0.42307 0.0176714 0.737272 0.632902 0.42307 0.632902 8.04134 
-49 6 1 -246.547 31.4981 6.10405 0.958138 -0.222061 0.14245 -0.222061 0.969304 0.276344 0.14245 0.276344 2.08385 
-47 6 1 -237.557 31.9173 5.74381 0.44777 0.00987201 -0.0109053 0.00987201 0.39687 0.0228241 -0.0109053 0.0228241 2.14385 
-48 6 1 -241.845 32.1184 5.70425 0.539843 -0.0506548 -0.114622 -0.0506548 0.385309 0.175081 -0.114622 0.175081 3.6245 
-36 5 1 -182.286 25.4762 5.37522 6.38685 2.23979 -6.8923 2.23979 9.55749 0.426769 -6.8923 0.426769 13.4875 
-45 4 1 -228.882 22.3118 5.43187 277.216 245.381 -156.804 245.381 226.992 -154.505 -156.804 -154.505 116.711 
-48 0 1 -240.822 -4.02593 5.5584 14.5939 4.14103 -6.09236 4.14103 3.33229 -1.37148 -6.09236 -1.37148 7.7465 
-46 -2 1 -233.944 -14.0622 6.51165 2.80907 0.971492 1.04085 0.971492 2.56768 0.789548 1.04085 0.789548 1.25786 
-48 -2 1 -240.575 -14.0417 5.91941 17.3978 -1.05453 3.80148 -1.05453 2.16611 1.09982 3.80148 1.09982 4.19649 
-47 -4 1 -239.188 -22.571 5.54867 2.08839 0.25343 -0.760849 0.25343 0.385735 -0.110069 -0.760849 -0.110069 9.14762 
-47 -7 1 -238.462 -39.1789 5.60575 5.88139 -5.02369 2.95969 -5.02369 10.9953 -9.96269 2.95969 -9.96269 20.929 
-48 -7 1 -242.67 -38.5712 5.52794 0.585197 0.183062 -0.576662 0.183062 1.12039 -0.561444 -0.576662 -0.561444 6.76767 
-39 -9 0 -195.152 -46.6698 4.30344 423.943 -18.5465 -13.2266 -18.5465 1.35052 1.22548 -13.2266 1.22548 4.52912 
-33 -3 0 -167.096 -16.6701 3.94164 1.48776 0.184517 2.7046 0.184517 0.642506 0.393468 2.7046 0.393468 6.69176 
-36 -9 0 -182.505 -46.4118 2.94412 2.06677 3.21081 1.17449 3.21081 11.562 -5.70564 1.17449 -5.70564 16.9406 
-33 -4 0 -166.349 -21.2074 1.87993 5.70714 -12.4737 10.4692 -12.4737 33.7435 -27.7852 10.4692 -27.7852 24.1564 
-37 -8 0 -187.485 -43.1427 2.56234 0.997227 3.18611 0.745294 3.18611 36.6567 9.80014 0.745294 9.80014 4.24864 
-37 4 0 -185.274 24.1325 0.75436 22.942 1.1351 -0.660186 1.1351 7.91767 1.428 -0.660186 1.428 3.0291 
-37 -9 0 -187.711 -47.9716 0.465231 7.25886 -0.0120834 0.855014 -0.0120834 0.600812 -0.0390362 0.855014 -0.0390362 0.801279 
-32 -6 0 -161.208 -31.9686 -0.658437 3.5082 -0.918887 -16.9154 -0.918887 0.738814 5.24368 -16.9154 5.24368 93.7565 
-39 7 0 -195.762 38.9404 0.875963 5.06709 1.44281 0.0357974 1.44281 2.85004 -0.156851 0.0357974 -0.156851 0.33465 
-49 -4 1 -246.356 -21.1279 5.5196 15.1531 -3.12067 14.8723 -3.12067 1.57115 -3.98952 14.8723 -3.98952 20.6292 
-34 6 0 -170.09 31.0751 -1.23611 340.086 -0.717556 -27.3871 -0.717556 0.77109 0.0356104 -27.3871 0.0356104 11.0341 
-41 -3 0 -207.221 -17.4441 -1.4943 528.435 -108.346 -296.07 -108.346 36.5806 81.8896 -296.07 81.8896 203.149 
-36 -4 0 -183.029 -24.9587 -1.05357 1.84134 -21.8448 2.32465 -21.8448 673.71 -25.845 2.32465 -25.845 6.49958 
-37 -4 0 -188.138 -24.8822 -1.00069 0.992014 10.9296 -0.650627 10.9296 430.357 4.62424 -0.650627 4.62424 8.15994 
-47 -8 1 -239.166 -41.6463 5.49893 238.51 -17.1966 -1.58249 -17.1966 1.99545 1.21118 -1.58249 1.21118 4.31308 
-38 -4 0 -192.696 -24.7379 -1.05802 0.927279 14.4153 -1.85808 14.4153 422.636 -47.7957 -1.85808 -47.7957 13.7576 
-37 -7 0 -187.705 -39.2808 1.39462 1.09509 17.0062 0.591784 17.0062 451.748 2.38594 0.591784 2.38594 137.817 
-37 -5 0 -186.784 -25.3652 -1.39151 0.866667 -0.996372 -0.73437 -0.996372 3.14995 1.50026 -0.73437 1.50026 16.1687 
-38 -5 0 -193.377 -26.6493 -1.10628 0.361311 1.90131 2.97247 1.90131 55.1081 100.508 2.97247 100.508 189.354 
-47 9 0 -237.567 45.0969 -1.81125 57.8895 391.592 8.59447 391.592 5528.18 55.555 8.59447 55.555 6.99764 
-38 7 0 -193.525 39.069 1.14234 1.39248 -0.125174 0.0630973 -0.125174 2.47611 -0.136995 0.0630973 -0.136995 0.362196 
-44 -1 0 -221.064 -5.34999 -1.63035 1.63852 0.109624 -0.200743 0.109624 1.60681 2.2555 -0.200743 2.2555 10.3525 
-49 -8 0 -246.863 -42.2885 0.579062 1.02068 0.00128356 -0.114434 0.00128356 0.488648 -0.0401418 -0.114434 -0.0401418 0.412052 
-49 -9 0 -246.772 -46.3586 0.36118 1.31346 0.512077 0.0413866 0.512077 1.11549 -0.146108 0.0413866 -0.146108 0.406914 
-35 4 0 -178.763 23.7719 0.664872 0.475898 -0.374702 0.116244 -0.374702 1.58333 -0.184682 0.116244 -0.184682 0.368454 
-43 -1 0 -216.986 -5.66802 -1.8595 0.733227 0.578636 0.994765 0.578636 1.52918 0.927509 0.994765 0.927509 6.51948 
-42 -2 0 -211.637 -12.0867 -1.51787 3.39451 0.974082 -3.32964 0.974082 1.23584 -2.40756 -3.32964 -2.40756 7.67956 
-39 -3 0 -197.178 -18.5121 -2.64405 1.15795 17.2295 2.66097 17.2295 457.102 11.7828 2.66097 11.7828 99.5502 
-46 -4 0 -234.447 -23.0586 -1.49782 6.54286 -0.682345 0.58203 -0.682345 1.12761 -0.209544 0.58203 -0.209544 0.741946 
-36 -5 0 -182.112 -25.1257 -1.04325 1.1283 16.9407 -0.454621 16.9407 453.666 -25.8767 -0.454621 -25.8767 8.62485 
-48 -9 0 -242.527 -47.2549 -0.241781 0.496055 0.123246 0.0120446 0.123246 0.581496 -0.0195485 0.0120446 -0.0195485 0.454818 
-48 5 0 -242.418 28.5763 0.577668 0.439347 0.0948383 0.00295342 0.0948383 1.56592 -0.176109 0.00295342 -0.176109 0.25305 
-31 5 0 -158.258 27.8412 -2.12329 1.79233 -0.895588 0.0736188 -0.895588 0.678298 -0.0492522 0.0736188 -0.0492522 2.37634 
-32 5 0 -162.404 26.1192 -1.31532 0.636524 0.260892 -0.0861989 0.260892 0.944979 -0.12936 -0.0861989 -0.12936 0.516235 
-33 4 0 -168.963 24.1733 0.404738 0.743603 -0.336312 0.228447 -0.336312 2.31017 0.00937585 0.228447 0.00937585 0.41471 
-31 4 0 -159.393 23.7141 -1.92617 6.03348 -0.41984 0.722271 -0.41984 1.66812 0.265165 0.722271 0.265165 2.14845 
-40 -1 0 -201.864 -7.19062 -1.11941 0.636303 0.237822 -0.138568 0.237822 1.19991 0.479856 -0.138568 0.479856 0.847531 
-41 -1 0 -207.316 -6.68979 -1.75383 0.518313 -0.0617589 0.0603254 -0.0617589 0.812767 0.425644 0.0603254 0.425644 2.31259 
-39 -2 0 -199.931 -11.648 -2.07922 967.699 -28.419 -20.0805 -28.419 2.16728 1.26288 -20.0805 1.26288 2.63259 
-40 -2 0 -201.365 -12.7493 -1.60115 0.649536 0.270219 0.612109 0.270219 0.686474 -0.266742 0.612109 -0.266742 3.00262 
-40 -3 0 -200.929 -17.2474 -1.74658 0.641108 0.211165 0.695501 0.211165 0.6229 0.388987 0.695501 0.388987 2.68202 
-46 -7 0 -232.144 -36.3514 -0.739718 0.45533 0.18955 -0.30834 0.18955 1.17608 -0.298455 -0.30834 -0.298455 0.52189 
-47 -9 0 -238.661 -46.8343 -0.205355 1.26897 -0.157579 -0.113438 -0.157579 0.651514 -0.0284612 -0.113438 -0.0284612 0.401452 
-32 5 -1 -162.728 27.2758 -5.30903 0.465887 -0.0450843 2.02111 -0.0450843 0.802083 -11.3499 2.02111 -11.3499 456.194 
-44 4 0 -224.357 23.2678 0.534126 4.87616 -0.839465 0.222515 -0.839465 0.866382 0.165388 0.222515 0.165388 0.408811 
-33 5 -1 -167.393 27.0277 -5.301 0.485449 0.0410267 -1.66882 0.0410267 1.37477 -19.325 -1.66882 -19.325 471.923 
-30 8 -1 -153.935 43.8102 -5.02962 5.09469 -3.13511 -5.20378 -3.13511 3.23737 -4.74615 -5.20378 -4.74615 839.125 
-34 5 -1 -172.477 27.2318 -5.31675 0.510453 0.105947 -3.54502 0.105947 1.11375 -16.5913 -3.54502 -16.5913 478.617 
-49 -8 -1 -247.581 -41.9807 -6.73748 0.585973 0.0459116 -4.04228 0.0459116 0.555486 -2.44619 -4.04228 -2.44619 521.813 
-39 6 -1 -197.395 32.412 -5.26418 0.575446 -0.0495448 0.749351 -0.0495448 0.765494 -11.5523 0.749351 -11.5523 473.238 
-35 5 -1 -177.542 27.3247 -5.31909 0.502532 0.167231 -3.13712 0.167231 2.19439 -28.0533 -3.13712 -28.0533 465.131 
-36 5 -1 -182.528 27.1861 -5.39083 0.708617 0.598305 -9.50639 0.598305 1.84132 -23.2528 -9.50639 -23.2528 402.474 
-38 5 -1 -192.588 27.3339 -5.49914 0.512126 -0.197579 2.50205 -0.197579 3.01343 -34.7893 2.50205 -34.7893 487.48 
-40 8 1 -203.692 40.9571 5.49184 8.98975 9.69079 19.988 9.69079 11.7102 24.3054 19.988 24.3054 65.9752 
-33 0 -1 -167.376 0.225299 -6.48013 0.670727 0.146287 -1.29234 0.146287 0.424901 -2.39446 -1.29234 -2.39446 18.4418 
-40 5 -1 -202.516 27.4166 -5.5116 0.468328 0.0106294 -0.0530053 0.0106294 2.59759 -22.8863 -0.0530053 -22.8863 253.143 
-42 -1 0 -211.686 -6.63679 -1.63344 0.966534 -0.100743 -0.36816 -0.100743 0.826425 0.535098 -0.36816 0.535098 3.38542 
-44 5 -1 -222.447 27.2739 -5.41042 0.541885 -1.06753 5.35571 -1.06753 17.0119 -85.7086 5.35571 -85.7086 447.882 
-46 4 -1 -232.391 22.6443 -6.12248 0.609247 0.221132 -2.87223 0.221132 0.964695 -5.69014 -2.87223 -5.69014 63.2555 
-45 5 -1 -227.498 27.3681 -5.4409 0.565702 1.17169 -5.59116 1.17169 20.8881 -98.2881 -5.59116 -98.2881 475.527 
-34 8 -1 -173.659 41.2915 -5.03507 5.60933 4.28532 -5.1407 4.28532 4.1733 -10.4971 -5.1407 -10.4971 500.808 
-32 3 -1 -162.482 17.5591 -5.73058 0.482578 0.0457062 -1.10938 0.0457062 0.658391 -4.04946 -1.10938 -4.04946 95.2743 
-31 -5 0 -158.267 -27.2481 -2.07963 2.84732 0.267624 0.666132 0.267624 0.602787 0.0181266 0.666132 0.0181266 0.693196 
-31 5 -1 -157.396 27.3262 -5.28602 0.499142 0.0209927 -2.97216 0.0209927 0.74572 -10.772 -2.97216 -10.772 414.96 
-37 -3 0 -187.624 -18.8664 -3.13166 1.56856 19.5706 0.0740043 19.5706 459.046 -17.1611 0.0740043 -17.1611 3.48588 
-48 -8 1 -243.061 -41.5701 5.4719 0.950066 -0.263182 -0.426634 -0.263182 0.719438 -0.472183 -0.426634 -0.472183 7.47081 
-31 2 -1 -157.398 12.5156 -5.5662 0.487724 0.000382311 -0.562656 0.000382311 0.579158 0.0939828 -0.562656 0.0939828 22.7998 
-35 -1 -1 -178.14 -7.38922 -6.45089 1.61627 -0.337544 1.10852 -0.337544 0.534485 -0.118654 1.10852 -0.118654 2.5486 
-43 6 1 -218.764 34.4956 5.49048 6.51909 3.45394 -2.29097 3.45394 13.1049 -6.90067 -2.29097 -6.90067 12.6207 
-44 2 -1 -222.712 12.4389 -6.13421 0.525722 0.0178137 1.17058 0.0178137 0.478253 1.51846 1.17058 1.51846 41.1431 
-33 2 -1 -167.551 12.5041 -5.65271 0.472471 0.0251542 -0.0318494 0.0251542 0.56293 0.515121 -0.0318494 0.515121 17.7401 
-35 0 0 -177.98 -0.904759 -3.17432 0.753201 -0.0316637 0.0849877 -0.0316637 0.515517 -0.00931646 0.0849877 -0.00931646 0.700402 
-30 1 -1 -152.562 7.45221 -5.69376 0.568546 -5.13711e-05 4.95962 -5.13711e-05 0.48872 1.0392 4.95962 1.0392 228.614 
-33 -9 -1 -167.552 -47.8478 -6.27226 0.408642 0.019065 -0.0454771 0.019065 0.563238 0.697787 -0.0454771 0.697787 4.01179 
-46 5 -1 -232.537 27.4198 -5.5245 0.779381 2.40181 -11.6833 2.40181 19.6007 -91.949 -11.6833 -91.949 443.623 
-42 -7 0 -212.984 -35.6227 -2.79865 477.125 -26.4245 -0.319011 -26.4245 11.5132 -0.0316617 -0.319011 -0.0316617 0.479089 
-31 4 -1 -157.502 22.322 -5.48607 0.552671 0.304255 -5.38923 0.304255 1.58238 -22.0109 -5.38923 -22.0109 456.629 
-48 -5 1 -241.838 -26.8177 5.59355 9.03686 1.01091 8.69549 1.01091 0.880758 -1.63254 8.69549 -1.63254 26.3407 
-48 5 -1 -242.465 27.6111 -5.80884 1.43206 5.68171 -20.1236 5.68171 34.2399 -119.6 -20.1236 -119.6 424.341 
-36 5 0 -182.311 26.2495 0.275844 0.619577 -0.131907 0.072439 -0.131907 1.18206 -0.0205903 0.072439 -0.0205903 0.184643 
-47 2 0 -236.142 11.3961 -3.86856 8.57836 -3.28088 -2.47891 -3.28088 1.68009 1.31668 -2.47891 1.31668 2.04956 
-32 4 -1 -162.483 22.5494 -5.51506 0.571305 0.355386 -6.45021 0.355386 1.84137 -25.3049 -6.45021 -25.3049 473.53 
-30 0 -1 -152.67 0.0900456 -6.06764 0.507145 0.133632 -2.14096 0.133632 0.560777 -7.13535 -2.14096 -7.13535 114.263 
-41 4 -1 -207.465 22.31 -5.94026 0.461332 0.00415338 0.0268323 0.00415338 0.497644 0.013855 0.0268323 0.013855 24.4097 
-39 5 -1 -197.598 27.3941 -5.51533 0.527099 0.348522 -3.87085 0.348522 3.36909 -36.186 -3.87085 -36.186 463.2 
-39 3 -1 -197.596 17.5295 -6.019 0.517941 -0.0267639 0.380934 -0.0267639 0.460742 0.115381 0.380934 0.115381 27.1551 
-47 -3 -1 -237.616 -17.0783 -6.62652 0.55846 -0.397516 0.643015 -0.397516 0.781549 -0.746182 0.643015 -0.746182 3.33896 
-32 6 0 -163.841 31.9734 1.00611 1.5389 -0.0168408 0.0564299 -0.0168408 0.66521 0.0217739 0.0564299 0.0217739 0.203339 
-42 4 -1 -212.369 22.4397 -5.98809 0.489364 0.0433674 -0.841 0.0433674 0.535074 -1.15495 -0.841 -1.15495 45.9342 
-41 -8 0 -207.469 -41.323 1.04538 0.598288 0.469749 0.029405 0.469749 10.8874 0.252431 0.029405 0.252431 0.138083 
-45 1 0 -227.66 7.63885 -3.77327 0.332749 -0.0677065 0.176267 -0.0677065 0.655738 -0.18232 0.176267 -0.18232 1.61543 
-38 3 -1 -192.262 17.4953 -6.03474 0.579478 0.0119487 -4.56109 0.0119487 0.429631 1.09615 -4.56109 1.09615 421.496 
-43 0 -1 -217.422 3.55356 -5.80729 0.458342 0.148707 0.0417237 0.148707 0.974736 -0.798863 0.0417237 -0.798863 6.30543 
-49 5 -1 -247.46 27.6522 -5.92016 0.528021 0.76583 -2.41771 0.76583 17.1505 -55.9722 -2.41771 -55.9722 188.56 
-34 -7 -1 -172.373 -37.6194 -6.02481 0.731608 1.37859 -0.414849 1.37859 8.13503 -2.3322 -0.414849 -2.3322 4.0296 
-33 -7 -1 -167.372 -38.3837 -6.23024 0.525501 -0.109715 0.215773 -0.109715 2.85809 -2.56655 0.215773 -2.56655 6.01687 
-47 -3 1 -238.142 -16.4708 6.66348 0.427226 0.188512 -0.098797 0.188512 1.28549 -0.644844 -0.098797 -0.644844 0.988325 
-47 3 -1 -237.43 17.4544 -6.2891 0.473895 -0.0153537 -0.857377 -0.0153537 0.566748 1.24071 -0.857377 1.24071 21.7613 
-38 7 -1 -193.242 38.0415 -5.14649 0.574653 -0.0806683 -1.69166 -0.0806683 0.818468 -10.3894 -1.69166 -10.3894 454.901 
-38 -3 0 -192.563 -18.6543 -2.62192 1.27414 15.4378 2.09842 15.4378 288.867 11.048 2.09842 11.048 47.4874 
-34 -2 -1 -171.485 -13.279 -6.35548 2.5468 -1.47312 -1.29492 -1.47312 1.57764 1.13979 -1.29492 1.13979 2.90309 
-49 -9 -1 -247.259 -47.0281 -6.75263 0.545799 -0.100474 0.222974 -0.100474 0.382605 0.155991 0.222974 0.155991 334.601 
-37 8 -1 -188.028 41.5442 -5.05284 0.427778 -0.206736 0.506022 -0.206736 1.73871 -11.8992 0.506022 -11.8992 389.613 
-36 4 -1 -182.476 22.5676 -5.72455 0.609282 0.466006 -7.28387 0.466006 2.43737 -30.1655 -7.28387 -30.1655 462.428 
-38 1 0 -191.34 5.79807 -2.86858 1.69093 -0.594181 -0.0423988 -0.594181 4.2238 1.19209 -0.0423988 1.19209 1.26051 
-47 -6 -1 -237.117 -32.1549 -6.60334 0.552149 0.0735278 -1.30873 0.0735278 0.66435 -0.970348 -1.30873 -0.970348 17.3758 
-48 7 0 -242.628 38.8051 0.181747 0.465643 0.137365 0.0296337 0.137365 2.44405 0.141247 0.0296337 0.141247 0.186765 
-40 2 -1 -202.323 12.5723 -5.97516 0.522632 -0.0706138 -1.25243 -0.0706138 0.493057 -0.0172401 -1.25243 -0.0172401 27.5635 
-48 0 0 -241.965 -1.79477 -0.836734 0.707353 -0.195804 -0.0504498 -0.195804 0.325126 0.147592 -0.0504498 0.147592 0.276053 
-43 2 -1 -217.393 12.6477 -6.0345 0.560228 -0.0578924 -0.821452 -0.0578924 0.457251 -0.377255 -0.821452 -0.377255 15.2457 
-45 2 -1 -227.36 12.4574 -6.12856 0.525747 -0.0528506 -0.639788 -0.0528506 0.430279 0.916568 -0.639788 0.916568 29.8197 
-46 2 -1 -232.475 12.6283 -6.04137 0.506731 0.0264714 0.369828 0.0264714 0.406306 0.11038 0.369828 0.11038 10.2202 
-32 -1 0 -163.835 -8.86529 -2.81333 2.14529 0.377051 0.357681 0.377051 2.384 0.491801 0.357681 0.491801 0.48883 
-34 2 0 -172.625 13.1219 -3.62937 0.622755 -0.454617 0.354533 -0.454617 1.40035 -0.680625 0.354533 -0.680625 2.74951 
-45 8 0 -227.556 41.1075 -2.45978 0.684496 -0.462354 0.294596 -0.462354 0.727846 -0.220642 0.294596 -0.220642 0.293352 
-47 2 -1 -237.274 12.1029 -6.02662 0.52491 -0.0814796 -0.656522 -0.0814796 0.5794 1.36195 -0.656522 1.36195 13.7156 
-36 9 0 -182.411 48.5709 -4.92891 0.661194 -0.517175 4.33366 -0.517175 1.51108 -13.958 4.33366 -13.958 399.097 
-35 2 -1 -177.571 12.4932 -5.76832 0.489016 0.0240585 0.254372 0.0240585 0.553545 0.647495 0.254372 0.647495 22.2885 
-49 2 -1 -247.733 12.5333 -6.21253 0.440751 0.0371929 0.321786 0.0371929 0.487253 1.16343 0.321786 1.16343 23.4718 
-49 6 -1 -247.753 30.3173 -5.05537 0.809058 3.52686 3.74547 3.52686 62.3534 -63.6041 3.74547 -63.6041 460.455 
-39 0 -1 -197.629 -0.332457 -6.7266 0.531968 0.0529822 -0.141281 0.0529822 0.144737 -0.168079 -0.141281 -0.168079 1.09236 
-39 3 0 -196.035 19.4983 0.501361 7.46856 2.8066 -1.89252 2.8066 19.5795 0.685378 -1.89252 0.685378 0.659953 
-49 3 -1 -247.504 17.5019 -6.23606 0.534179 0.0147471 -0.0527362 0.0147471 0.544677 0.173094 -0.0527362 0.173094 9.22037 
-32 2 -1 -162.442 12.5075 -5.64084 0.500779 -0.0228342 -0.471565 -0.0228342 0.546833 0.317413 -0.471565 0.317413 24.6881 
-44 1 -1 -222.538 7.44597 -5.6464 0.498424 -0.00813335 0.52982 -0.00813335 0.531401 0.216702 0.52982 0.216702 12.0812 
-49 1 -1 -246.829 7.25163 -6.07069 0.94073 -0.0109778 -4.0594 -0.0109778 0.508926 0.973672 -4.0594 0.973672 45.5813 
-44 0 -1 -222.372 4.25058 -5.65677 1.18933 2.79097 -0.262344 2.79097 11.7309 -0.828567 -0.262344 -0.828567 8.66071 
-42 1 -1 -212.648 7.31536 -5.87912 0.462902 0.0144264 0.362929 0.0144264 0.481408 0.914713 0.362929 0.914713 16.1355 
-47 0 1 -239.095 -3.68799 5.72801 7.08456 1.74424 2.92613 1.74424 2.20194 0.946214 2.92613 0.946214 7.22349 
-49 4 -1 -247.711 22.5614 -6.39113 0.569378 -0.0332471 1.13364 -0.0332471 0.563787 -0.0243034 1.13364 -0.0243034 15.3488 
-42 5 -1 -212.48 27.4664 -5.42381 0.457881 0.0165381 -0.0948034 0.0165381 11.4109 -69.817 -0.0948034 -69.817 446.854 
-39 1 -1 -197.629 7.37264 -5.94371 0.672405 -0.0474318 2.12907 -0.0474318 0.531367 0.195392 2.12907 0.195392 35.8452 
-48 -1 -1 -243.209 -7.42904 -6.20947 0.77027 -0.12321 0.667661 -0.12321 0.457106 -0.227426 0.667661 -0.227426 7.55004 
-42 3 -1 -212.444 17.3591 -6.04649 0.473073 -0.0425108 -0.421822 -0.0425108 0.591596 0.545086 -0.421822 0.545086 13.2208 
-30 6 0 -154.755 32.3511 -2.12812 64.733 -5.43741 10.432 -5.43741 5.10701 -1.48921 10.432 -1.48921 2.76339 
-31 0 -1 -157.704 -0.120835 -6.29535 0.481639 0.105037 -0.553739 0.105037 0.497546 -3.61436 -0.553739 -3.61436 35.4893 
-31 2 0 -156.813 12.545 -4.33493 0.659203 0.106855 -0.276463 0.106855 1.37807 -1.05319 -0.276463 -1.05319 6.03681 
-37 2 -1 -187.609 12.5088 -5.93743 0.530811 -0.10749 -3.85716 -0.10749 0.708833 7.09681 -3.85716 7.09681 257.017 
-41 1 -1 -207.58 7.06253 -5.77258 0.542305 -0.0120758 -0.36217 -0.0120758 0.550257 0.892155 -0.36217 0.892155 12.1413 
-48 1 0 -240.366 6.01624 -3.24842 13.3767 -3.64023 -1.85903 -3.64023 3.21609 1.31227 -1.85903 1.31227 3.6179 
-48 -1 1 -240.814 -5.50247 5.52747 8.22309 -6.20831 1.3703 -6.20831 39.9419 -30.0486 1.3703 -30.0486 29.8549 
-48 1 -1 -242.584 7.27386 -5.89137 0.523032 -0.0301132 0.166105 -0.0301132 0.596081 0.521233 0.166105 0.521233 16.0697 
-46 -1 -1 -233.254 -7.40648 -6.89185 3.2855 -0.632072 0.604767 -0.632072 0.534672 -0.131879 0.604767 -0.131879 0.890394 
-32 0 -1 -162.536 0.148052 -6.2938 0.478812 -0.0279776 0.113997 -0.0279776 0.326534 -1.29843 0.113997 -1.29843 9.46446 
-37 4 -1 -187.431 22.468 -5.81023 0.560238 0.27342 -5.88069 0.27342 1.54926 -22.2673 -5.88069 -22.2673 457.995 
-49 5 0 -247.431 28.2365 0.757211 0.506407 0.109445 -0.00283444 0.109445 1.52644 -0.125009 -0.00283444 -0.125009 0.219683 
-49 0 -1 -247.284 -0.0763945 -6.14475 0.620381 -0.0239078 -0.754023 -0.0239078 0.122589 -0.156159 -0.754023 -0.156159 9.18277 
-37 1 -1 -187.415 7.56831 -5.96282 0.499569 0.25088 -1.71455 0.25088 1.89662 -9.75661 -1.71455 -9.75661 69.6186 
-45 -6 0 -227.413 -33.4641 -0.992989 0.725666 -0.0766508 -0.0187095 -0.0766508 0.861772 -0.0755575 -0.0187095 -0.0755575 0.323222 
-32 0 0 -161.985 1.48566 -4.48091 4.18562 -8.04585 -0.266076 -8.04585 16.7374 0.125757 -0.266076 0.125757 7.66088 
-49 -1 -1 -247.452 -7.34276 -6.38013 0.672024 0.0729045 -1.38026 0.0729045 0.508 -0.874852 -1.38026 -0.874852 15.4914 
-34 -5 0 -174.311 -25.4313 -2.85944 4.28081 19.5225 0.228051 19.5225 510.034 -4.76823 0.228051 -4.76823 0.611282 
-33 3 -1 -167.501 17.5019 -5.80366 0.522092 0.0933267 -4.41831 0.0933267 0.663861 -9.503 -4.41831 -9.503 469.78 
-37 5 0 -187.707 28.2025 -1.70298 3.3014 2.91542 -0.43191 2.91542 3.82628 0.0775768 -0.43191 0.0775768 0.521817 
-31 -3 -1 -156.844 -17.7375 -6.29237 2.42336 -0.143746 2.16992 -0.143746 0.493419 -0.0537855 2.16992 -0.0537855 5.24189 
-36 -8 0 -183.134 -43.5638 2.84978 0.74847 0.0176129 -0.26766 0.0176129 3.64194 1.24419 -0.26766 1.24419 5.67674 
-48 -3 -1 -242.421 -17.1577 -6.47448 0.601596 0.122827 -0.908016 0.122827 0.561003 -0.761244 -0.908016 -0.761244 9.19523 
-32 -4 -1 -162.896 -21.5466 -6.00165 0.741196 0.0397746 0.384197 0.0397746 2.01563 0.0413429 0.384197 0.0413429 3.0473 
-38 1 -1 -192.444 8.06985 -5.93724 0.467112 0.235344 -1.36948 0.235344 1.66626 -6.55747 -1.36948 -6.55747 50.3507 
-31 -4 -1 -156.858 -22.5035 -6.38156 2.00092 -0.0147703 1.99459 -0.0147703 0.480167 -0.00857236 1.99459 -0.00857236 5.84829 
-42 7 -1 -212.434 36.5493 -5.03459 0.378949 -0.244903 2.55626 -0.244903 2.46494 -9.10777 2.55626 -9.10777 342.956 
-44 3 -1 -222.487 17.3622 -6.0755 0.465089 -0.0165136 -0.124888 -0.0165136 0.623355 0.440481 -0.124888 0.440481 9.51841 
-46 -2 -1 -232.976 -11.95 -6.43492 0.525022 0.115821 -0.0136702 0.115821 0.629118 0.21424 -0.0136702 0.21424 1.24259 
-30 9 -1 -151.691 45.849 -5.01385 32.7646 -30.0358 -23.4073 -30.0358 30.197 15.6759 -23.4073 15.6759 1399.82 
-49 -3 0 -246.851 -18.8818 -1.17983 0.865628 -0.195339 0.000620453 -0.195339 1.89984 0.184159 0.000620453 0.184159 0.324913 
-35 -5 -1 -175.849 -25.3597 -5.97882 28.2325 25.9642 -2.921 25.9642 87.5061 -12.5512 -2.921 -12.5512 4.52171 
-36 -2 -1 -180.048 -13.9337 -5.96955 2621.57 -98.0086 -48.7658 -98.0086 12.0048 0.341084 -48.7658 0.341084 3.91975 
-41 8 0 -207.205 42.2141 0.15761 0.379774 0.040242 -0.00221074 0.040242 0.720548 0.117767 -0.00221074 0.117767 0.163772 
-32 -2 -1 -162.524 -12.4226 -6.3853 0.508911 -0.0272586 0.356011 -0.0272586 0.471465 -0.130591 0.356011 -0.130591 2.26452 
-44 -2 -1 -223.015 -14.0736 -6.74844 0.464081 0.453654 0.10741 0.453654 4.69688 0.361364 0.10741 0.361364 0.8018 
-49 -3 -1 -247.281 -17.3425 -6.57512 2.10512 -0.250834 -17.672 -0.250834 0.522503 2.36206 -17.672 2.36206 201.943 
-30 -9 -1 -152.244 -47.5502 -6.55401 0.492284 0.126995 -0.193382 0.126995 0.593974 0.96356 -0.193382 0.96356 9.87867 
-45 0 -1 -226.969 1.6053 -6.95888 1.92672 0.591381 -3.58426 0.591381 0.929868 -3.19593 -3.58426 -3.19593 12.9959 
-32 1 -1 -162.408 7.43683 -5.64096 0.736079 0.335938 -10.5754 0.335938 0.996246 -15.4167 -10.5754 -15.4167 455.67 
-42 0 -1 -212.432 2.55372 -5.92831 0.502703 0.0284857 0.255779 0.0284857 0.394021 -0.723903 0.255779 -0.723903 3.74479 
-47 0 -1 -237.371 0.737489 -6.20328 0.604426 -0.0175465 -0.225643 -0.0175465 0.168204 -0.158205 -0.225643 -0.158205 1.75106 
-30 -2 -1 -152.926 -12.5947 -6.43728 0.595975 -0.0160784 1.12934 -0.0160784 0.469508 0.013072 1.12934 0.013072 10.1611 
-48 -2 -1 -242.735 -12.3989 -5.99343 0.775074 0.000529859 -0.819461 0.000529859 0.524732 -0.174591 -0.819461 -0.174591 4.40103 
-39 9 0 -197.515 47.6507 -1.35215 0.728832 0.324475 -0.0016422 0.324475 4.31909 -0.120659 -0.0016422 -0.120659 0.116356 
-35 -4 -1 -175.906 -21.6961 -6.2934 651.186 -20.9973 3.48161 -20.9973 1.34348 -0.285308 3.48161 -0.285308 2.82677 
-36 4 0 -182.228 23.5075 0.409118 0.652287 0.157041 0.0269535 0.157041 1.2468 0.0280219 0.0269535 0.0280219 0.24724 
-30 -1 -1 -152.481 -7.63912 -6.41521 0.458455 0.0131748 1.07171 0.0131748 0.47303 -0.216462 1.07171 -0.216462 30.0888 
-49 -7 -1 -247.208 -37.0578 -6.73283 0.704084 0.326928 1.70639 0.326928 0.752321 2.23015 1.70639 2.23015 45.815 
-47 -5 0 -237.885 -27.3623 -0.206236 0.472654 -0.0583635 0.0418857 -0.0583635 0.483385 -0.0390211 0.0418857 -0.0390211 0.222265 
-40 -8 0 -202.852 -41.4968 2.78338 0.844803 7.12501 -0.21332 7.12501 169.896 -0.626848 -0.21332 -0.626848 0.33767 
-43 -2 -1 -217.018 -14.3069 -7.33805 0.938759 2.12475 0.0772955 2.12475 19.307 -3.33287 0.0772955 -3.33287 1.45327 
-37 7 -1 -187.597 36.905 -5.17141 0.567958 -0.164316 -1.35648 -0.164316 1.6822 -12.7758 -1.35648 -12.7758 517.967 
-42 -4 -1 -212.593 -22.3744 -5.99363 8.82204 -0.698209 -1.91738 -0.698209 0.65308 0.191198 -1.91738 0.191198 2.97221 
-45 -4 -1 -227.63 -22.612 -7.04886 0.879216 -0.998302 0.562699 -0.998302 2.2689 0.308485 0.562699 0.308485 4.71074 
-43 0 0 -217.218 2.51813 -3.86947 0.429159 -0.0969901 0.0125998 -0.0969901 0.826057 0.567699 0.0125998 0.567699 3.096 
-48 -8 0 -242.539 -42.2993 0.231112 0.604907 -0.0446368 0.0601634 -0.0446368 0.527887 -0.0299622 0.0601634 -0.0299622 0.164123 
-36 2 0 -181.03 12.4054 -3.89164 4.77138 2.89024 2.4535 2.89024 5.62798 1.06057 2.4535 1.06057 3.91932 
-44 9 0 -222.379 48.0334 -2.30664 0.447836 -0.239713 -0.145625 -0.239713 0.782852 0.0702524 -0.145625 0.0702524 0.220832 
-42 -3 -1 -212.479 -18.957 -6.11091 11.0116 -1.00279 -2.42649 -1.00279 2.88759 0.321444 -2.42649 0.321444 3.11184 
-35 -3 0 -177.643 -19.2538 -3.6215 0.721574 2.83665 -0.11731 2.83665 58.3317 -4.40035 -0.11731 -4.40035 1.89777 
-34 4 -1 -172.527 22.6501 -5.62543 0.602517 0.46748 -7.232 0.46748 2.25237 -28.0823 -7.232 -28.0823 434.776 
-36 -7 -1 -181.696 -38.142 -6.2126 0.673602 0.713644 -0.35656 0.713644 3.47345 -1.4923 -0.35656 -1.4923 2.73998 
-31 -9 0 -155.527 -45.9462 -3.67152 155.994 -66.4652 -1.27347 -66.4652 49.2362 2.2003 -1.27347 2.2003 2.19303 
-31 1 -1 -157.624 7.56731 -5.60436 0.644769 -0.234039 4.9712 -0.234039 0.706803 -5.00365 4.9712 -5.00365 123.565 
-34 4 0 -172.344 23.5397 0.120304 0.592506 0.132145 0.0117915 0.132145 1.16768 0.0227775 0.0117915 0.0227775 0.263175 
-38 0 -1 -192.292 -1.26065 -6.73856 0.51197 -0.00168864 -0.0202072 -0.00168864 0.135937 -0.0339214 -0.0202072 -0.0339214 1.14415 
-45 4 -1 -227.546 22.599 -6.10452 0.499457 0.0956932 -1.18432 0.0956932 2.74561 -32.5293 -1.18432 -32.5293 466.463 
-40 6 -1 -202.338 31.8674 -5.22252 0.610537 -0.180537 7.95092 -0.180537 0.871929 -12.2158 7.95092 -12.2158 463.696 
-48 -1 0 -242.27 -7.50035 -0.640494 0.755095 0.124213 -0.113021 0.124213 0.525794 -0.117027 -0.113021 -0.117027 0.242168 
-34 -1 -1 -171.855 -7.1149 -7.13284 1.69735 -0.253526 -24.452 -0.253526 0.610104 4.70458 -24.452 4.70458 532.307 
-47 -9 -1 -237.843 -48.6815 -6.87448 0.815271 -0.436287 -9.26915 -0.436287 1.41824 2.64863 -9.26915 2.64863 474.666 
-35 9 0 -176.777 47.8703 -4.92003 0.63177 -0.107829 -3.79893 -0.107829 0.956316 -11.1956 -3.79893 -11.1956 409.21 
-49 -2 -1 -247.488 -12.4613 -6.49279 0.806804 0.138767 -2.86387 0.138767 0.523714 -1.42826 -2.86387 -1.42826 30.4304 
-34 -2 0 -171.578 -13.3453 -1.14637 1.83386 -1.16176 -0.0470403 -1.16176 1.86203 0.0710539 -0.0470403 0.0710539 0.215447 
-32 -9 -1 -162.406 -47.7259 -6.33111 0.472775 -0.0337918 -0.217344 -0.0337918 0.601116 0.938141 -0.217344 0.938141 5.72358 
-49 -5 0 -246.26 -26.472 0.0176372 1.81927 0.206391 -0.196102 0.206391 0.783983 -0.0930428 -0.196102 -0.0930428 0.353916 
-46 0 -1 -232.107 0.77276 -6.3919 0.778138 -0.0255386 0.26273 -0.0255386 0.124605 -0.110239 0.26273 -0.110239 1.51192 
-39 -1 -1 -197.068 -6.9697 -7.58769 0.604655 0.217023 0.869075 0.217023 0.701756 1.4262 0.869075 1.4262 27.288 
-46 0 0 -232.62 1.17172 -3.64763 0.512324 0.0307921 0.13768 0.0307921 0.100111 0.0207222 0.13768 0.0207222 1.43715 
-45 -6 -1 -227.689 -32.2741 -6.6412 0.596475 -0.128214 0.0186243 -0.128214 0.974939 2.03595 0.0186243 2.03595 11.3457 
-36 -3 0 -182.277 -19.0645 -3.60135 0.884928 11.6878 -0.391964 11.6878 350.241 -12.6294 -0.391964 -12.6294 2.31166 
-30 5 -1 -152.543 27.1146 -5.37099 1.68794 -0.506937 22.2819 -0.506937 0.787822 -9.5954 22.2819 -9.5954 386.346 
-43 8 0 -217.4 41.8229 -0.841598 0.532713 0.126041 -0.0201412 0.126041 0.541488 0.0936943 -0.0201412 0.0936943 0.175056 
-39 4 -1 -197.502 22.3481 -5.88695 0.542369 0.16062 -2.73339 0.16062 0.830584 -6.46274 -2.73339 -6.46274 113.07 
-46 7 0 -232.326 38.4921 -0.32824 0.529869 -0.0559387 -0.0273593 -0.0559387 3.87652 0.215924 -0.0273593 0.215924 0.175327 
-30 4 -1 -152.513 22.198 -5.52524 1.32632 -0.625421 13.7425 -0.625421 0.879418 -9.33469 13.7425 -9.33469 224.591 
-41 0 -1 -207.279 1.13254 -6.18238 0.564909 0.0309182 -0.0531672 0.0309182 0.303322 -0.697242 -0.0531672 -0.697242 2.77345 
-31 -9 -1 -157.38 -47.5167 -6.45485 0.538677 -0.0876156 -0.502047 -0.0876156 0.530782 -0.887923 -0.502047 -0.887923 35.1855 
-31 -4 0 -157.973 -22.7979 -3.42883 5.72534 -0.545096 2.89148 -0.545096 0.593522 -0.0308148 2.89148 -0.0308148 2.72477 
-38 2 -1 -192.363 12.7424 -5.94587 0.559877 -0.0697308 -0.976447 -0.0697308 0.565006 0.972316 -0.976447 0.972316 49.1787 
-31 6 -1 -158.113 31.9217 -5.20959 0.833912 0.264598 -8.10998 0.264598 0.656585 -9.14653 -8.10998 -9.14653 427.563 
-48 4 -1 -242.416 22.4656 -6.46891 0.559558 0.0524549 -5.52202 0.0524549 0.566599 -1.10719 -5.52202 -1.10719 477.406 
-48 5 1 -241.635 29.5095 5.39674 1.64983 0.607573 -0.526594 0.607573 11.6565 -3.20335 -0.526594 -3.20335 10.549 
-48 -5 -1 -242.567 -27.5551 -6.52156 0.500183 -0.0347419 -0.251497 -0.0347419 0.486005 -0.1881 -0.251497 -0.1881 9.82497 
-36 4 1 -181.841 24.4421 5.37559 15.5773 11.5007 -24.2904 11.5007 22.0328 -48.7064 -24.2904 -48.7064 164.939 
-37 0 0 -188.02 -0.177071 -2.23377 0.750011 0.125953 0.112059 0.125953 0.179972 0.0693968 0.112059 0.0693968 0.520742 
-35 3 -1 -177.568 17.5326 -5.91114 0.52143 0.0298627 -3.36968 0.0298627 0.52758 -1.95156 -3.36968 -1.95156 309.079 
-37 -3 -1 -187.246 -18.9378 -6.6693 2.93284 17.6068 4.45462 17.6068 277.314 22.3133 4.45462 22.3133 19.4779 
-46 -8 -1 -231.832 -44.6549 -6.80534 21.6724 -58.4174 -116.688 -58.4174 177.316 286.808 -116.688 286.808 1833.52 
-35 4 -1 -177.495 22.6745 -5.66771 0.478495 0.0459146 -0.891144 0.0459146 2.20109 -27.3626 -0.891144 -27.3626 422.421 
-35 -1 0 -178.639 -7.55138 -3.53613 384.306 -96.4484 -10.0268 -96.4484 24.6536 2.56194 -10.0268 2.56194 1.49663 
-47 -2 1 -237.298 -13.2377 7.08811 0.667068 0.0583078 0.0803305 0.0583078 1.11662 0.443382 0.0803305 0.443382 0.805414 
-36 -3 -1 -182.103 -18.9959 -6.07815 0.61336 -0.189415 0.047778 -0.189415 3.21085 0.959241 0.047778 0.959241 2.72906 
-34 -9 0 -172.084 -48.3659 -2.31153 0.454774 0.109417 0.0101917 0.109417 1.18641 0.470586 0.0101917 0.470586 0.6357 
-38 -2 -1 -192.187 -10.477 -7.48887 2.0597 5.01741 28.7731 5.01741 22.109 89.252 28.7731 89.252 611.729 
-37 3 -1 -187.52 17.4428 -5.99914 0.506661 -0.0205847 -3.61685 -0.0205847 0.504496 -0.0805461 -3.61685 -0.0805461 466.668 
-35 -3 -1 -177.81 -18.8716 -6.25112 0.504292 0.196043 0.162295 0.196043 1.4913 1.20114 0.162295 1.20114 3.31691 
-36 9 -1 -181.648 47.0528 -5.0296 0.41013 0.248084 -1.99411 0.248084 0.937539 -3.00973 -1.99411 -3.00973 309.838 
-43 2 0 -217.073 14.2989 -4.90321 1.74634 2.62425 -19.4077 2.62425 89.4347 -260.654 -19.4077 -260.654 1008.72 
-34 2 -1 -172.459 12.5144 -5.73586 0.487428 -0.053589 -0.604346 -0.053589 0.538289 0.665111 -0.604346 0.665111 23.1273 
-40 0 -1 -202.306 -0.150475 -6.61784 0.442666 0.000267275 0.079843 0.000267275 0.233431 -0.457049 0.079843 -0.457049 1.80444 
-46 -3 -1 -232.545 -16.9423 -6.39389 1.41968 0.405284 0.0861281 0.405284 0.835069 -0.574243 0.0861281 -0.574243 1.81237 
-39 5 0 -199.307 26.3176 -1.15097 3.90687 -0.245796 0.293627 -0.245796 1.4642 -0.0629531 0.293627 -0.0629531 0.413786 
-38 -1 -1 -192.399 -7.08384 -7.58045 0.572999 -0.0755943 -0.738443 -0.0755943 0.502156 -0.386397 -0.738443 -0.386397 11.3586 
-31 7 -1 -157.66 37.4318 -5.10491 0.458069 0.170989 1.54911 0.170989 0.738291 -6.1273 1.54911 -6.1273 316.918 
-40 1 0 -202.291 6.41052 -3.6389 0.642257 -0.104692 -0.0378117 -0.104692 1.23089 0.107141 -0.0378117 0.107141 1.5769 
-45 -3 -1 -228.556 -17.7194 -7.29388 11.9863 6.54963 -1.70416 6.54963 4.02656 -1.17768 -1.70416 -1.17768 3.42612 
-33 7 -1 -167.531 36.9203 -5.09523 0.605618 -0.292492 0.256975 -0.292492 1.35985 -13.3354 0.256975 -13.3354 447.3 
-40 -1 -1 -202.026 -5.75276 -7.52876 0.612164 0.484838 0.462122 0.484838 6.03755 5.76437 0.462122 5.76437 63.8451 
-48 -6 0 -241.749 -31.5709 -1.26332 1.17164 0.305335 0.125634 0.305335 0.540783 -0.0941045 0.125634 -0.0941045 0.418684 
-34 0 -1 -172.484 0.712844 -6.06136 0.528477 0.0308324 0.137253 0.0308324 0.290106 -0.381868 0.137253 -0.381868 3.4676 
-32 -9 0 -162.313 -47.6635 -1.12804 0.805369 -0.100467 0.0455777 -0.100467 0.450548 0.00145541 0.0455777 0.00145541 0.205301 
-30 2 0 -152.72 12.6379 -4.16127 0.561731 -0.195291 -0.190828 -0.195291 0.853825 -0.943854 -0.190828 -0.943854 3.54891 
-46 1 -1 -232.439 7.43084 -5.69736 0.510756 0.0083554 0.0462042 0.0083554 0.566489 -0.496826 0.0462042 -0.496826 6.145 
-48 6 0 -242.43 31.5336 1.19327 0.425881 -0.0916997 -0.0340911 -0.0916997 0.71177 -0.0180251 -0.0340911 -0.0180251 0.107346 
-46 5 1 -231.495 29.1052 5.41316 0.630577 0.0381289 -2.72072 0.0381289 0.366861 0.00860464 -2.72072 0.00860464 24.6369 
-46 -5 -1 -232.586 -28.129 -6.82986 0.947723 0.366211 14.3521 0.366211 0.691714 10.3652 14.3521 10.3652 430.249 
-44 -4 -1 -222.866 -22.9596 -7.41287 0.713043 -0.0580891 0.888381 -0.0580891 0.752222 -0.0843158 0.888381 -0.0843158 4.53418 
-46 -3 0 -233.323 -16.9071 -0.0564704 1.21565 -0.295068 0.12302 -0.295068 0.839481 0.0616546 0.12302 0.0616546 0.181034 
-46 -4 -1 -232.613 -21.8868 -6.88781 0.527069 0.0357526 0.516898 0.0357526 0.488675 -0.229651 0.516898 -0.229651 5.85749 
-46 4 0 -232.577 22.4272 0.313797 0.454952 -0.0116611 -0.0133308 -0.0116611 0.437427 0.0337705 -0.0133308 0.0337705 0.260379 
-43 3 -1 -217.586 17.3618 -6.00687 0.486309 0.0314894 0.0577726 0.0314894 0.655679 0.497468 0.0577726 0.497468 8.02139 
-31 -7 0 -158.521 -36.9116 -2.49813 3.27834 -0.732928 0.315062 -0.732928 1.09637 -0.131392 0.315062 -0.131392 0.477221 
-45 1 -1 -227.549 7.38598 -5.69043 0.491009 0.0165604 -0.529598 0.0165604 0.536344 -0.044475 -0.529598 -0.044475 11.9256 
-32 7 -1 -162.667 37.3566 -5.09191 0.636465 -0.191505 3.65226 -0.191505 0.828006 -10.4904 3.65226 -10.4904 492.981 
-32 -4 0 -163.674 -21.09 -1.19126 3.71144 -0.620895 0.636611 -0.620895 1.62796 -0.219026 0.636611 -0.219026 0.480678 
-30 1 0 -154.573 5.58221 -3.20353 260.396 -88.3909 9.72573 -88.3909 234.021 -4.42133 9.72573 -4.42133 1.22738 
-42 -5 -1 -212.689 -27.4539 -6.01883 463.65 -16.6909 3.82737 -16.6909 1.06838 -0.0531077 3.82737 -0.0531077 3.21641 
-37 -1 -1 -187.407 -6.85612 -7.08847 0.52104 0.153016 -0.296877 0.153016 0.641158 -0.540048 -0.296877 -0.540048 2.09815 
-47 -1 -1 -239.027 -7.73186 -6.25581 3.36769 0.45834 2.15534 0.45834 0.479873 0.348368 2.15534 0.348368 2.75247 
-43 1 -1 -217.52 7.23804 -5.80198 0.461366 -0.00025386 -0.098835 -0.00025386 0.579502 0.849754 -0.098835 0.849754 13.5475 
-45 -8 -1 -227.708 -43.049 -6.79736 4.86443 -9.6013 -27.9925 -9.6013 20.656 58.4788 -27.9925 58.4788 286.176 
-34 6 -1 -172.136 32.0915 -5.18631 0.529382 -0.143262 1.82325 -0.143262 0.773049 -9.7967 1.82325 -9.7967 433.205 
-33 -8 -1 -167.445 -42.7187 -6.34854 0.378526 -0.058794 -0.0338388 -0.058794 0.610772 0.341738 -0.0338388 0.341738 3.37924 
-49 -6 -1 -247.506 -32.363 -6.77712 0.540546 -0.0211257 5.13044 -0.0211257 0.466039 -1.4129 5.13044 -1.4129 460.378 
-47 3 0 -235.279 18.7719 -1.8818 14.3855 3.17948 -2.63549 3.17948 2.34519 -2.27595 -2.63549 -2.27595 2.62856 
-45 -2 -1 -227.164 -12.592 -6.50473 3.33697 8.60424 -0.121527 8.60424 25.5024 -0.542754 -0.121527 -0.542754 1.20725 
-35 -8 -1 -178.383 -42.5039 -5.9891 465.668 -12.4904 2.87891 -12.4904 0.802707 -0.138982 2.87891 -0.138982 3.35651 
-34 -3 -1 -173.32 -16.4253 -6.27884 5.58684 -0.682531 -2.37311 -0.682531 0.576904 0.504653 -2.37311 0.504653 2.63538 
-35 -9 -1 -178.508 -47.3458 -6.14621 22.2025 -0.0702081 2.2937 -0.0702081 0.492997 -0.187889 2.2937 -0.187889 2.82063 
-32 6 -1 -162.343 32.3536 -5.22789 0.666849 -0.194556 8.11175 -0.194556 0.665965 -9.9363 8.11175 -9.9363 438.949 
-33 1 -1 -167.587 7.44808 -5.71195 0.489383 0.0403595 -0.458575 0.0403595 0.996606 -8.2872 -0.458575 -8.2872 138.313 
-32 -7 -1 -162.523 -38.4563 -6.25293 0.491764 0.0676678 -0.128416 0.0676678 1.86772 -0.876985 -0.128416 -0.876985 3.89514 
-48 -7 -1 -242.337 -37.1262 -6.68943 0.498678 0.129029 1.56784 0.129029 0.613092 5.3956 1.56784 5.3956 223.629 
-40 3 -1 -202.38 17.4379 -6.07674 0.485133 -0.0169576 -1.06684 -0.0169576 0.521289 0.955889 -1.06684 0.955889 52.3356 
-44 -5 -1 -223.135 -27.4232 -6.79407 0.654962 0.11078 -0.246346 0.11078 0.558456 0.187725 -0.246346 0.187725 4.65185 
-41 1 0 -207.671 5.8824 -3.79395 0.611597 0.0877655 0.124191 0.0877655 3.10935 0.704105 0.124191 0.704105 1.75516 
-42 2 -1 -212.658 12.7209 -6.06834 0.437736 0.0533739 1.02499 0.0533739 0.476881 -0.0517738 1.02499 -0.0517738 42.1545 
-33 6 0 -167.22 31.8272 0.0303053 0.545525 -0.0692617 -0.0161017 -0.0692617 0.774741 0.0887616 -0.0161017 0.0887616 0.244537 
-32 -3 -1 -162.896 -17.0793 -5.8601 1.01546 0.300841 -0.0109631 0.300841 0.579873 0.162817 -0.0109631 0.162817 2.65248 
-47 -7 -1 -237.837 -37.3241 -6.42485 0.704951 -0.181612 0.222675 -0.181612 0.822965 -0.114074 0.222675 -0.114074 3.3514 
-45 3 0 -228.393 19.2013 -0.138227 1.02445 -0.049882 0.20501 -0.049882 2.01942 -0.273497 0.20501 -0.273497 0.422034 
-40 -4 0 -200.283 -22.3694 -1.49093 110.22 1.11367 5.83296 1.11367 0.374935 0.199798 5.83296 0.199798 4.34566 
-47 -1 0 -237.774 -7.47867 0.260399 0.689401 -0.0831254 0.0607585 -0.0831254 0.503553 -0.0189799 0.0607585 -0.0189799 0.171316 
-44 -6 0 -224.211 -32.8168 -0.0888062 3.625 0.890346 -1.44545 0.890346 1.45989 -0.257132 -1.44545 -0.257132 1.55062 
-33 1 0 -169.223 7.9996 -3.26209 488.814 -24.7567 -7.57459 -24.7567 166.756 1.63655 -7.57459 1.63655 1.06361 
-33 -1 -1 -166.918 -7.83334 -6.61655 0.721295 0.0257752 -0.849437 0.0257752 0.62359 0.533228 -0.849437 0.533228 4.2571 
-34 -8 -1 -170.169 -42.258 -6.53691 200.201 4.38987 -49.2948 4.38987 1.78387 12.8818 -49.2948 12.8818 175.33 
-41 3 -1 -207.686 17.2987 -6.02647 0.499847 0.0118211 0.571753 0.0118211 0.590097 0.817027 0.571753 0.817027 13.8545 
-35 0 -1 -177.567 0.0010148 -6.10041 0.49639 0.0180178 0.0383569 0.0180178 0.205946 0.0203805 0.0383569 0.0203805 2.86687 
-34 1 -1 -172.422 7.301 -5.79629 0.466181 0.198791 -2.36176 0.198791 1.52712 -13.2301 -2.36176 -13.2301 166.894 
-44 -7 -1 -223.605 -36.1631 -6.71777 3.32264 -1.59553 17.2454 -1.59553 2.13436 -26.8541 17.2454 -26.8541 517.179 
-35 -9 0 -178.534 -47.845 -1.00582 137.69 -3.40114 -0.478643 -3.40114 0.601571 -0.0307564 -0.478643 -0.0307564 0.144219 
-48 -9 -1 -243.543 -46.1945 -6.76522 0.955958 -0.274309 1.02535 -0.274309 0.862868 -7.38809 1.02535 -7.38809 584.493 
-43 -3 -1 -217.414 -17.6402 -7.503 0.381718 0.0883823 0.385555 0.0883823 0.335286 0.235716 0.385555 0.235716 1.12418 
-30 -1 0 -154.094 -8.35515 -4.19387 4.62395 -0.099282 -0.918472 -0.099282 2.54836 -0.636524 -0.918472 -0.636524 8.46615 
-32 4 0 -162.091 23.6128 -1.64832 0.740587 0.179471 -0.144592 0.179471 1.35113 -0.10165 -0.144592 -0.10165 0.636605 
-42 -9 -1 -213.424 -47.8302 -5.87424 198.141 -5.51356 -2.1267 -5.51356 0.566958 0.368139 -2.1267 0.368139 4.09347 
-36 0 -1 -182.217 -0.0670321 -6.33436 0.559829 -0.0275119 -0.289197 -0.0275119 0.182136 -0.097726 -0.289197 -0.097726 2.30873 
-34 -9 -1 -171.577 -47.2021 -6.11519 0.666066 0.620392 0.264035 0.620392 1.16594 0.119512 0.264035 0.119512 3.85212 
-47 -4 -1 -237.548 -22.6214 -6.78153 1.12645 0.466304 16.5299 0.466304 0.806388 9.95771 16.5299 9.95771 443.897 
-44 -9 -1 -223.416 -47.0437 -6.79667 1.12353 0.596189 -0.658998 0.596189 0.896298 3.71013 -0.658998 3.71013 373.97 
-47 -3 0 -238.318 -16.8232 0.468116 0.357452 -0.00167544 -0.0245222 -0.00167544 0.513236 0.0694373 -0.0245222 0.0694373 0.160572 
-34 9 0 -173.292 47.5179 -4.90695 0.457311 -0.20077 1.6878 -0.20077 0.740135 -8.64479 1.6878 -8.64479 319.182 
-46 -3 1 -233.324 -16.181 6.60178 2.11453 -0.691957 0.614756 -0.691957 1.55468 -0.79917 0.614756 -0.79917 1.41744 
-43 -5 -1 -219.353 -28.4417 -5.96703 2.03839 -0.488473 0.606151 -0.488473 1.27729 -0.0112291 0.606151 -0.0112291 2.24462 
-46 3 -1 -232.404 17.4728 -6.2709 0.526656 -0.0391452 -1.10745 -0.0391452 0.517171 0.722253 -1.10745 0.722253 30.2658 
-44 4 -1 -222.5 22.6111 -6.07522 0.489228 0.0177184 -0.277311 0.0177184 2.7662 -33.0656 -0.277311 -33.0656 479.05 
-38 4 -1 -192.517 22.3503 -5.86113 0.525239 0.140922 -2.41715 0.140922 2.15775 -27.207 -2.41715 -27.207 429.682 
-41 -2 0 -207.724 -11.0556 -1.11468 0.442488 0.0496236 4.72893 0.0496236 1.20829 9.68565 4.72893 9.68565 372.936 
-43 -5 0 -219.321 -28.4117 -4.34344 3.95221 -0.301724 0.0488014 -0.301724 1.10575 0.314963 0.0488014 0.314963 2.01328 
-30 3 0 -153.645 17.505 1.96164 84.6663 14.6284 29.2167 14.6284 35.1724 -7.83909 29.2167 -7.83909 15.2987 
-39 2 -1 -197.577 12.5005 -5.95869 0.488095 0.0454708 0.997229 0.0454708 0.497688 0.266574 0.997229 0.266574 29.2524 
-41 0 0 -207.399 2.87578 -3.80218 0.515315 0.0254016 0.050757 0.0254016 0.304757 -0.147355 0.050757 -0.147355 2.0673 
-32 -8 -1 -162.307 -42.7208 -6.2351 0.497779 -0.00149303 -0.0560771 -0.00149303 0.595855 0.281088 -0.0560771 0.281088 2.78633 
-31 -2 0 -156.622 -13.3803 -4.0982 0.612209 -0.26984 0.315953 -0.26984 0.789592 0.0134352 0.315953 0.0134352 5.31897 
-40 -9 1 -201.394 -45.5457 7.18208 2.51096 -6.21126 2.78412 -6.21126 1822.56 123.413 2.78412 123.413 25.7907 
-30 -4 -1 -152.504 -22.4942 -6.73358 1.51106 -0.291128 22.1813 -0.291128 0.563666 -6.2833 22.1813 -6.2833 477.149 
-36 2 -1 -182.457 12.4918 -5.83968 0.484273 -0.00555879 -0.426833 -0.00555879 0.552532 1.01078 -0.426833 1.01078 31.3605 
-33 2 0 -167.335 12.5948 -3.73658 0.663762 0.249658 -0.0928729 0.249658 1.03276 -0.313288 -0.0928729 -0.313288 2.4336 
-48 -2 0 -241.432 -11.9636 -1.36552 1.16986 0.298464 -0.0877695 0.298464 0.487753 0.0187364 -0.0877695 0.0187364 0.183654 
-43 -4 -1 -217.439 -22.7214 -6.76031 0.717632 0.263031 -0.420405 0.263031 0.531705 0.0976766 -0.420405 0.0976766 2.09762 
-36 3 -1 -182.544 17.5638 -5.95767 0.516405 0.00736101 -4.16267 0.00736101 0.558231 -1.79861 -4.16267 -1.79861 479.218 
-47 -2 -1 -238.229 -13.9326 -6.59441 1.1738 0.352674 1.5251 0.352674 1.0439 1.43608 1.5251 1.43608 4.13348 
-44 -8 -1 -223.101 -42.101 -6.71007 1.06956 -0.33251 15.607 -0.33251 1.34079 -16.9402 15.607 -16.9402 560.489 
-30 -8 -1 -152.452 -42.6521 -6.68033 0.743961 -0.0113127 3.27427 -0.0113127 0.520075 1.06703 3.27427 1.06703 39.7696 
-39 -7 -1 -199.125 -37.088 -5.86216 4264.76 -318.982 1.9275 -318.982 29.1388 -0.757464 1.9275 -0.757464 6.08678 
-33 -7 0 -166.943 -37.595 -2.16139 0.49867 0.117649 0.0273228 0.117649 2.68771 -0.269777 0.0273228 -0.269777 0.438679 
-35 -7 -1 -177.799 -37.9023 -6.09983 0.775368 -0.740547 -0.14078 -0.740547 2.36618 0.45487 -0.14078 0.45487 2.56532 
-45 5 1 -228.517 29.4835 6.05734 6.22146 -0.782034 0.863161 -0.782034 41.0937 -27.2506 0.863161 -27.2506 22.1756 
-45 -5 -1 -227.127 -27.6176 -6.99184 0.465382 0.00596417 1.47359 0.00596417 0.661491 3.13056 1.47359 3.13056 63.3968 
-42 -8 -1 -212.614 -42.387 -6.01011 1.3691 -0.610878 -0.252128 -0.610878 0.899844 -0.033563 -0.252128 -0.033563 3.31494 
-42 9 0 -212.103 48.1505 -1.27928 0.530302 0.0922404 -0.0169862 0.0922404 2.52437 -0.0934028 -0.0169862 -0.0934028 0.114567 
-31 -8 -1 -157.897 -42.8258 -6.51842 0.582024 0.221859 3.97644 0.221859 1.06129 15.1356 3.97644 15.1356 464.593 
-37 8 0 -188.667 43.0425 -4.94996 1.4371 -0.150098 14.7235 -0.150098 4.05253 -41.6898 14.7235 -41.6898 1132.16 
-47 5 1 -238.053 28.8388 5.36243 0.671672 0.489213 0.599847 0.489213 1.30288 0.0482118 0.599847 0.0482118 7.79082 
-47 -5 -1 -237.289 -27.7549 -6.72104 1.13959 0.334384 17.3779 0.334384 0.730973 7.3504 17.3779 7.3504 465.111 
-42 7 0 -212.565 39.0775 -0.257683 0.443821 -0.0144138 -0.11705 -0.0144138 2.0732 -0.225313 -0.11705 -0.225313 0.210136 
-30 -3 -1 -152.598 -17.3579 -6.65889 1.04111 -0.335975 16.3034 -0.335975 0.684068 -9.71177 16.3034 -9.71177 480.619 
-43 -8 -1 -216.672 -42.2878 -6.05203 0.972321 -0.787083 -0.0868755 -0.787083 2.59811 -0.340403 -0.0868755 -0.340403 2.44476 
-43 -6 -1 -218.139 -32.6385 -6.42527 0.532213 -0.0452694 -0.531246 -0.0452694 0.521213 -0.173681 -0.531246 -0.173681 5.15822 
-49 0 0 -246.035 -3.30161 -1.88811 7.97161 1.03752 -2.35867 1.03752 0.353233 -0.124384 -2.35867 -0.124384 1.16452 
-33 5 0 -168.013 27.5904 -0.320009 0.595355 -0.255334 0.0625152 -0.255334 0.413756 0.0232152 0.0625152 0.0232152 0.491943 
-41 5 -1 -207.454 27.4466 -5.44304 0.524087 -0.530776 4.42749 -0.530776 7.35475 -57.0683 4.42749 -57.0683 475.949 
-35 5 0 -178.466 26.1898 0.142155 0.369403 0.223165 -0.0154944 0.223165 1.66704 0.122483 -0.0154944 0.122483 0.369852 
-40 9 0 -202.485 47.8296 -1.04991 0.574181 0.0284595 -0.00274275 0.0284595 3.57779 -0.109374 -0.00274275 -0.109374 0.114409 
-31 -1 -1 -157.749 -7.87022 -6.52954 0.520916 -0.0801483 -0.0210633 -0.0801483 0.604854 0.625835 -0.0210633 0.625835 5.75418 
-46 -7 -1 -232.982 -37.3689 -6.78805 0.479369 0.219902 3.47207 0.219902 1.07631 10.0016 3.47207 10.0016 406.71 
-48 -4 -1 -242.298 -22.4743 -6.44739 0.456274 -0.0115092 -0.108687 -0.0115092 0.548094 0.618737 -0.108687 0.618737 7.82869 
-37 6 -1 -187.956 32.2522 -5.2458 0.535526 0.127908 -3.7439 0.127908 1.0138 -14.8545 -3.7439 -14.8545 502.994 
-43 5 -1 -217.478 27.4145 -5.41285 0.491736 0.465749 -3.07583 0.465749 11.2772 -70.3172 -3.07583 -70.3172 459.447 
-31 -6 0 -158.045 -32.6649 -2.45808 11.0784 -0.00389031 0.632373 -0.00389031 0.580566 -0.054209 0.632373 -0.054209 0.520423 
-43 7 1 -218.791 35.5504 5.66806 2.00023 0.659181 0.714385 0.659181 3.51509 0.841987 0.714385 0.841987 5.49354 
-43 -7 -1 -216.763 -36.5593 -6.38999 0.560912 -0.751175 -0.330373 -0.751175 3.76011 -3.12261 -0.330373 -3.12261 9.94729 
-38 0 0 -192.381 0.60182 -1.76969 0.521485 -0.00871431 -0.0535502 -0.00871431 0.162247 -0.00473587 -0.0535502 -0.00473587 0.414971 
-48 -6 -1 -242.76 -32.0315 -6.79355 0.53653 0.0265574 -2.25715 0.0265574 0.802391 -5.2143 -2.25715 -5.2143 200.705 
-44 -6 -1 -222.372 -31.9425 -6.76765 0.37804 0.0356129 -0.461449 0.0356129 0.400349 0.781672 -0.461449 0.781672 113.459 
-31 -6 -1 -157.162 -32.7072 -6.26336 1.70459 -0.0433954 1.95804 -0.0433954 0.490452 0.0803026 1.95804 0.0803026 5.87835 
-40 4 0 -201.294 23.995 -0.962202 1.53932 -0.0331793 -0.275291 -0.0331793 1.31335 -0.329119 -0.275291 -0.329119 0.657073 
-49 5 1 -247.808 29.3853 5.46879 0.906706 -1.42565 1.42712 -1.42565 14.1082 -7.91665 1.42712 -7.91665 13.5974 
-42 -7 -1 -213.033 -35.9317 -6.04324 1.93457 0.581572 -0.781804 0.581572 2.15987 -2.04443 -0.781804 -2.04443 5.8963 
-49 -5 -1 -247.552 -27.425 -6.7456 0.525018 0.0422351 -3.04 0.0422351 0.620636 -6.71529 -3.04 -6.71529 316.858 
-46 8 0 -232.242 40.3256 -2.10535 0.482503 4.991 -0.0977341 4.991 148.695 -2.27533 -0.0977341 -2.27533 0.186481 
-31 -1 0 -155.222 -8.35025 -4.26138 49.8275 8.50073 17.5117 8.50073 6.86069 3.78518 17.5117 3.78518 17.71 
-40 1 -1 -202.334 7.16188 -5.74796 0.511011 -0.0154068 -0.491383 -0.0154068 0.581977 0.911462 -0.491383 0.911462 11.9398 
-48 2 -1 -242.437 12.4883 -6.10586 0.518737 0.0108709 -0.249145 0.0108709 0.400027 0.335838 -0.249145 0.335838 15.8978 
-31 -5 -1 -156.926 -27.5039 -6.37491 1.91605 -0.0169923 2.17523 -0.0169923 0.479348 -0.0206276 2.17523 -0.0206276 6.39421 
-32 -5 -1 -163.096 -25.8901 -6.02797 8.50752 78.6656 -2.00175 78.6656 877.75 -33.3909 -2.00175 -33.3909 4.46164 
-37 5 -1 -187.573 27.3192 -5.50624 0.579629 0.610825 -7.56879 0.610825 3.2285 -34.5242 -7.56879 -34.5242 442.73 
-48 6 -1 -242.156 30.2221 -5.04164 0.417676 -0.447155 -1.10365 -0.447155 31.3837 -19.5169 -1.10365 -19.5169 405.314 
-32 7 0 -161.837 37.4656 -1.46432 3.54842 -3.40409 0.362889 -3.40409 3.79823 -0.0583461 0.362889 -0.0583461 0.380811 
-42 8 0 -211.894 41.6263 -0.117705 0.656211 -0.0357879 -0.0167427 -0.0357879 0.822599 0.050455 -0.0167427 0.050455 0.176161 
-47 6 -1 -238.447 30.1003 -5.02127 0.752191 9.40172 -5.40419 9.40172 529.821 0.0960038 -5.40419 0.0960038 529.933 
-35 8 0 -175.867 42.9163 -4.98029 2.2714 1.31003 1.90071 1.31003 1.64291 7.96648 1.90071 7.96648 562.688 
-37 -2 0 -185.704 -11.5304 -3.10397 4.75248 -0.647513 -0.869778 -0.647513 1.29022 0.282881 -0.869778 0.282881 2.16993 
-48 -7 0 -242.963 -37.9271 2.05782 0.538515 0.0467463 0.175274 0.0467463 0.6941 0.18756 0.175274 0.18756 0.344387 
-43 6 -1 -216.709 31.5868 -5.05078 0.728842 -0.36839 3.26019 -0.36839 0.724661 -3.17993 3.26019 -3.17993 358.291 
-47 -8 0 -238.38 -41.595 1.2879 1.07197 -0.205672 0.366164 -0.205672 0.624337 -0.0445585 0.366164 -0.0445585 0.40214 
-42 6 -1 -212.337 31.134 -5.04901 0.43384 0.0186044 1.38879 0.0186044 0.745541 -2.84523 1.38879 -2.84523 426.701 
-41 -1 -1 -206.411 -5.41676 -7.55119 1.42551 1.80104 17.7102 1.80104 19.1507 104.843 17.7102 104.843 1135.79 
-42 -6 -1 -212.9 -32.7044 -5.98052 192.101 -9.93596 -9.10401 -9.93596 0.921772 0.494223 -9.10401 0.494223 4.17063 
-38 6 -1 -192.383 32.5559 -5.25437 0.541379 0.241636 -2.15301 0.241636 1.08053 -11.2057 -2.15301 -11.2057 433.486 
-36 6 -1 -182.304 32.2857 -5.19468 0.532455 0.163055 -3.594 0.163055 0.666916 -4.29877 -3.594 -4.29877 422.178 
-45 6 0 -227.565 31.8241 0.210786 0.398546 0.0661684 0.00497116 0.0661684 0.700986 0.0149908 0.00497116 0.0149908 0.129455 
-38 8 1 -194.129 40.3961 5.50652 3.02223 1.61291 2.8878 1.61291 7.96578 3.51578 2.8878 3.51578 17.5603 
-37 0 -1 -187.322 -0.286051 -6.79587 0.500557 -0.0247151 -0.127468 -0.0247151 0.153237 -0.12929 -0.127468 -0.12929 1.58621 
-44 7 0 -222.51 37.7426 0.341536 0.620106 0.287472 -0.0379906 0.287472 0.648014 0.103624 -0.0379906 0.103624 0.195331 
-30 -7 -1 -151.806 -37.6371 -6.77796 1.75228 0.00871479 23.0949 0.00871479 0.568493 2.19718 23.0949 2.19718 440.23 
-36 1 -1 -182.481 7.47175 -5.94925 0.490165 0.161135 -1.33055 0.161135 3.07639 -21.6808 -1.33055 -21.6808 182.184 
-42 -9 0 -213.423 -47.8569 -1.14754 72.4561 -2.36312 -0.237897 -2.36312 0.493929 -0.0187669 -0.237897 -0.0187669 0.142498 
-48 -3 1 -240.826 -16.5327 5.74429 1.30339 -0.32117 -0.543911 -0.32117 0.691591 0.374931 -0.543911 0.374931 4.53243 
-48 3 -1 -242.506 17.4661 -6.34924 0.501204 0.00974427 0.0836243 0.00974427 0.612884 3.17913 0.0836243 3.17913 72.428 
-35 6 -1 -177.73 31.9056 -5.16075 0.43626 -0.0540622 0.529231 -0.0540622 0.936907 -8.25429 0.529231 -8.25429 429.915 
-47 -6 0 -237.224 -32.7336 -1.12798 0.527043 -0.198805 -0.103273 -0.198805 0.546732 -0.0310195 -0.103273 -0.0310195 0.303563 
-33 4 -1 -167.534 22.598 -5.57997 0.543437 0.330119 -4.95027 0.330119 2.30511 -29.078 -4.95027 -29.078 464.299 
-40 7 -1 -202.293 36.9333 -5.09268 0.823397 -0.339371 12.1144 -0.339371 0.815417 -11.0507 12.1144 -11.0507 474.152 
-39 7 -1 -197.35 37.3939 -5.14422 0.410115 -0.166287 1.4415 -0.166287 0.782608 -7.74861 1.4415 -7.74861 337.35 
-47 7 0 -237.624 38.5812 0.046749 0.50474 -0.0210536 0.00503905 -0.0210536 2.13918 0.265222 0.00503905 0.265222 0.182226 
-36 7 -1 -182.452 37.8345 -5.14557 0.575219 -0.0210387 -4.70281 -0.0210387 0.947914 -9.89744 -4.70281 -9.89744 475.062 
-44 8 0 -222.122 41.818 -1.34788 0.569398 0.0512664 -0.0766294 0.0512664 0.65833 0.0796071 -0.0766294 0.0796071 0.241995 
-31 9 0 -157.327 47.7982 -4.90874 0.491122 -0.0831115 0.426938 -0.0831115 0.354867 -4.02668 0.426938 -4.02668 267.777 
-35 7 -1 -178.035 37.9012 -5.07316 0.853146 0.113312 -0.861418 0.113312 0.567058 -6.87229 -0.861418 -6.87229 434.267 
-49 7 0 -247.29 38.9178 -0.293324 0.499582 0.0444178 -0.00653344 0.0444178 2.16779 0.191723 -0.00653344 0.191723 0.190048 
-34 7 -1 -172.138 35.9981 -5.11022 0.6589 0.91165 0.638215 0.91165 3.6315 -10.7918 0.638215 -10.7918 363.578 
-36 -1 -1 -184.436 -6.71618 -6.59658 38.2333 -7.76936 -1.44728 -7.76936 2.42199 0.14775 -1.44728 0.14775 1.69481 
-30 7 -1 -152.378 37.0749 -5.17969 1.65946 -0.741544 15.2647 -0.741544 0.787991 -7.8641 15.2647 -7.8641 359.784 
-41 2 -1 -207.774 12.9591 -5.94395 0.518192 -0.0589742 0.455499 -0.0589742 0.680887 -0.684911 0.455499 -0.684911 15.2776 
-35 -8 0 -178.138 -41.9082 -1.35055 3.10626 -0.45494 0.223999 -0.45494 0.552317 -8.23479e-05 0.223999 -8.23479e-05 0.157254 
-40 8 -1 -201.913 41.5381 -5.0263 0.585105 -0.143508 3.06901 -0.143508 1.17935 -10.1916 3.06901 -10.1916 550.699 
-31 6 0 -157.137 31.5149 -1.32981 0.847174 -0.122971 0.0394794 -0.122971 1.35405 -0.0291249 0.0394794 -0.0291249 0.575063 
-35 -2 -1 -179.042 -11.5574 -6.24211 2.12685 -0.681518 1.80824 -0.681518 0.936953 -0.454627 1.80824 -0.454627 3.39503 
-45 2 0 -225.991 11.1954 -3.93272 5.87676 0.564133 -2.68927 0.564133 0.692087 1.36449 -2.68927 1.36449 9.48694 
-39 8 -1 -197.548 40.6759 -5.06675 0.538095 0.350441 -4.02897 0.350441 6.14309 -6.80838 -4.02897 -6.80838 489.167 
-45 3 -1 -227.288 17.4358 -6.06319 0.502777 0.0107754 -0.525786 0.0107754 0.611564 0.257641 -0.525786 0.257641 8.1366 
-33 7 0 -166.869 36.0564 -0.5872 1.27338 -0.327901 -0.221681 -0.327901 1.7307 0.783791 -0.221681 0.783791 0.623034 
-38 8 -1 -192.175 41.0869 -5.0471 0.518103 -0.467392 2.09016 -0.467392 2.41538 -12.4193 2.09016 -12.4193 406.976 
-35 8 -1 -177.524 41.6744 -5.03735 0.616933 0.242302 -3.44301 0.242302 0.648677 -3.52705 -3.44301 -3.52705 389.891 
-32 8 -1 -161.458 40.6239 -5.02528 5.59125 -2.77404 -43.1475 -2.77404 6.71374 -29.8527 -43.1475 -29.8527 1783.08 
-40 7 0 -202.996 39.1225 1.08685 0.698927 -0.153016 0.0399254 -0.153016 2.80156 -0.061012 0.0399254 -0.061012 0.323829 
-40 5 0 -201.478 26.5592 -0.897687 1.2957 0.167155 -0.0260258 0.167155 1.1132 -0.119918 -0.0260258 -0.119918 0.481894 
-41 7 -1 -206.843 36.4649 -5.0534 0.377001 -0.185804 1.59722 -0.185804 1.62523 -9.45925 1.59722 -9.45925 349.498 
-31 8 -1 -156.963 42.6277 -5.03328 0.441666 0.110917 2.84727 0.110917 0.33664 -1.14463 2.84727 -1.14463 239.087 
-32 -3 0 -163.215 -17.3438 -1.01557 1.88607 0.0616576 0.233916 0.0616576 0.476125 0.0113296 0.233916 0.0113296 0.230534 
-35 1 -1 -177.534 7.46995 -5.84323 0.572483 0.299391 -3.232 0.299391 1.4614 -10.8447 -3.232 -10.8447 119.545 
-30 -5 -1 -152.504 -27.5068 -6.7805 1.85828 -0.0329679 25.5719 -0.0329679 0.492937 -0.526184 25.5719 -0.526184 473.612 
-35 2 0 -177.141 12.6059 -3.84053 0.516201 0.158971 -0.32659 0.158971 1.27333 -0.414933 -0.32659 -0.414933 2.75618 
-38 -8 0 -191.344 -43.1785 2.69332 0.824053 2.07727 0.0865942 2.07727 81.586 -23.4519 0.0865942 -23.4519 8.49771 
-41 8 -1 -207.256 41.7704 -5.01137 17.5105 -11.8225 40.6391 -11.8225 19.9587 8.61938 40.6391 8.61938 6653.7 
-44 1 0 -223.244 8.03116 -3.9805 0.83336 -0.074551 0.257652 -0.074551 0.847232 -0.307611 0.257652 -0.307611 2.59637 
-47 -7 0 -238.03 -37.2019 -1.45293 0.800263 0.114361 0.107459 0.114361 0.551537 0.136316 0.107459 0.136316 0.2288 
-33 -9 0 -167.002 -48.4875 -1.1659 0.523236 -0.104758 -0.0211623 -0.104758 0.783234 0.166586 -0.0211623 0.166586 0.197104 
-47 -1 1 -238.609 -7.23221 5.50353 2.60112 0.512613 1.5284 0.512613 0.534362 -0.66494 1.5284 -0.66494 13.6326 
-47 1 -1 -237.414 7.92651 -5.77632 0.534808 -0.0154433 -0.341797 -0.0154433 0.751465 -0.80295 -0.341797 -0.80295 6.37207 
-36 -7 0 -181.619 -38.6668 -2.81434 2.48034 0.860178 0.173651 0.860178 2.55936 0.481807 0.173651 0.481807 0.208826 
-30 3 -1 -152.62 17.5136 -5.70942 0.463911 -0.00937863 0.399658 -0.00937863 0.515009 4.65705 0.399658 4.65705 451.588 
-33 -8 0 -167.085 -41.5877 -1.28166 0.553359 -0.104362 -0.0113826 -0.104362 0.578355 -0.117696 -0.0113826 -0.117696 0.171749 
-32 -8 0 -162.376 -42.6786 -1.20778 0.776428 0.185895 0.0446423 0.185895 0.544815 0.0216313 0.0446423 0.0216313 0.214954 
-42 -8 0 -212.411 -42.0854 -0.301706 1.33454 -0.744416 0.010966 -0.744416 1.17999 -0.0307423 0.010966 -0.0307423 0.128757 
-46 -9 -1 -233.758 -47.8487 -6.88672 2.20881 -0.446837 -1.78532 -0.446837 0.430535 0.398076 -1.78532 0.398076 324.558 
-30 -2 0 -154.342 -12.7309 -4.12516 6.00774 -0.151935 0.364529 -0.151935 0.558167 0.0218791 0.364529 0.0218791 5.24946 
-41 2 0 -208.381 13.3605 -4.69949 1.58911 0.50718 -0.781038 0.50718 0.660984 0.258148 -0.781038 0.258148 6.18562 
-44 0 0 -222.629 2.89841 -3.61412 0.518937 0.136433 0.378767 0.136433 0.616361 1.26735 0.378767 1.26735 4.08248 
-35 -7 0 -177.724 -38.6841 -3.42851 0.638387 -0.562634 -0.118718 -0.562634 1.73216 0.380306 -0.118718 0.380306 0.346771 
-46 3 0 -232.284 19.1534 -0.445694 0.592426 0.187519 -0.28717 0.187519 2.61011 -0.560563 -0.28717 -0.560563 0.77891 
-32 -7 0 -162.642 -38.1654 -2.21652 0.500301 -0.0290179 -0.0191908 -0.0290179 1.00122 -0.0590961 -0.0191908 -0.0590961 0.350722 
-34 -7 0 -172.529 -37.5974 -2.4967 0.468766 0.662853 -0.0109365 0.662853 16.8115 0.370716 -0.0109365 0.370716 0.383661 
-42 -6 0 -212.861 -32.528 -2.69066 440.291 -16.9858 2.45604 -16.9858 1.10236 -0.0763278 2.45604 -0.0763278 0.517547 
-36 8 -1 -182.166 42.1426 -5.08142 1.07127 -0.496234 -2.39959 -0.496234 1.0456 -7.26492 -2.39959 -7.26492 455.59 
-46 -6 0 -233.956 -31.7388 -0.719696 0.860308 0.054188 0.0399539 0.054188 0.639331 -0.0105968 0.0399539 -0.0105968 0.185519 
-42 -5 0 -212.679 -27.4537 -2.96224 479.03 -16.7781 -4.21235 -16.7781 1.06855 0.157156 -4.21235 0.157156 0.654455 
-48 -5 0 -242.194 -27.8498 -0.0419872 0.642866 0.109178 0.0266803 0.109178 0.552273 -0.0336152 0.0266803 -0.0336152 0.170966 
-31 -3 0 -157.307 -17.3576 -3.92531 4.30496 -0.835931 0.419955 -0.835931 0.594527 0.0415126 0.419955 0.0415126 2.92741 
-32 -5 0 -162.193 -26.4456 -1.6218 0.532345 0.050663 -0.126053 0.050663 0.752141 0.210625 -0.126053 0.210625 0.680687 
-35 -5 0 -177.285 -25.3009 -1.84594 0.744635 5.38518 0.329323 5.38518 294.074 -10.5029 0.329323 -10.5029 1.44507 
-33 6 -1 -167.617 32.4651 -5.16111 0.573223 0.258935 -5.40013 0.258935 0.746176 -5.36291 -5.40013 -5.36291 380.967 
-42 -4 0 -212.505 -22.4034 -2.93426 475.334 -12.9836 -2.41848 -12.9836 0.839109 0.0796623 -2.41848 0.0796623 0.610836 
-48 -4 0 -242.754 -22.3569 -0.0225253 0.453326 0.0424695 -0.0247154 0.0424695 0.460046 0.0128319 -0.0247154 0.0128319 0.153402 
-49 -4 0 -246.933 -22.2633 -0.327536 0.701344 0.0311266 -0.0673293 0.0311266 0.538085 -0.01716 -0.0673293 -0.01716 0.22223 
-34 3 -1 -172.518 17.5711 -5.84201 0.492778 0.0340075 -1.22697 0.0340075 0.544631 -3.37789 -1.22697 -3.37789 127.982 
-42 -3 0 -212.372 -18.2322 -2.90419 442.5 -15.8749 -1.75395 -15.8749 1.39768 -0.265339 -1.75395 -0.265339 0.730382 
-44 -3 0 -221.93 -16.7847 -3.94557 2.60112 1.39195 -1.80815 1.39195 2.05862 -1.3993 -1.80815 -1.3993 3.33986 
-48 -3 0 -242.129 -17.6744 -0.608246 0.69701 -0.388854 -0.10233 -0.388854 0.67971 0.0401668 -0.10233 0.0401668 0.235259 
-34 -3 0 -173.15 -16.3449 -0.172846 2.38534 -0.395412 -0.236989 -0.395412 0.788263 0.0125424 -0.236989 0.0125424 0.224283 
-30 -3 0 -154.296 -15.2962 -4.35066 9.74998 -0.653006 -4.57756 -0.653006 25.7591 6.72596 -4.57756 6.72596 21.7005 
-47 -2 0 -238.242 -12.6119 1.07917 0.675742 -0.102128 -0.0726971 -0.102128 0.492754 -0.0639014 -0.0726971 -0.0639014 0.226913 
-41 9 0 -207.17 47.9797 -1.11802 0.630778 -0.0482937 -0.0336528 -0.0482937 3.56284 -0.125074 -0.0336528 -0.125074 0.127876 
-41 6 -1 -207.392 32.219 -5.13218 0.549681 -0.0855282 4.75397 -0.0855282 0.494906 -6.27484 4.75397 -6.27484 393.683 
-46 -2 0 -233.182 -13.1985 -0.317074 0.923797 0.322623 0.124932 0.322623 0.757397 0.16389 0.124932 0.16389 0.167655 
-44 -2 0 -222.94 -13.9871 -3.25295 0.739546 1.96827 0.290574 1.96827 10.3248 0.274024 0.290574 0.274024 1.02415 
-32 -2 0 -163.772 -12.5307 -2.17705 1.11253 0.149518 0.226395 0.149518 0.394393 0.138574 0.226395 0.138574 0.372554 
-36 -2 0 -181.48 -12.2622 -2.03185 2.49641 1.33793 0.700114 1.33793 2.70572 -1.22644 0.700114 -1.22644 2.00967 
-48 8 0 -242.174 40.6723 -1.74269 1.35309 8.21393 -0.221605 8.21393 176.66 -3.49203 -0.221605 -3.49203 0.250607 
-45 -2 0 -227.161 -12.5146 -2.85074 4.21907 10.9166 0.424075 10.9166 32.1837 1.44554 0.424075 1.44554 0.952386 
-46 -1 0 -233.472 -7.43174 -3.53646 30.0652 -6.79239 3.21462 -6.79239 1.99811 -0.688288 3.21462 -0.688288 1.79555 
-33 -1 0 -165.657 -8.60874 -3.37793 4.77102 -0.340212 -0.752283 -0.340212 1.77969 0.292132 -0.752283 0.292132 0.808636 
-47 1 0 -237.571 6.53679 -3.19244 0.576953 0.00258099 0.219839 0.00258099 1.08201 0.434634 0.219839 0.434634 1.05303 
-36 -1 0 -183.433 -7.02092 -2.64602 1.1767 -0.193792 -1.04764 -0.193792 1.02383 0.272631 -1.04764 0.272631 1.50571 
-37 -1 0 -186.869 -6.65389 -3.96582 1.30845 1.16818 1.28632 1.16818 1.74077 2.18069 1.28632 2.18069 5.43331 
-49 -1 0 -245.806 -5.26634 -1.79909 15.0597 11.5013 -3.22939 11.5013 34.2439 -0.25233 -3.22939 -0.25233 1.186 
-31 -2 -1 -157.92 -12.1377 -6.43885 0.612315 0.124446 0.245808 0.124446 0.516875 0.220879 0.245808 0.220879 3.14248 
-48 -8 -1 -242.795 -41.9109 -6.50687 0.862823 -0.32548 -1.02614 -0.32548 0.765387 0.099178 -1.02614 0.099178 9.22857 
-47 0 0 -237.868 -0.320424 -1.49425 0.599015 0.00740467 0.0858828 0.00740467 0.155756 0.106329 0.0858828 0.106329 0.269952 
-49 -7 0 -246.819 -38.4277 0.947273 1.15192 0.313791 -0.557561 0.313791 1.14722 0.149166 -0.557561 0.149166 0.512157 
-36 0 0 -181.997 -1.78613 -3.71634 0.521753 -0.186903 -0.0160724 -0.186903 0.400234 0.254472 -0.0160724 0.254472 1.15028 
-39 0 0 -196.492 0.043914 -3.0087 0.727157 0.0659333 -0.261059 0.0659333 0.18454 0.0198055 -0.261059 0.0198055 0.63349 
-40 0 0 -202.443 2.49017 -3.81836 0.469403 0.00328367 -0.0399719 0.00328367 0.156214 -0.135472 -0.0399719 -0.135472 2.14187 
-34 0 0 -172.681 0.780479 -3.27903 0.963126 0.00917843 -0.0340685 0.00917843 0.870823 0.0716481 -0.0340685 0.0716481 0.662808 
-42 0 0 -212.633 2.9042 -3.93911 0.466473 -0.013493 0.155088 -0.013493 0.302476 -0.0259773 0.155088 -0.0259773 1.93157 
-31 0 0 -159.853 2.34156 -4.51959 5854.68 1059.59 720.319 1059.59 207.68 127.364 720.319 127.364 95.8787 
-33 0 0 -166.948 2.55132 -4.51818 15.2907 4.61287 4.3536 4.61287 23.2944 0.867358 4.3536 0.867358 9.65086 
-45 0 0 -227.651 3.56505 -3.17881 0.61892 -0.0930477 0.73125 -0.0930477 0.905894 1.43471 0.73125 1.43471 6.70894 
-46 1 0 -232.555 7.47958 -3.3374 0.577772 -0.198313 -0.000318843 -0.198313 0.648842 0.00825442 -0.000318843 0.00825442 0.835459 
-35 -2 0 -179.564 -11.8035 -3.45829 66.1429 -14.8112 -1.53882 -14.8112 3.878 0.372376 -1.53882 0.372376 1.36735 
-31 7 0 -159.647 38.9118 -2.92055 14.843 -0.313432 -0.988769 -0.313432 5.18729 0.23064 -0.988769 0.23064 0.549912 
-38 -9 0 -193.698 -48.0391 1.39877 19.3194 -26.1476 52.5919 -26.1476 38.8662 -76.1073 52.5919 -76.1073 150.912 
-35 -4 0 -175.963 -21.7352 -3.73827 268.023 -5.77409 25.7049 -5.77409 0.723819 -0.860902 25.7049 -0.860902 3.90457 
-43 1 0 -216.124 7.12879 -3.7013 0.94719 0.345403 -0.100717 0.345403 0.730021 -0.201329 -0.100717 -0.201329 2.06308 
-42 1 0 -213.04 7.02568 -3.63662 0.704216 0.132019 0.140115 0.132019 0.68442 -0.117905 0.140115 -0.117905 1.99037 
-39 -1 0 -199.814 -7.8215 -2.17094 453.735 -8.15913 1.88312 -8.15913 0.766897 -0.20017 1.88312 -0.20017 1.93108 
-31 3 -1 -157.493 17.5696 -5.68323 0.46004 0.0164137 -0.664838 0.0164137 0.561526 -2.65345 -0.664838 -2.65345 80.1092 
-39 1 0 -199.44 5.96869 -3.94843 7.05748 1.63016 -0.711245 1.63016 2.91471 0.273959 -0.711245 0.273959 4.29038 
-46 2 0 -233.831 13.4577 -4.69591 2.46399 -0.461562 5.65793 -0.461562 0.556943 -1.5989 5.65793 -1.5989 31.8379 
-37 1 0 -188.462 6.39746 -3.45108 2.15947 -2.1735 -0.53606 -2.1735 2.72749 0.532192 -0.53606 0.532192 1.38598 
-31 1 0 -159.788 6.49517 -4.90944 3833.83 -219.061 -0.882835 -219.061 16.4383 -15.4349 -0.882835 -15.4349 3846.3 
-44 2 0 -223.469 10.4151 -3.80029 1.39171 0.562813 -0.215868 0.562813 13.4795 0.748683 -0.215868 0.748683 5.11635 
-45 5 0 -227.392 27.8337 0.305622 0.530604 0.0249576 0.0590186 0.0249576 0.549488 0.0774195 0.0590186 0.0774195 0.230249 
-32 2 0 -162.396 12.9585 -4.00388 0.482248 -0.0456696 0.178554 -0.0456696 1.07641 -0.935384 0.178554 -0.935384 2.63859 
-40 4 -1 -202.491 22.2716 -5.91786 0.497346 0.0272116 -0.837178 0.0272116 0.47561 -1.20573 -0.837178 -1.20573 47.856 
-43 4 -1 -217.481 22.6166 -6.05646 0.627339 0.564989 -8.3156 0.564989 2.70869 -32.6221 -8.3156 -32.6221 481.07 
-48 2 0 -242.478 14.9137 -4.43137 29.2695 252.628 -103.549 252.628 2805.71 -975.758 -103.549 -975.758 416.129 
-48 3 0 -241.226 16.0703 -4.56005 1.7141 -2.59378 10.1174 -2.59378 13.221 -34.0062 10.1174 -34.0062 153.629 
-42 3 0 -211.073 17.0028 -4.90548 27.0978 171.268 -303.412 171.268 4890.31 -23.3861 -303.412 -23.3861 6133.97 
-32 3 0 -162.28 19.0317 -4.51801 1.05717 2.27378 0.0149711 2.27378 64.3293 -16.0315 0.0149711 -16.0315 23.4464 
-39 -4 0 -197.915 -24.5575 -1.08131 1.1272 17.2534 -1.47698 17.2534 441.856 -43.147 -1.47698 -43.147 11.9871 
-31 3 0 -157.7 18.7142 -4.42292 0.299095 -0.243411 0.145221 -0.243411 1.02666 0.309838 0.145221 0.309838 17.2324 
-34 3 0 -172.509 19.4951 -4.66488 5.06934 10.7275 31.2526 10.7275 52.3179 59.4557 31.2526 59.4557 205.506 
-42 4 0 -211.431 20.4658 -4.71973 0.559889 -0.558498 -2.25607 -0.558498 36.8767 -7.90158 -2.25607 -7.90158 67.6114 
-44 -3 -1 -222.167 -16.8517 -6.61813 1.32981 0.346988 -0.126528 0.346988 0.953123 0.171776 -0.126528 0.171776 0.786095 
-41 4 0 -207.845 20.2349 -4.71797 1.53395 19.1724 -6.10807 19.1724 346.19 -118.505 -6.10807 -118.505 69.2205 
-45 4 0 -227.407 22.3182 0.475012 0.474592 0.0239321 0.0117854 0.0239321 0.490507 -0.00386575 0.0117854 -0.00386575 0.250759 
-39 4 0 -198.118 23.3597 -2.18474 0.662331 0.622219 0.0943722 0.622219 1.15629 -0.171927 0.0943722 -0.171927 0.624385 
-47 4 0 -236.152 22.9498 -0.798736 1.66655 0.452912 -0.347351 0.452912 0.723564 -0.142194 -0.347351 -0.142194 0.352744 
-48 -4 1 -241.89 -22.5484 5.65598 0.743195 -0.135545 0.18205 -0.135545 0.393748 0.0231817 0.18205 0.0231817 4.57863 
-47 5 0 -237.43 27.7917 0.732389 0.499807 0.0753184 0.00847204 0.0753184 0.684368 -0.082485 0.00847204 -0.082485 0.213701 
-33 -2 0 -167.226 -12.3661 -0.934279 0.465109 0.0368475 0.0460591 0.0368475 1.30768 0.240897 0.0460591 0.240897 0.210746 
-46 -6 -1 -232.621 -32.164 -6.6196 0.512481 0.177099 1.37074 0.177099 0.606296 0.433254 1.37074 0.433254 14.7988 
-34 5 0 -172.529 26.0481 0.257937 0.54324 -0.00906899 0.0652023 -0.00906899 1.45228 -0.0525001 0.0652023 -0.0525001 0.210231 
-44 5 0 -224.199 27.6984 -0.531132 3.70759 0.511686 0.453753 0.511686 0.339193 0.140265 0.453753 0.140265 0.443667 
-33 -2 -1 -167.122 -12.073 -6.20448 0.458843 -0.0973065 -0.113748 -0.0973065 1.24537 0.0437412 -0.113748 0.0437412 2.34464 
-46 5 0 -232.33 27.7695 0.572515 0.524361 -0.032051 0.0144286 -0.032051 0.455439 0.0789237 0.0144286 0.0789237 0.220298 
-49 6 0 -247.247 32.0117 0.253271 0.61913 -0.0978827 0.0110162 -0.0978827 0.717378 -0.0199485 0.0110162 -0.0199485 0.12589 
-47 6 0 -237.685 32.0767 0.228921 0.644905 0.129984 -0.0313919 0.129984 0.743457 -0.0493273 -0.0313919 -0.0493273 0.123853 
-47 4 -1 -237.617 22.5069 -6.30325 0.499236 0.0820659 -1.18215 0.0820659 0.684261 -3.16438 -1.18215 -3.16438 46.752 
-39 -8 0 -197.23 -41.9278 3.19403 0.609102 0.803989 -0.119784 0.803989 3.59771 -0.0697121 -0.119784 -0.0697121 0.531781 
-46 6 0 -231.725 31.664 0.409857 0.60845 -0.16441 -0.0333127 -0.16441 0.743963 -0.0738072 -0.0333127 -0.0738072 0.120799 
-44 6 0 -221.877 32.8859 -1.32531 0.493917 -0.263086 0.0115888 -0.263086 0.671891 -0.0833258 0.0115888 -0.0833258 0.174287 
-43 6 0 -218.054 33.5942 -0.867647 0.858104 -0.547736 0.0960543 -0.547736 1.87122 -0.206 0.0960543 -0.206 0.164783 
-49 -4 -1 -247.242 -22.4289 -6.57377 1.13306 0.11905 -5.45855 0.11905 0.538639 -1.09371 -5.45855 -1.09371 50.7173 
-43 7 0 -217.022 36.7942 -0.373425 0.721117 -0.172865 0.0679863 -0.172865 0.461096 -0.00196436 0.0679863 -0.00196436 0.141662 
-41 7 0 -207.167 39.0912 0.651764 0.236154 -0.0411836 -0.00328586 -0.0411836 3.96336 -0.763896 -0.00328586 -0.763896 0.401595 
-30 -6 -1 -152.522 -32.4932 -6.77498 1.56667 0.244934 21.6379 0.244934 0.541276 4.28312 21.6379 4.28312 404.725 
-45 7 0 -227.48 38.2901 -0.208119 0.486281 0.250851 0.0469302 0.250851 1.89902 0.132102 0.0469302 0.132102 0.17542 
-37 -2 -1 -186.976 -11.3039 -7.2662 0.75102 -0.00837967 -0.780115 -0.00837967 1.7031 1.88974 -0.780115 1.88974 7.10096 
-47 8 0 -236.577 40.5089 -1.67093 0.939567 0.854934 -0.262994 0.854934 14.5036 -0.287812 -0.262994 -0.287812 0.23337 
-39 8 0 -196.513 42.0115 -0.263364 0.967103 0.0249396 -0.224263 0.0249396 1.00791 0.247402 -0.224263 0.247402 0.19819 
-49 8 0 -248.096 40.8413 -2.29234 0.874734 2.30875 0.0875933 2.30875 57.9969 -1.46337 0.0875933 -1.46337 0.25058 
-40 8 0 -202.902 41.5131 0.466067 0.676972 0.0127525 0.016483 0.0127525 1.23759 0.185626 0.016483 0.185626 0.1619 
-47 5 -1 -237.59 27.3717 -5.66405 0.507735 0.307788 -1.39572 0.307788 4.29227 -17.5629 -1.39572 -17.5629 80.8955 
-41 -8 -1 -207.314 -41.2287 -5.97617 3.13645 -1.65761 2.51468 -1.65761 6.63519 1.35444 2.51468 1.35444 7.02479 
-38 8 0 -193.552 41.385 -0.597273 0.888421 -0.399168 0.00940427 -0.399168 1.30996 0.300802 0.00940427 0.300802 0.186954 
-30 4 0 -153.267 20.7653 -3.30052 43.7999 -52.8913 2.00487 -52.8913 64.9774 -2.16013 2.00487 -2.16013 0.88335 
-45 9 0 -225.034 46.5324 -4.49292 935.724 -26.1586 28.3976 -26.1586 1.67973 -1.36354 28.3976 -1.36354 33.0014 
-48 0 -1 -242.925 0.553065 -6.04906 0.61407 -0.0111709 0.628452 -0.0111709 0.139232 -0.415416 0.628452 -0.415416 9.48375 
-43 9 0 -217.136 48.1429 -1.308 0.46435 -0.190166 -0.0559025 -0.190166 1.1974 -0.0410948 -0.0559025 -0.0410948 0.122312 
-38 9 0 -192.669 47.612 -1.87623 0.869427 -0.264458 0.158664 -0.264458 1.28201 -0.167325 0.158664 -0.167325 0.181416 
-37 9 0 -188.577 47.6867 -3.91757 0.848247 -0.291025 0.293054 -0.291025 0.91235 -0.528641 0.293054 -0.528641 0.975689 
-30 9 0 -153.964 47.3926 -4.92566 2.01508 -0.668405 19.3959 -0.668405 1.22979 -14.0175 19.3959 -14.0175 832.919 
-32 -1 -1 -162.879 -7.88443 -6.21225 0.784571 0.182385 0.867467 0.182385 0.836251 1.00963 0.867467 1.00963 4.22062 
-30 6 -1 -152.735 31.969 -5.26987 1.33092 -0.28345 19.6303 -0.28345 0.575585 -5.69455 19.6303 -5.69455 443.646 
-41 -7 0 -207.366 -38.8396 -3.57899 10.0718 0.499212 6.49467 0.499212 2.63136 1.07595 6.49467 1.07595 5.87476 
-45 -7 0 -228.291 -36.3566 -1.58664 1.03343 -0.395768 -0.0562082 -0.395768 1.0579 -0.0024117 -0.0562082 -0.0024117 0.390101 
-47 -4 0 -237.755 -22.7972 0.276222 0.508819 0.0391189 0.0405873 0.0391189 0.60781 -0.0642768 0.0405873 -0.0642768 0.220655 
-34 -4 0 -173.257 -21.4713 -3.67447 994.506 -84.8858 16.2794 -84.8858 14.5119 -1.39816 16.2794 -1.39816 1.26883 
-31 -7 -1 -157.832 -37.4951 -6.32358 1.07381 -0.254343 1.00279 -0.254343 0.602044 -0.498142 1.00279 -0.498142 5.21561 
-30 2 -1 -152.615 12.3826 -5.58815 0.502428 0.00247619 0.730221 0.00247619 0.530524 0.551647 0.730221 0.551647 32.7612 
-42 -2 -1 -212.576 -14.4487 -6.59254 9.72785 -3.50936 -6.30097 -3.50936 18.7565 3.82344 -6.30097 3.82344 6.10691 
-46 -5 0 -234.132 -28.405 -1.79783 1.68682 0.354781 0.0660708 0.354781 0.533027 0.0984007 0.0660708 0.0984007 0.371739 
-38 -1 0 -190.998 -5.60782 -3.63704 2.70165 1.38321 0.15826 1.38321 21.8232 48.7324 0.15826 48.7324 183.975 
