-37 -29 2 -185.58 -148.678 11.6999 5.58165 -2.75072 -1.53359 -2.75072 5.34692 2.9548 -1.53359 2.9548 3.30283 
-41 -28 2 -208.198 -141.358 10.5259 7.77605 -3.22242 -1.29077 -3.22242 3.00751 -0.670357 -1.29077 -0.670357 6.52583 
-34 -29 2 -172.82 -147.183 11.3903 2.14002 0.0682314 -0.793024 0.0682314 1.42928 -0.210245 -0.793024 -0.210245 1.26192 
-36 -29 2 -183.4 -148.986 10.9172 0.704838 -0.10203 0.24374 -0.10203 1.95697 0.332827 0.24374 0.332827 2.53599 
-42 -27 1 -211.155 -139.502 8.12939 1.30895 -2.85456 1.0712 -2.85456 15.3872 -3.43318 1.0712 -3.43318 2.18584 
-39 -13 1 -197.766 -68.4375 7.31093 136.492 139.544 -3.70062 139.544 147.063 -5.5861 -3.70062 -5.5861 1.44573 
-31 -28 1 -159.432 -144.681 6.02193 27.9433 -16.3203 12.0314 -16.3203 25.1586 -5.52653 12.0314 -5.52653 33.4551 
-39 -14 1 -196.328 -71.8821 7.10482 1.95605 -0.399577 -0.189717 -0.399577 1.08171 -0.329245 -0.189717 -0.329245 1.17902 
-48 -27 -1 -241.733 -135.118 -5.02366 2.36546 -1.32693 29.1333 -1.32693 110.209 -17.2425 29.1333 -17.2425 1909.44 
-42 -24 -1 -212.527 -122.394 -6.01067 0.497843 0.00430352 0.134269 0.00430352 0.50202 -0.671505 0.134269 -0.671505 17.2478 
-36 -27 0 -180.985 -135.795 -3.76827 2.79828 0.375467 -0.609004 0.375467 4.65365 0.578454 -0.609004 0.578454 3.14545 
-46 -23 0 -232.189 -116.309 -2.56868 0.553884 0.273844 0.0193111 0.273844 1.35573 -0.347572 0.0193111 -0.347572 0.394637 
-43 -27 -1 -217.494 -137.103 -5.17421 0.516822 -0.0641726 -3.77967 -0.0641726 0.69812 5.08251 -3.77967 5.08251 262.711 
-42 -26 -1 -212.501 -132.293 -5.49426 0.472882 -0.00235149 -8.74235e-05 -0.00235149 0.856248 4.21493 -8.74235e-05 4.21493 57.8202 
-49 -26 -1 -247.52 -132.114 -5.38681 0.497224 0.109826 0.79746 0.109826 3.03636 20.2235 0.79746 20.2235 164.176 
-49 -22 -1 -246.676 -113.255 -5.80419 1.18968 -0.754689 -0.370433 -0.754689 1.05609 -0.273327 -0.370433 -0.273327 6.22624 
-32 -24 -1 -162.255 -122.771 -6.52921 0.485971 0.0823961 0.18555 0.0823961 0.52871 0.177769 0.18555 0.177769 2.28829 
-45 -27 -1 -227.051 -136.704 -5.11136 0.927747 0.768223 10.9819 0.768223 1.85444 21.9228 10.9819 21.9228 482.837 
-39 -27 -1 -197.31 -136.835 -5.32889 0.593471 0.104374 1.80876 0.104374 0.410741 1.31582 1.80876 1.31582 53.0167 
-38 -25 -1 -192.538 -127.103 -5.94194 0.471343 -0.00940863 -0.0671244 -0.00940863 0.891341 5.43727 -0.0671244 5.43727 82.2225 
-41 -29 -1 -208.035 -147.597 -5.3534 0.552507 -0.136569 0.708205 -0.136569 0.311874 -0.203763 0.708205 -0.203763 17.1412 
-48 -20 -1 -243.088 -102.398 -5.78071 0.598745 0.0296727 0.310396 0.0296727 3.70821 -1.51166 0.310396 -1.51166 5.8944 
-33 -16 -1 -167.202 -81.0997 -5.45833 0.50814 0.129678 0.265309 0.129678 0.895611 1.82727 0.265309 1.82727 11.4182 
-40 -26 -1 -202.52 -132.284 -5.48952 0.481904 -0.011507 -0.0145747 -0.011507 0.80453 3.67039 -0.0145747 3.67039 57.7625 
-45 -29 0 -228.744 -146.566 0.96983 1.43485 0.103511 0.180646 0.103511 1.37064 -0.333561 0.180646 -0.333561 0.202566 
-34 -16 -1 -170.974 -80.8343 -5.37067 1.88589 0.167758 0.607299 0.167758 0.484845 0.904859 0.607299 0.904859 8.50373 
-47 -20 -1 -238.339 -102.514 -5.70009 1.02736 1.83223 0.982611 1.83223 4.30256 1.85936 0.982611 1.85936 5.37683 
-39 -27 0 -197.045 -138.477 1.13326 0.541655 -0.160832 -0.0182821 -0.160832 0.774935 -0.0921086 -0.0182821 -0.0921086 0.158705 
-36 -22 -1 -182.023 -113.101 -5.87699 0.550353 -0.187002 -0.0286108 -0.187002 0.806707 -0.27996 -0.0286108 -0.27996 4.28488 
-33 -17 -1 -167.406 -87.748 -5.13075 1.55599 1.70858 6.36719 1.70858 2.42602 12.6235 6.36719 12.6235 149.154 
-31 -25 -1 -158.255 -126.86 -6.88475 0.751944 -0.0163691 0.561586 -0.0163691 0.705815 -0.395222 0.561586 -0.395222 1.90774 
-38 -23 -1 -192.573 -118.525 -5.88245 0.459161 -0.0842902 0.345509 -0.0842902 1.11086 -0.726152 0.345509 -0.726152 8.56942 
-49 -23 -1 -247.566 -117.667 -5.87767 0.597697 -0.165879 0.12905 -0.165879 0.551942 0.0503978 0.12905 0.0503978 6.49663 
-41 -23 -1 -207.549 -118.292 -5.95088 0.495101 0.0198688 0.0712969 0.0198688 0.837345 -0.022492 0.0712969 -0.022492 9.73735 
-42 -23 -1 -212.569 -118.029 -5.95563 0.521242 0.0574557 -0.0752537 0.0574557 0.725689 -0.906302 -0.0752537 -0.906302 10.2907 
-45 -28 1 -227.575 -141.698 6.20196 0.524892 0.100659 0.0877813 0.100659 0.737258 -0.333477 0.0877813 -0.333477 1.29538 
-46 -23 -1 -232.3 -117.573 -5.90206 0.611026 0.0687235 -0.424423 0.0687235 0.558245 -0.373628 -0.424423 -0.373628 6.9462 
-33 -23 -1 -167.241 -117.444 -6.38742 0.485847 0.0302626 -0.354888 0.0302626 0.566004 1.00488 -0.354888 1.00488 12.3553 
-47 -23 -1 -237.448 -117.406 -6.11954 0.52013 0.0411527 -0.647972 0.0411527 0.586151 -1.28512 -0.647972 -1.28512 17.3425 
-40 -23 -1 -202.528 -118.261 -5.93332 0.465377 -0.0373918 0.179271 -0.0373918 0.945278 -0.296038 0.179271 -0.296038 9.57238 
-37 -24 -1 -187.838 -122.667 -6.07225 0.531508 0.0395777 1.21334 0.0395777 0.474798 -0.380191 1.21334 -0.380191 51.3386 
-40 -29 -1 -201.435 -145.806 -5.3427 1.14365 -0.333667 2.76415 -0.333667 2.87952 -5.91129 2.76415 -5.91129 28.1017 
-39 -24 -1 -197.529 -122.432 -5.99865 0.497176 0.00539977 0.333595 0.00539977 0.460857 -0.379874 0.333595 -0.379874 33.7981 
-43 -24 -1 -217.444 -122.43 -6.04713 0.505435 -0.00148931 -0.628444 -0.00148931 0.519342 -0.819569 -0.628444 -0.819569 20.5224 
-42 -25 -1 -212.552 -127.177 -5.9534 0.47179 -0.0191508 -0.0535717 -0.0191508 0.788534 3.64554 -0.0535717 3.64554 52.5917 
-31 -21 -1 -157.88 -107.271 -6.97214 0.551455 -0.039991 0.648493 -0.039991 0.517875 -0.678568 0.648493 -0.678568 11.7569 
-45 -24 -1 -227.387 -122.647 -6.1568 0.52535 -0.0572707 -4.42969 -0.0572707 0.682576 9.69247 -4.42969 9.69247 425.498 
-42 -29 0 -211.992 -147.651 1.40976 0.800297 0.0587741 0.0213018 0.0587741 0.995238 -0.15043 0.0213018 -0.15043 0.175403 
-34 -11 0 -172.896 -57.4478 -2.29256 1.22439 -0.172836 1.25784 -0.172836 0.524939 -0.123264 1.25784 -0.123264 2.37779 
-37 -26 -1 -187.729 -132.42 -5.57922 0.574589 -0.0223979 2.01109 -0.0223979 0.507172 -0.0724478 2.01109 -0.0724478 97.1753 
-46 -24 -1 -232.504 -122.495 -6.18001 0.485238 0.0301253 1.74203 0.0301253 0.627049 8.36755 1.74203 8.36755 478.668 
-33 -12 -1 -167.671 -62.6074 -6.56248 0.474121 -0.144061 0.0423073 -0.144061 0.666296 -0.0901057 0.0423073 -0.0901057 2.24748 
-47 -20 0 -237.068 -102.654 -1.91394 0.696537 0.937766 -0.00468395 0.937766 2.87128 0.0322731 -0.00468395 0.0322731 0.459048 
-47 -24 -1 -237.497 -122.499 -6.16701 0.481313 0.0161261 0.835388 0.0161261 0.617281 8.0432 0.835388 8.0432 478.44 
-49 -24 -1 -247.614 -122.058 -6.0038 0.567003 0.00841524 0.375115 0.00841524 0.577123 -1.37575 0.375115 -1.37575 14.0732 
-35 -25 -1 -177.383 -127.494 -5.96721 0.544376 0.016673 2.12796 0.016673 0.445572 -0.0387455 2.12796 -0.0387455 71.1893 
-41 -28 1 -208.293 -141.383 6.91976 0.644508 0.32649 0.0652705 0.32649 1.37709 -0.0487336 0.0652705 -0.0487336 0.657421 
-36 -25 -1 -182.504 -127.248 -5.92498 0.469906 -0.0545523 -0.805058 -0.0545523 1.05591 7.19629 -0.805058 7.19629 98.2168 
-43 -25 -1 -217.558 -127.393 -5.97531 0.487321 -0.0638008 -0.441372 -0.0638008 0.686645 2.52671 -0.441372 2.52671 35.5551 
-45 -25 -1 -227.313 -127.867 -5.95852 0.477941 -0.0948859 -0.781247 -0.0948859 0.6826 2.26844 -0.781247 2.26844 25.7023 
-46 -11 0 -231.528 -55.8749 -1.34493 1.12476 -1.29732 -0.0804677 -1.29732 4.52015 0.0448817 -0.0804677 0.0448817 0.297792 
-48 -11 -1 -242.692 -56.6482 -6.86821 3.57591 -5.58399 3.15376 -5.58399 10.4608 -1.03086 3.15376 -1.03086 213.025 
-43 -28 -1 -217.77 -141.513 -5.11184 0.601841 0.284329 3.78631 0.284329 2.08461 16.384 3.78631 16.384 340.426 
-47 -25 -1 -237.545 -127.919 -6.02912 0.481646 0.0110764 0.425579 0.0110764 0.790351 4.69623 0.425579 4.69623 80.0994 
-48 -26 -1 -242.477 -132.197 -5.40866 0.489363 0.161877 1.07029 0.161877 3.39265 20.1885 1.07029 20.1885 145.189 
-46 -26 -1 -232.392 -132.356 -5.50064 0.489422 0.0366858 0.37886 0.0366858 2.14941 11.879 0.37886 11.879 90.8227 
-47 -23 0 -237.39 -115.635 -1.70422 0.838876 4.47462 0.0481478 4.47462 70.3129 -0.86991 0.0481478 -0.86991 0.416123 
-34 -12 0 -173.536 -62.5161 -2.3979 1.42028 -0.0817505 0.556751 -0.0817505 0.695164 -0.115146 0.556751 -0.115146 1.09277 
-41 -26 -1 -207.546 -132.331 -5.4865 0.490146 -0.0384965 -0.428715 -0.0384965 0.717305 3.04077 -0.428715 3.04077 54.4357 
-34 -18 -1 -171.635 -92.9063 -5.95414 3.55512 -1.65198 0.0311378 -1.65198 2.23915 0.206883 0.0311378 0.206883 3.16828 
-35 -26 -1 -177.597 -132.484 -5.94288 0.522139 -0.0147687 -0.355088 -0.0147687 0.54836 0.328694 -0.355088 0.328694 12.2452 
-34 -10 -1 -172.951 -54.1438 -6.4982 0.9525 -0.603141 0.821834 -0.603141 3.96954 1.44109 0.821834 1.44109 4.00512 
-39 -29 -1 -197.06 -145.784 -5.4691 0.492176 -0.0819232 -0.659123 -0.0819232 1.06074 -0.764672 -0.659123 -0.764672 8.64467 
-30 -10 -1 -151.708 -52.6619 -6.34109 0.678483 -0.1071 -0.814964 -0.1071 0.47512 0.152878 -0.814964 0.152878 4.87071 
-32 -15 0 -164.82 -76.5127 -4.54746 626.192 31.0528 10.6674 31.0528 2.96165 0.771494 10.6674 0.771494 21.0011 
-35 -23 -1 -177.47 -117.207 -6.28018 0.554594 -0.0307306 1.39702 -0.0307306 0.478823 -0.369486 1.39702 -0.369486 17.2018 
-36 -24 -1 -182.57 -122.444 -6.12112 0.499284 0.0465302 1.17242 0.0465302 0.440194 -0.351594 1.17242 -0.351594 30.2623 
-31 -10 -1 -157.565 -52.4603 -6.4029 0.498656 0.0401453 -0.372721 0.0401453 0.567409 -0.30538 -0.372721 -0.30538 8.41246 
-48 -23 0 -242.9 -115.494 -1.38877 0.600394 -1.25558 -0.143462 -1.25558 103.614 0.182455 -0.143462 0.182455 0.452858 
-45 -10 -1 -229.674 -53.1059 -6.22897 9.44689 -0.638663 1.51246 -0.638663 0.51152 0.769184 1.51246 0.769184 3.78733 
-45 -28 -1 -227.311 -142.746 -5.07725 0.619264 0.492306 4.51726 0.492306 2.55475 9.35103 4.51726 9.35103 489.948 
-44 -23 -1 -222.552 -118.123 -5.89196 0.527616 0.0411647 0.1121 0.0411647 0.664238 0.0285708 0.1121 0.0285708 7.21932 
-30 -18 -1 -152.53 -92.4141 -7.00298 0.558234 -0.0730948 3.86527 -0.0730948 0.535942 -1.47819 3.86527 -1.47819 196.505 
-48 -26 0 -241.498 -134.035 -2.93764 1.36101 -0.258604 -0.274394 -0.258604 4.07945 0.0166045 -0.274394 0.0166045 0.537708 
-46 -28 0 -232.388 -142.692 -1.31996 0.525734 0.0118502 -0.0330561 0.0118502 0.55168 0.0151497 -0.0330561 0.0151497 0.17183 
-36 -11 0 -182.586 -57.4639 3.95968 36.9112 0.706011 6.05101 0.706011 2.38718 0.0824625 6.05101 0.0824625 3.31325 
-41 -28 -1 -207.332 -142.521 -5.34428 0.536996 0.0497591 0.66595 0.0497591 0.724163 -1.13696 0.66595 -1.13696 27.0996 
-30 -11 -1 -152.021 -57.3139 -6.55616 0.487431 -0.00166876 -0.482447 -0.00166876 0.544198 0.144072 -0.482447 0.144072 9.25151 
-42 -27 -1 -212.692 -137.127 -5.18794 0.491936 -0.0985174 0.281142 -0.0985174 0.620808 2.48283 0.281142 2.48283 182.547 
-43 -13 -1 -216.689 -66.5697 -6.8095 15.7599 -4.28682 -90.6592 -4.28682 4.33579 55.2681 -90.6592 55.2681 951.21 
-33 -16 0 -167.392 -81.6928 -2.4796 0.475548 -0.0241561 0.0088678 -0.0241561 0.365229 -0.0745161 0.0088678 -0.0745161 0.518964 
-49 -25 -1 -247.474 -127.872 -6.0051 0.476003 0.01158 -0.118764 0.01158 0.903459 5.11606 -0.118764 5.11606 68.3487 
-48 -12 -1 -243.182 -64.073 -6.8383 83.0594 66.9191 250.968 66.9191 55.7353 204.158 250.968 204.158 987.105 
-31 -29 1 -158.608 -146.937 7.09999 1.94631 1.099 -0.731367 1.099 1.8932 0.342734 -0.731367 0.342734 2.20347 
-49 -12 -1 -246.691 -62.0967 -6.82976 1.06345 -0.823109 4.50121 -0.823109 0.927007 -1.93351 4.50121 -1.93351 149.822 
-47 -29 0 -238.411 -147.399 -1.33569 1.04505 0.17965 -0.0680811 0.17965 0.96843 -0.252855 -0.0680811 -0.252855 0.258611 
-45 -10 0 -229.097 -52.8068 -2.04084 1.92318 0.743524 0.894105 0.743524 1.30768 0.764564 0.894105 0.764564 1.3987 
-32 -11 -1 -162.459 -57.5738 -6.45163 0.44439 -0.0312103 -0.0428877 -0.0312103 0.519547 -0.0611523 -0.0428877 -0.0611523 2.53253 
-32 -28 1 -163.367 -143.917 6.58219 0.890953 0.195081 -0.232458 0.195081 0.589924 0.107101 -0.232458 0.107101 0.699381 
-48 -21 -1 -242.176 -107.995 -6.12942 0.560785 0.480573 -0.948824 0.480573 1.19647 -1.38748 -0.948824 -1.38748 9.52985 
-30 -12 -1 -152.501 -62.5723 -6.634 0.506519 0.0197038 -1.22278 0.0197038 0.49351 -0.602486 -1.22278 -0.602486 65.8165 
-31 -13 -1 -157.69 -67.3153 -6.64976 0.471575 0.0491615 0.454207 0.0491615 0.504158 -0.766742 0.454207 -0.766742 12.8035 
-49 -21 0 -245.681 -107.775 -1.95662 64.197 -2.58949 2.99744 -2.58949 0.56156 -0.0694043 2.99744 -0.0694043 0.536111 
-31 -10 0 -157.369 -52.6261 -4.30187 1.0743 -3.09751 1.27867 -3.09751 17.1881 -8.10242 1.27867 -8.10242 14.8961 
-47 -21 -1 -236.826 -108.24 -5.86202 0.343577 -0.0441278 -0.346761 -0.0441278 0.460458 -0.107113 -0.346761 -0.107113 4.30684 
-31 -16 -1 -158.099 -82.3023 -6.39344 0.652895 0.0105307 1.23203 0.0105307 0.462322 -0.148111 1.23203 -0.148111 7.40903 
-39 -25 -1 -197.488 -127.093 -5.90685 0.488464 0.0449813 0.629718 0.0449813 0.779913 4.30873 0.629718 4.30873 72.7311 
-47 -11 -1 -237.201 -57.5411 -6.94371 0.283927 0.0721793 1.02891 0.0721793 0.41788 -4.78743 1.02891 -4.78743 188.261 
-45 -23 -1 -227.61 -117.866 -5.92174 0.563231 -0.0399555 0.235807 -0.0399555 0.640523 -0.339549 0.235807 -0.339549 7.58236 
-43 -15 -1 -219.26 -77.8051 -6.38514 5.5719 0.951686 1.71104 0.951686 12.2358 51.0711 1.71104 51.0711 222.436 
-33 -29 -1 -167.977 -146.847 -7.03787 0.71954 -0.220473 0.128289 -0.220473 0.587316 -0.170328 0.128289 -0.170328 1.14582 
-32 -15 -1 -162.265 -77.2735 -6.27151 0.40079 0.0478855 -0.0570168 0.0478855 0.594482 -0.138982 -0.0570168 -0.138982 5.05202 
-32 -27 -1 -162.892 -138.288 -6.75119 0.554652 0.218778 0.921 0.218778 0.54953 0.969375 0.921 0.969375 3.6218 
-46 -27 -1 -232.311 -135.65 -5.07935 0.769135 1.96234 10.9514 1.96234 17.3195 67.8878 10.9514 67.8878 487.129 
-30 -17 -1 -152.183 -87.5986 -6.92401 0.544184 -0.00222017 0.0792383 -0.00222017 0.520418 -1.43175 0.0792383 -1.43175 56.1038 
-32 -21 -1 -162.607 -107.516 -6.58526 0.673144 -0.0191529 0.883075 -0.0191529 0.568611 -0.207873 0.883075 -0.207873 4.46961 
-45 -15 0 -228.122 -77.9804 -3.37693 0.689933 1.15516 -0.387858 1.15516 115.593 0.444759 -0.387858 0.444759 1.95365 
-30 -22 -1 -152.451 -112.532 -7.1752 0.853974 0.0897397 -13.1643 0.0897397 0.485077 -2.46704 -13.1643 -2.46704 452.939 
-46 -10 -1 -231.952 -53.1851 -6.55546 0.623802 0.282779 -0.566788 0.282779 0.697702 -0.0989783 -0.566788 -0.0989783 3.09755 
-36 -11 1 -182.518 -57.3678 5.09739 328.532 0.752397 20.0583 0.752397 1.75199 4.75392 20.0583 4.75392 212.828 
-33 -25 -1 -167.609 -127.467 -6.60496 0.758044 -0.0980069 1.97783 -0.0980069 0.571119 -0.938152 1.97783 -0.938152 13.6664 
-33 -26 -1 -167.466 -132.482 -6.86337 0.673616 -0.0339593 1.1994 -0.0339593 0.450222 0.200048 1.1994 0.200048 9.30653 
-30 -19 -1 -152.912 -97.466 -7.06678 0.537969 -0.0295679 2.58045 -0.0295679 0.504361 -1.47169 2.58045 -1.47169 120.118 
-33 -10 0 -167.282 -51.453 -0.452482 0.603499 -0.411552 0.0739013 -0.411552 2.28615 -0.180013 0.0739013 -0.180013 0.235039 
-42 -28 2 -214.462 -140.739 11.4945 33.1135 -5.28461 -9.44871 -5.28461 2.73366 2.97251 -9.44871 2.97251 5.51098 
-38 -26 -1 -192.464 -132.477 -5.50923 0.5016 0.056576 0.800653 0.056576 0.630333 2.98347 0.800653 2.98347 69.7428 
-31 -23 -1 -157.541 -117.326 -6.92035 0.613371 -0.108808 0.899591 -0.108808 0.568578 -0.977345 0.899591 -0.977345 11.0259 
-31 -28 -1 -157.648 -141.907 -6.74627 0.465949 -0.0778515 0.0561416 -0.0778515 0.796311 -0.0826799 0.0561416 -0.0826799 0.947381 
-41 -27 -1 -207.637 -136.484 -5.20786 0.502472 -0.0603871 1.49593 -0.0603871 1.41389 5.39471 1.49593 5.39471 180.722 
-30 -29 -1 -152.29 -148.122 -6.83646 0.531202 0.0612165 0.121353 0.0612165 0.610253 0.0387278 0.121353 0.0387278 0.404985 
-34 -14 0 -173.621 -72.167 -2.12507 1.79935 -0.165261 1.22505 -0.165261 0.598048 0.185929 1.22505 0.185929 1.71186 
-33 -29 2 -168.198 -147.48 11.1053 1.71263 -0.479148 -0.0743045 -0.479148 1.23387 0.733212 -0.0743045 0.733212 1.74025 
-48 -15 -1 -243.202 -77.5538 -6.17949 5.22159 17.3383 22.1842 17.3383 596.953 0.167556 22.1842 0.167556 119.995 
-32 -18 -1 -162.644 -93.3027 -6.39693 0.5514 -0.11256 0.104334 -0.11256 1.60455 -0.917679 0.104334 -0.917679 2.67133 
-31 -18 -1 -157.696 -92.7304 -6.77402 0.506182 -0.0524857 1.06295 -0.0524857 0.600735 -1.02035 1.06295 -1.02035 9.8342 
-44 -27 1 -220.77 -138.149 7.53236 1.77911 -0.596056 -0.177257 -0.596056 1.81016 -0.639646 -0.177257 -0.639646 0.903425 
-39 -27 1 -196.181 -138.888 5.88401 2.7889 0.444338 -0.357298 0.444338 1.62604 0.615532 -0.357298 0.615532 2.46352 
-30 -27 -1 -152.29 -137.421 -8.37607 0.459426 -0.0723794 -0.528033 -0.0723794 0.703633 -2.78336 -0.528033 -2.78336 50.9788 
-45 -29 -1 -226.071 -148.174 -5.19605 1.65095 0.804432 7.2433 0.804432 1.62428 14.8192 7.2433 14.8192 273.708 
-30 -23 -1 -152.669 -117.484 -7.20113 0.47194 -0.0153 1.3776 -0.0153 0.532442 -1.21294 1.3776 -1.21294 86.1291 
-40 -28 1 -202.123 -143.472 5.67686 1.11303 -1.08246 0.575378 -1.08246 1.88816 -0.220049 0.575378 -0.220049 3.59022 
-33 -28 -1 -167.504 -142.093 -6.34541 0.506455 -0.0802685 0.0510779 -0.0802685 0.702125 -0.0724151 0.0510779 -0.0724151 1.51016 
-35 -29 -1 -177.641 -146.898 -6.41156 0.4419 -0.0850337 0.105814 -0.0850337 0.580903 -0.0618325 0.105814 -0.0618325 1.51437 
-39 -12 0 -195.727 -63.4965 4.78037 750.851 -21.5442 -75.459 -21.5442 2.34569 -5.98025 -75.459 -5.98025 76.9904 
-30 -25 -1 -152.709 -127.317 -7.66012 0.516038 0.147402 -1.90462 0.147402 1.19981 -9.48647 -1.90462 -9.48647 114.508 
-43 -23 -1 -217.763 -118.13 -5.90361 0.50567 -0.0356668 0.246131 -0.0356668 0.662318 -0.0183443 0.246131 -0.0183443 7.92526 
-48 -15 0 -244.071 -77.3985 -3.39159 2.27948 -1.13373 0.22506 -1.13373 2.12282 -0.579154 0.22506 -0.579154 1.59816 
-31 -12 -1 -157.789 -62.0893 -6.29273 0.628232 -0.0406038 0.283833 -0.0406038 0.57639 -0.402732 0.283833 -0.402732 3.60261 
-31 -26 -1 -157.888 -132.452 -7.26089 0.777811 -0.104877 0.770108 -0.104877 0.6533 -0.0789451 0.770108 -0.0789451 1.6621 
-36 -15 -1 -180.072 -76.4913 -5.97743 1451.19 -40.4192 19.8066 -40.4192 2.58267 -0.637085 19.8066 -0.637085 3.98302 
-32 -20 0 -162.213 -101.703 -1.13241 0.47413 0.0463526 -0.00295299 0.0463526 0.828959 -0.0696917 -0.00295299 -0.0696917 0.218539 
-39 -23 -1 -197.793 -118.437 -5.75266 0.383548 0.0776786 -0.129215 0.0776786 0.868874 -0.213792 -0.129215 -0.213792 7.52241 
-34 -24 -1 -172.682 -122.775 -6.076 0.562847 -0.037321 0.376537 -0.037321 0.542895 0.907884 0.376537 0.907884 13.1984 
-35 -13 -1 -179.214 -68.5473 -5.81345 47.7077 -2.88318 10.3524 -2.88318 0.965395 -1.68564 10.3524 -1.68564 6.76263 
-34 -12 -1 -171.689 -62.7636 -6.27934 0.850776 0.0978473 0.0616555 0.0978473 0.842377 0.167535 0.0616555 0.167535 2.31684 
-32 -22 -1 -162.294 -112.29 -6.84507 0.5411 0.0355496 0.766607 0.0355496 0.778004 2.92269 0.766607 2.92269 29.1935 
-30 -15 -1 -152.498 -77.5134 -6.69328 0.46998 -0.0191457 -0.237773 -0.0191457 0.474126 -0.32622 -0.237773 -0.32622 25.5914 
-37 -27 -1 -188.184 -136.362 -5.61214 0.663373 -0.0716961 2.0102 -0.0716961 1.13466 3.0006 2.0102 3.0006 38.0794 
-38 -24 -1 -192.471 -122.344 -5.98028 0.490798 -0.0124639 0.0146193 -0.0124639 0.508507 -0.996431 0.0146193 -0.996431 18.0311 
-42 -12 -1 -213.922 -62.3053 -5.94577 79.8833 -3.84803 1.44411 -3.84803 0.765859 -0.0708283 1.44411 -0.0708283 3.23891 
-31 -14 -1 -157.47 -72.5185 -6.68569 0.52601 -0.0182564 -1.40724 -0.0182564 0.49852 0.772076 -1.40724 0.772076 38.6293 
-34 -28 0 -172.347 -143.252 -1.19462 0.629837 -0.0865019 -0.0782137 -0.0865019 0.707707 0.00148752 -0.0782137 0.00148752 0.124007 
-35 -28 -1 -177.074 -143.678 -5.97431 0.520186 -0.218132 0.226079 -0.218132 1.48595 -0.328053 0.226079 -0.328053 2.96409 
-38 -23 0 -192.572 -117.156 -1.74496 0.510382 0.32115 -0.0417172 0.32115 4.01079 -0.542156 -0.0417172 -0.542156 0.367541 
-37 -25 -1 -187.503 -127.137 -5.96991 0.483375 0.0268857 0.324803 0.0268857 0.945857 5.3591 0.324803 5.3591 71.848 
-39 -26 0 -197.148 -133.298 -3.2289 2.51101 0.0840098 0.18216 0.0840098 2.23109 -0.064468 0.18216 -0.064468 0.637208 
-31 -15 -1 -157.626 -77.5797 -6.20133 0.581338 -0.0631007 0.179257 -0.0631007 0.59429 -0.0878877 0.179257 -0.0878877 3.72535 
-37 -24 0 -188.111 -120.513 -4.90437 0.364701 2.10772 -0.322928 2.10772 35.037 -38.0537 -0.322928 -38.0537 204.962 
-42 -25 0 -211.452 -128.33 -4.54818 1.13632 2.84177 0.689559 2.84177 19.3014 1.8073 0.689559 1.8073 10.2264 
-42 -12 0 -213.937 -62.204 -0.182331 89.2719 -4.2769 0.432287 -4.2769 0.713977 -0.0282003 0.432287 -0.0282003 0.108796 
-45 -25 0 -226.632 -129.39 -4.6053 0.476416 -0.564699 0.209534 -0.564699 6.97611 -0.58344 0.209534 -0.58344 19.301 
-34 -28 -1 -172.622 -142.856 -6.16941 0.535422 -0.0383235 0.122133 -0.0383235 0.64935 -0.18706 0.122133 -0.18706 2.19072 
-32 -26 -1 -162.07 -132.404 -7.05672 0.522985 -0.0143914 -0.336148 -0.0143914 0.611841 0.0950694 -0.336148 0.0950694 1.68491 
-37 -23 -1 -187.2 -117.766 -5.87763 0.50412 -0.0979434 0.0824328 -0.0979434 0.653381 -0.0706698 0.0824328 -0.0706698 6.69152 
-44 -27 0 -222.109 -137.829 -1.99016 0.54702 -0.131731 -0.0920034 -0.131731 0.616876 0.144816 -0.0920034 0.144816 0.219666 
-31 -27 -1 -157.834 -138.972 -7.36626 0.626873 -0.101665 0.40283 -0.101665 0.884944 0.350403 0.40283 0.350403 1.72634 
-33 -18 -1 -166.949 -93.0465 -6.31951 0.600266 0.279848 0.113991 0.279848 1.62359 -1.08082 0.113991 -1.08082 3.13641 
-33 -19 -1 -167.027 -97.5235 -6.24948 0.657117 -0.09771 0.256337 -0.09771 0.600474 -0.0122682 0.256337 -0.0122682 4.24171 
-34 -29 1 -173.11 -147.071 7.08318 1.11311 -0.0827346 0.303577 -0.0827346 0.581879 -0.145265 0.303577 -0.145265 0.662356 
-33 -11 -1 -167.177 -57.4175 -6.41391 0.472927 0.0550326 -0.0143402 0.0550326 0.418661 -0.0732012 -0.0143402 -0.0732012 2.05286 
-41 -29 0 -207.285 -147.024 0.781979 0.418893 -0.0790108 0.0277683 -0.0790108 0.738952 0.0292589 0.0277683 0.0292589 0.169924 
-46 -15 0 -232.187 -77.9027 -3.3836 1.00304 14.8838 -0.423541 14.8838 408.409 -4.04519 -0.423541 -4.04519 1.93971 
-48 -22 -1 -241.825 -112.814 -6.0577 0.600775 0.0218706 -0.359318 0.0218706 0.675423 0.296382 -0.359318 0.296382 6.23188 
-44 -25 0 -222.9 -128.79 -4.67507 1.07232 -1.00995 3.71053 -1.00995 6.35205 -1.3496 3.71053 -1.3496 35.4848 
-32 -10 0 -162.96 -51.1427 -0.658818 0.898792 -0.323564 0.0514136 -0.323564 3.27578 -0.0545585 0.0514136 -0.0545585 0.197629 
-40 -24 -1 -202.516 -122.472 -6.00668 0.479526 0.0135901 0.391047 0.0135901 0.469452 0.0889373 0.391047 0.0889373 36.9646 
-43 -28 2 -216.546 -141.502 11.6364 2.674 -1.13524 0.660645 -1.13524 2.55984 -0.81511 0.660645 -0.81511 1.00367 
-46 -26 0 -234.001 -133.622 -0.857755 1.46075 0.549893 0.100232 0.549893 2.29932 -0.256692 0.100232 -0.256692 0.352411 
-35 -21 -1 -176.582 -108.536 -5.94822 0.932434 -0.501183 0.339119 -0.501183 1.09796 -0.37963 0.339119 -0.37963 3.942 
-44 -28 -1 -222.132 -141.851 -5.08774 0.435894 0.225257 -0.238613 0.225257 0.983251 2.32822 -0.238613 2.32822 250.677 
-32 -29 -1 -162.284 -146.196 -6.98033 0.617507 0.0221445 0.182988 0.0221445 0.783298 0.0280365 0.182988 0.0280365 0.716941 
-34 -25 -1 -172.793 -127.306 -6.14426 0.691875 -0.104268 2.85853 -0.104268 0.602284 -2.12271 2.85853 -2.12271 36.9213 
-35 -12 0 -178.742 -62.3394 -1.54179 1.16734 0.022472 0.110789 0.022472 0.533789 0.00732564 0.110789 0.00732564 0.236962 
-44 -27 -1 -222.563 -137.113 -5.18235 0.52859 -0.0499136 0.830956 -0.0499136 0.843868 10.0467 0.830956 10.0467 414.713 
-35 -16 -1 -177.286 -80.3393 -5.75239 7.48791 27.995 -3.9753 27.995 151.776 -12.3549 -3.9753 -12.3549 7.38934 
-39 -26 -1 -197.509 -132.352 -5.48804 0.50188 0.0226104 0.0213529 0.0226104 0.810121 3.49281 0.0213529 3.49281 49.6133 
-31 -20 -1 -157.451 -102.514 -6.87011 0.594419 0.00935728 0.873869 0.00935728 0.512508 0.272629 0.873869 0.272629 7.51532 
-49 -21 -1 -245.614 -107.411 -5.83963 59.0132 -2.76343 3.5278 -2.76343 0.589593 0.113762 3.5278 0.113762 6.58475 
-45 -26 -1 -227.474 -132.292 -5.5298 0.473643 -0.0793288 -0.441078 -0.0793288 1.36947 6.99215 -0.441078 6.99215 58.1409 
-38 -29 -1 -191.559 -146.121 -5.89162 0.61719 0.354695 0.320543 0.354695 1.44598 -0.100675 0.320543 -0.100675 3.46751 
-49 -28 0 -247.527 -142.406 -0.250314 0.555585 -0.1009 0.0678742 -0.1009 0.599142 -0.0272635 0.0678742 -0.0272635 0.142402 
-46 -10 0 -232.104 -53.6097 -2.16439 0.667335 0.0553905 -0.076302 0.0553905 0.783817 0.00948482 -0.076302 0.00948482 0.372546 
-35 -27 -1 -178.153 -135.795 -6.09141 0.811693 -0.433882 1.61667 -0.433882 1.13293 -1.68746 1.61667 -1.68746 10.2478 
-31 -11 -1 -157.843 -57.4733 -6.30386 0.557444 0.000115625 0.136157 0.000115625 0.61357 -0.0300734 0.136157 -0.0300734 2.65175 
-36 -29 1 -182.991 -148.372 7.24504 0.962277 -0.0938736 0.384999 -0.0938736 0.856321 0.267943 0.384999 0.267943 0.607944 
-30 -13 -1 -152.503 -67.4881 -6.64505 0.49943 -0.0141059 -2.94612 -0.0141059 0.479269 2.33386 -2.94612 2.33386 467.548 
-33 -13 -1 -167.807 -67.5394 -6.57665 0.702141 -0.000393552 1.17661 -0.000393552 0.450855 0.0830391 1.17661 0.0830391 5.24708 
-34 -13 -1 -171.071 -67.2935 -6.04383 6.99769 0.103988 0.510178 0.103988 0.547681 0.16015 0.510178 0.16015 2.70688 
-39 -29 1 -197.252 -145.111 5.97426 0.517619 1.09496 1.33865 1.09496 126.629 4.90959 1.33865 4.90959 5.94018 
-33 -14 -1 -167.796 -72.0065 -6.56426 0.653747 0.0536271 0.910351 0.0536271 0.53044 -0.501375 0.910351 -0.501375 5.80398 
-36 -22 0 -182.414 -112.229 -2.26009 0.974647 -0.934744 0.203387 -0.934744 1.72005 -0.295096 0.203387 -0.295096 0.357484 
-35 -22 -1 -177.384 -112.381 -6.04512 0.560937 -0.123508 0.353878 -0.123508 0.597923 -0.250087 0.353878 -0.250087 4.33888 
-43 -26 -1 -217.461 -132.358 -5.51055 0.493447 -0.042831 -0.580167 -0.042831 0.792213 4.00038 -0.580167 4.00038 64.0941 
-45 -12 -1 -226.482 -62.9437 -6.97568 13.9601 23.549 21.6774 23.549 40.6773 41.9601 21.6774 41.9601 192.208 
-34 -16 0 -171.715 -81.8001 -2.31244 0.884666 0.208956 0.0103463 0.208956 0.360369 -0.0159364 0.0103463 -0.0159364 0.60363 
-48 -27 1 -241.879 -139.37 5.51925 0.615669 0.169176 0.521596 0.169176 3.69173 4.11345 0.521596 4.11345 10.2358 
-35 -12 -1 -178.773 -61.5673 -6.15407 0.810464 0.400779 0.431691 0.400779 1.3267 0.674726 0.431691 0.674726 2.83578 
-31 -24 -1 -157.847 -122.911 -7.03643 0.599046 0.054641 0.881155 0.054641 0.42283 0.333312 0.881155 0.333312 4.65519 
-46 -12 -1 -232.233 -61.4507 -6.95356 0.475736 0.0676728 1.7492 0.0676728 1.1669 -4.2062 1.7492 -4.2062 458.542 
-37 -10 0 -187.697 -51.6244 0.964323 13.8175 -17.3114 20.6524 -17.3114 35.0195 -34.6075 20.6524 -34.6075 36.7422 
-33 -22 -1 -167.505 -112.548 -6.65688 0.488402 0.0243759 0.942407 0.0243759 0.455018 0.208344 0.942407 0.208344 34.2523 
-48 -25 -1 -242.484 -127.939 -6.01842 0.48421 -0.0635225 -1.03988 -0.0635225 0.853248 4.92492 -1.03988 4.92492 71.3209 
-35 -11 -1 -178.531 -57.7711 -6.21855 0.992562 -0.181736 1.02059 -0.181736 0.548596 -0.267547 1.02059 -0.267547 3.03725 
-44 -29 -1 -222.685 -147.527 -5.16982 0.946609 -0.698561 -6.80085 -0.698561 1.21578 8.16421 -6.80085 8.16421 155.592 
-40 -27 -1 -202.512 -136.372 -5.30678 0.631754 -0.106307 4.8918 -0.106307 1.07974 -3.84661 4.8918 -3.84661 132.803 
-32 -10 -1 -162.399 -52.4392 -6.5818 0.653083 0.375833 -4.74715 0.375833 1.44083 -12.0415 -4.74715 -12.0415 160.001 
-31 -17 -1 -158.016 -87.5025 -6.47794 0.697591 -0.0231088 1.59618 -0.0231088 0.485009 -0.105721 1.59618 -0.105721 8.66616 
-35 -14 -1 -178.498 -72.5918 -6.07915 0.481616 -0.0682068 0.337106 -0.0682068 0.475519 -0.0353564 0.337106 -0.0353564 3.1039 
-45 -15 -1 -226.909 -78.0218 -6.41895 1.92768 4.7937 3.78811 4.7937 18.6756 14.913 3.78811 14.913 26.7114 
-49 -11 -1 -246.82 -57.233 -6.8178 2.47956 -0.51958 8.8388 -0.51958 0.576562 1.09027 8.8388 1.09027 416.421 
-34 -11 -1 -171.238 -56.7664 -6.44402 1.04494 -0.043897 -0.702304 -0.043897 0.731306 -0.40547 -0.702304 -0.40547 2.64749 
-49 -10 -1 -247.513 -51.6264 -6.7543 1.09683 0.456709 -2.63541 0.456709 1.01905 -10.2924 -2.63541 -10.2924 523.507 
-32 -28 -1 -162.396 -142.094 -6.68696 0.441522 0.0555159 0.0576148 0.0555159 0.630777 -0.13877 0.0576148 -0.13877 1.10326 
-46 -11 -1 -232.508 -57.2569 -6.59086 0.350449 -0.144366 0.0011474 -0.144366 0.863612 -1.1704 0.0011474 -1.1704 4.68944 
-34 -15 -1 -172.127 -76.7194 -6.3947 0.514382 0.105594 -1.18641 0.105594 0.548882 -0.286968 -1.18641 -0.286968 6.45912 
-45 -26 0 -227.972 -133.907 -2.88514 1.26687 -0.834135 0.14819 -0.834135 1.49379 0.389959 0.14819 0.389959 0.792563 
-35 -10 -1 -178.682 -52.535 -6.20341 13.7598 0.0757035 1.36694 0.0757035 0.490477 -0.0178976 1.36694 -0.0178976 2.28649 
-34 -14 -1 -171.983 -72.0493 -6.33161 0.61355 -0.101801 -0.256158 -0.101801 1.05176 -1.53889 -0.256158 -1.53889 5.63881 
-33 -29 0 -167.76 -146.779 -0.442342 0.73376 -0.0138403 0.0596497 -0.0138403 0.559161 -0.0328999 0.0596497 -0.0328999 0.169704 
-34 -28 1 -172.163 -144.261 5.89986 0.569125 0.117903 0.366385 0.117903 1.65244 0.492663 0.366385 0.492663 1.56571 
-37 -28 -1 -187.397 -142.803 -5.78936 0.522189 0.0893872 0.114886 0.0893872 0.722899 -0.4955 0.114886 -0.4955 4.89817 
-36 -26 -1 -182.204 -132.73 -5.79422 0.528012 0.0683808 1.10897 0.0683808 0.495703 -0.424879 1.10897 -0.424879 26.1021 
-36 -28 -1 -182.423 -143.713 -5.79404 0.421294 0.150079 -0.00648466 0.150079 1.11407 -0.785644 -0.00648466 -0.785644 4.90984 
-36 -25 0 -182.913 -129.242 -3.69702 1.90296 -0.136324 0.271023 -0.136324 2.00857 1.96927 0.271023 1.96927 5.23647 
-32 -20 -1 -162.501 -102.503 -6.63488 0.523199 -0.10727 -0.247818 -0.10727 0.527802 0.36663 -0.247818 0.36663 3.44946 
-32 -16 -1 -162.091 -81.3119 -5.57472 0.479317 0.181732 0.430428 0.181732 0.848924 1.3925 0.430428 1.3925 5.98054 
-38 -28 0 -192.413 -142.423 -0.136623 0.498997 -0.0899706 -0.0281538 -0.0899706 0.572179 0.0203434 -0.0281538 0.0203434 0.13147 
-34 -26 -1 -172.414 -132.453 -6.43454 2.35785 -0.792195 19.1607 -0.792195 0.815166 -7.66137 19.1607 -7.66137 203.411 
-33 -24 -1 -167.291 -122.314 -6.36334 0.683414 -0.15546 0.584578 -0.15546 0.589404 -1.09061 0.584578 -1.09061 9.81413 
-32 -23 -1 -162.944 -117.633 -6.3601 0.526058 -0.0405787 0.299167 -0.0405787 0.585964 0.198581 0.299167 0.198581 3.44616 
-48 -23 -1 -242.638 -117.35 -6.16301 0.508299 0.033829 0.511199 0.033829 0.505146 -0.721658 0.511199 -0.721658 16.5057 
-30 -20 -1 -152.795 -102.332 -7.08646 0.492423 0.041939 1.60424 0.041939 0.495377 -0.299288 1.60424 -0.299288 76.572 
-34 -21 -1 -172.605 -107.481 -6.345 0.473042 -0.0887968 0.385673 -0.0887968 0.467601 -0.298906 0.385673 -0.298906 7.19736 
-31 -28 0 -158.308 -142.638 -2.46527 0.757017 0.171219 0.103686 0.171219 0.733762 0.0626609 0.103686 0.0626609 0.16021 
-48 -14 0 -242.048 -71.9663 -2.23715 1.19139 -0.43229 -0.46478 -0.43229 1.08872 0.542329 -0.46478 0.542329 0.647218 
-46 -27 0 -232.197 -137.858 -2.5527 0.630584 -0.154831 -0.111585 -0.154831 0.671318 0.126457 -0.111585 0.126457 0.39159 
-41 -24 -1 -207.467 -122.412 -6.02595 0.495833 -0.0164194 -0.602415 -0.0164194 0.460732 -0.181469 -0.602415 -0.181469 26.6184 
-33 -10 -1 -167.027 -52.2755 -6.58569 0.711141 -0.0161925 0.96853 -0.0161925 0.713649 -1.61131 0.96853 -1.61131 17.7438 
-40 -25 -1 -202.496 -127.079 -5.88396 0.48515 0.00616132 0.0555848 0.00616132 0.818258 4.47092 0.0555848 4.47092 67.9633 
-48 -20 0 -242.371 -102.141 -1.99178 0.519231 -1.87503 -0.0725753 -1.87503 66.8682 1.82063 -0.0725753 1.82063 0.504832 
-33 -18 0 -167.477 -92.7988 -1.05599 0.549682 0.0895364 0.00214493 0.0895364 0.82641 0.251392 0.00214493 0.251392 0.272514 
-42 -29 1 -211.853 -147.634 6.42625 0.664423 -0.23488 0.111827 -0.23488 0.517577 0.16636 0.111827 0.16636 1.03004 
-38 -29 0 -192.707 -146.132 -0.466697 0.531994 0.00576737 0.00988114 0.00576737 1.45548 -0.0663514 0.00988114 -0.0663514 0.136643 
-47 -27 -1 -236.36 -135.314 -5.0287 1.33691 2.99692 10.4515 2.99692 24.8446 65.4593 10.4515 65.4593 949.712 
-33 -15 -1 -167.353 -76.9873 -6.15802 0.555588 0.0698185 0.269006 0.0698185 0.508355 -0.0266826 0.269006 -0.0266826 3.76317 
-34 -19 -1 -171.691 -98.0297 -5.76376 2.92152 0.625866 1.57483 0.625866 0.702372 0.0722375 1.57483 0.0722375 6.10073 
-48 -10 -1 -242.055 -52.8224 -6.87414 1.54456 -1.08738 -16.2158 -1.08738 2.09913 27.004 -16.2158 27.004 629.269 
-43 -27 0 -217.616 -138.015 -2.22686 0.553914 0.336009 0.0167104 0.336009 1.12929 0.134893 0.0167104 0.134893 0.257019 
-49 -14 -1 -246.465 -73.0137 -6.1307 1.1107 0.438293 -0.822287 0.438293 1.10246 1.47544 -0.822287 1.47544 7.15961 
-40 -28 -1 -202.432 -142.539 -5.45673 0.487123 -0.0441824 0.0622371 -0.0441824 0.573119 -0.406335 0.0622371 -0.406335 16.8633 
-39 -28 -1 -197.48 -142.47 -5.5182 0.511419 0.00251555 0.318805 0.00251555 0.482608 -0.426652 0.318805 -0.426652 14.4348 
-44 -15 -1 -222.581 -78.3205 -6.52346 0.797686 11.101 -0.581527 11.101 270.584 -17.323 -0.581527 -17.323 11.5216 
-42 -10 -1 -213.614 -52.3497 -5.88863 12.5421 0.0813796 -2.41112 0.0813796 0.387747 0.0798239 -2.41112 0.0798239 4.12137 
-43 -26 0 -215.454 -133.482 -1.95816 8.17768 -0.0406541 -1.10172 -0.0406541 3.35019 0.0875669 -1.10172 0.0875669 1.11002 
-37 -22 0 -185.79 -114.354 -2.17405 25.6766 -27.6356 -2.22356 -27.6356 36.3407 2.62055 -2.22356 2.62055 0.564156 
-32 -14 -1 -162.422 -72.441 -6.79672 0.576591 -0.165208 -6.48228 -0.165208 0.823617 12.7626 -6.48228 12.7626 453.96 
-37 -22 -1 -185.846 -114.433 -5.75972 11.142 -11.5584 2.2616 -11.5584 20.5247 -3.46629 2.2616 -3.46629 6.51451 
-40 -28 0 -202.33 -142.307 -1.57888 0.517223 -0.0191128 -0.0602467 -0.0191128 0.561448 0.035501 -0.0602467 0.035501 0.167886 
-44 -28 1 -222.217 -141.718 5.70626 0.748534 0.403568 -0.724308 0.403568 1.17936 -1.20671 -0.724308 -1.20671 5.16465 
-31 -19 0 -159.26 -98.9954 0.269628 4.88534 2.30195 -0.436366 2.30195 4.41681 0.50244 -0.436366 0.50244 0.981476 
-38 -28 -1 -192.505 -142.715 -5.66203 0.459396 -0.0210891 0.052769 -0.0210891 0.662084 0.0943246 0.052769 0.0943246 7.70472 
-36 -27 -1 -182.075 -135.366 -5.81601 0.426448 -0.316423 -0.369134 -0.316423 20.1562 -2.09976 -0.369134 -2.09976 14.8511 
-30 -28 -1 -153.701 -141.788 -7.57228 0.899141 -0.0378758 0.62177 -0.0378758 0.752433 0.0124967 0.62177 0.0124967 1.16174 
-35 -29 2 -177.366 -147.76 10.7841 0.842073 -0.0884685 -0.329303 -0.0884685 0.380189 -0.206307 -0.329303 -0.206307 1.68597 
-40 -26 0 -201.986 -134.167 -1.65521 3.07974 0.389798 -0.276138 0.389798 4.93321 -0.649921 -0.276138 -0.649921 1.05797 
-33 -12 0 -167.114 -62.2197 -4.70018 0.68577 -0.311329 -2.54411 -0.311329 2.57452 -8.74944 -2.54411 -8.74944 87.307 
-42 -28 -1 -212.137 -142.07 -5.23717 0.499568 -0.0105852 1.60629 -0.0105852 0.629089 -0.4306 1.60629 -0.4306 49.1945 
-47 -14 -1 -237.785 -71.5599 -6.21992 0.541087 0.0793189 0.148027 0.0793189 1.13916 0.796644 0.148027 0.796644 3.03323 
-45 -28 0 -227.56 -142.177 -0.287933 0.56998 0.161976 -0.0125781 0.161976 0.800464 -0.0243961 -0.0125781 -0.0243961 0.13245 
-30 -24 -1 -152.831 -122.57 -7.10666 0.579578 -0.0654766 0.578401 -0.0654766 0.627602 -0.390392 0.578401 -0.390392 2.89873 
-43 -29 -1 -218.586 -146.077 -5.06614 0.741487 0.397565 -1.67334 0.397565 1.43671 0.180236 -1.67334 0.180236 143.504 
-41 -28 0 -207.62 -142.202 -0.632374 0.538162 0.0549781 -0.00499794 0.0549781 0.600781 0.000599473 -0.00499794 0.000599473 0.135741 
-32 -12 -1 -162.432 -62.1703 -6.52853 0.46386 0.0169914 -0.0491277 0.0169914 0.56171 -0.386841 -0.0491277 -0.386841 3.32473 
-35 -28 1 -176.467 -144.593 5.89987 5.6489 0.647225 6.31606 0.647225 16.1518 2.72341 6.31606 2.72341 10.3208 
-30 -14 -1 -152.501 -72.4866 -6.6508 0.491726 0.0287588 -2.3894 0.0287588 0.518458 -4.95423 -2.3894 -4.95423 464.801 
-30 -21 -1 -152.499 -107.499 -7.13895 0.495196 0.00767124 -1.29482 0.00767124 0.48993 -0.979901 -1.29482 -0.979901 149.585 
-33 -20 -1 -167.97 -102.456 -6.19348 0.99347 0.0333929 1.28217 0.0333929 0.514658 0.132102 1.28217 0.132102 6.04843 
-38 -27 -1 -191.969 -136.479 -5.46715 0.679208 0.42032 0.334666 0.42032 1.20613 1.07405 0.334666 1.07405 35.5575 
-35 -15 -1 -178.961 -78.1269 -6.15399 1.05065 -0.0555258 0.749368 -0.0555258 0.545915 0.582976 0.749368 0.582976 4.69651 
-32 -17 -1 -161.613 -87.1439 -5.07108 0.449829 -0.199856 3.3236 -0.199856 0.502413 -4.99925 3.3236 -4.99925 270.944 
-43 -23 0 -217.585 -116.64 -2.32695 0.461365 0.0296467 -0.028208 0.0296467 1.40308 -0.359864 -0.028208 -0.359864 0.394635 
-44 -29 0 -221.549 -146.611 -2.2656 1.79382 -0.482744 0.124608 -0.482744 0.767515 -0.00669684 0.124608 -0.00669684 0.230924 
-37 -29 0 -186.635 -147.206 -1.56193 0.80551 0.239683 -0.107545 0.239683 0.546357 0.046668 -0.107545 0.046668 0.232159 
-34 -23 -1 -172.579 -117.257 -6.46082 0.504193 -0.00862047 0.476132 -0.00862047 0.642707 3.04801 0.476132 3.04801 83.6262 
-33 -23 0 -166.336 -119.254 -3.86606 1.68951 -1.41303 0.15735 -1.41303 4.26514 0.143493 0.15735 0.143493 3.06287 
-31 -12 0 -159.264 -62.3492 -4.92388 14.6511 -4.53266 -13.8097 -4.53266 3.38983 30.7608 -13.8097 30.7608 495.614 
-35 -29 0 -177.463 -147.271 -1.53766 0.420581 -0.043806 -0.0239593 -0.043806 0.60342 0.0478458 -0.0239593 0.0478458 0.137659 
-32 -29 0 -162.16 -146.327 -1.64699 0.679342 -0.311752 -0.211952 -0.311752 0.969868 -0.0468374 -0.211952 -0.0468374 0.269316 
-42 -28 0 -212.507 -141.895 -1.06439 0.440542 -0.0088677 0.00994163 -0.0088677 0.75677 -0.0206003 0.00994163 -0.0206003 0.1531 
-35 -21 0 -177.222 -108.032 -2.10398 4.25015 -4.74423 0.351028 -4.74423 6.01831 -0.402743 0.351028 -0.402743 0.374434 
-48 -29 0 -241.417 -146.56 -0.0461541 0.693937 0.145902 0.00732043 0.145902 0.96074 -0.183744 0.00732043 -0.183744 0.167205 
-39 -29 0 -196.979 -145.888 -0.940854 0.644968 0.368231 0.0428838 0.368231 1.79962 -0.224837 0.0428838 -0.224837 0.247917 
-30 -29 0 -152.245 -148.055 -1.5619 0.624446 0.360148 0.0748293 0.360148 0.95997 0.24287 0.0748293 0.24287 0.322075 
-34 -24 0 -172.911 -124.181 -3.83368 1.33616 -0.101778 -0.160294 -0.101778 2.42869 0.820206 -0.160294 0.820206 2.6395 
-35 -14 0 -178.863 -72.6216 -1.36274 0.594531 -0.0930228 0.0778482 -0.0930228 0.479703 0.0158581 0.0778482 0.0158581 0.235636 
-43 -29 0 -218.2 -146.119 -0.919288 0.924945 0.610296 -0.209899 0.610296 1.64179 -0.0949159 -0.209899 -0.0949159 0.179773 
-40 -29 0 -202.393 -146.358 0.128398 0.645779 -0.0846642 0.194103 -0.0846642 1.25206 0.00964113 0.194103 0.00964113 0.205446 
-35 -22 0 -177.915 -111.762 -4.19185 0.565234 -0.329165 0.516902 -0.329165 0.910459 -0.651387 0.516902 -0.651387 1.14022 
-31 -29 0 -158.005 -146.698 -0.831145 0.772082 0.550346 0.19813 0.550346 1.16307 0.160971 0.19813 0.160971 0.251718 
-30 -28 0 -154.007 -141.459 -3.35516 10.7503 -0.300134 -3.20913 -0.300134 0.387703 -0.116365 -3.20913 -0.116365 1.95891 
-49 -29 0 -248.145 -146.395 0.764602 0.720498 -0.0883154 -0.0416121 -0.0883154 0.898869 -0.0751454 -0.0416121 -0.0751454 0.17205 
-31 -16 0 -159.561 -82.2777 -2.4065 10.7314 -1.00046 0.450536 -1.00046 0.55781 0.00917906 0.450536 0.00917906 0.425994 
-39 -28 0 -197.712 -142.512 -0.912306 0.464602 0.0109477 0.0231487 0.0109477 0.456729 -9.70454e-05 0.0231487 -9.70454e-05 0.13259 
-40 -29 1 -203.862 -145.984 5.98623 2.43492 -0.285091 0.419141 -0.285091 1.65241 -0.317567 0.419141 -0.317567 1.88152 
-37 -28 0 -187.666 -142.277 -1.0894 0.594711 0.0874391 0.0976325 0.0874391 0.588117 -0.0155368 0.0976325 -0.0155368 0.160478 
-31 -24 0 -159.131 -124.765 -3.55561 3.50403 3.40126 0.588506 3.40126 29.8343 0.932146 0.588506 0.932146 1.11672 
-34 -19 0 -171.268 -97.8097 -0.385356 1.62735 -0.168556 -0.185988 -0.168556 0.542575 0.0662976 -0.185988 0.0662976 0.202165 
-48 -28 1 -242.456 -142.737 5.60006 0.544972 0.12183 0.0112572 0.12183 0.569774 -0.195891 0.0112572 -0.195891 5.17149 
-35 -28 0 -176.454 -144.093 -3.39198 0.683084 -0.287795 -0.0907388 -0.287795 2.30687 0.337124 -0.0907388 0.337124 0.354888 
-33 -28 0 -167.213 -142.767 -1.06708 0.604821 -0.175274 0.0526813 -0.175274 0.533842 -0.0337877 0.0526813 -0.0337877 0.167538 
-44 -23 0 -222.629 -116.569 -2.36257 0.523711 0.17991 0.00337845 0.17991 1.38709 -0.409252 0.00337845 -0.409252 0.402247 
-32 -28 0 -162.733 -142.473 -0.762587 0.514903 0.076898 0.013937 0.076898 0.629271 0.067029 0.013937 0.067029 0.133795 
-35 -24 -1 -177.512 -122.887 -6.15613 0.497964 -0.0395692 -0.477658 -0.0395692 0.720524 3.52091 -0.477658 3.52091 45.4789 
-44 -28 0 -222.459 -142.005 -0.106522 0.411903 0.0735302 -0.0178938 0.0735302 0.635567 0.0332599 -0.0178938 0.0332599 0.103497 
-43 -28 0 -217.338 -142.157 -0.65529 0.461777 -0.142916 0.0072194 -0.142916 0.640112 0.0291674 0.0072194 0.0291674 0.111459 
-47 -28 0 -238.194 -142.335 -0.490316 0.588363 0.0574152 0.0566581 0.0574152 0.650658 -0.03014 0.0566581 -0.03014 0.1463 
-42 -27 0 -212.216 -137.981 -2.12563 0.812804 -0.162952 0.0288968 -0.162952 0.771841 0.0808611 0.0288968 0.0808611 0.280581 
-47 -22 0 -236.208 -112.134 -3.37057 0.74697 -0.175843 -0.420904 -0.175843 0.5977 -0.052284 -0.420904 -0.052284 1.00243 
-48 -14 -1 -242.276 -70.938 -6.16663 0.582338 -0.153041 -0.468325 -0.153041 2.23691 -0.380206 -0.468325 -0.380206 3.64207 
-37 -23 0 -187.708 -116.674 -2.37102 0.740128 -0.205859 0.198265 -0.205859 1.13205 -0.279678 0.198265 -0.279678 0.373067 
-33 -19 1 -165.884 -98.6574 5.5052 4.65918 4.94414 -0.316859 4.94414 7.15575 1.28317 -0.316859 1.28317 7.14413 
-38 -27 0 -191.881 -138.302 -0.899934 0.534294 -0.0813333 0.0482962 -0.0813333 0.860134 0.14279 0.0482962 0.14279 0.190013 
-32 -12 0 -162.507 -63.2796 -4.79401 1.29455 1.11251 3.60925 1.11251 1.30867 0.99423 3.60925 0.99423 167.765 
-37 -27 0 -188.861 -138.558 -2.21604 1.56899 0.877118 0.381373 0.877118 1.31798 0.344577 0.381373 0.344577 0.315507 
-33 -27 0 -167.595 -137.305 -1.73961 1.29441 0.639546 -0.0101466 0.639546 0.845675 0.288912 -0.0101466 0.288912 0.312502 
-32 -27 0 -162.956 -139.485 -1.06377 0.681153 -0.785359 0.0257657 -0.785359 8.33794 -0.033801 0.0257657 -0.033801 0.338882 
-33 -25 0 -168.309 -126.815 -2.54403 1.38168 -0.0471743 0.00978222 -0.0471743 0.972279 -0.139822 0.00978222 -0.139822 0.552856 
-48 -27 0 -242.541 -137.676 -0.855791 0.523322 -0.106645 -0.106121 -0.106645 0.977291 0.229569 -0.106121 0.229569 0.202136 
-47 -27 0 -238.501 -137.925 -1.6633 0.94378 -0.139486 0.0570913 -0.139486 0.991209 0.226294 0.0570913 0.226294 0.254343 
-48 -28 0 -242.253 -142.393 -0.321825 0.505399 0.0823148 -0.00774393 0.0823148 0.650586 0.000985748 -0.00774393 0.000985748 0.123741 
-45 -27 0 -228.234 -137.317 -1.26082 0.753028 0.230869 0.0689208 0.230869 0.618029 0.194623 0.0689208 0.194623 0.199944 
-35 -27 0 -179.444 -135.643 -3.62667 7.50463 -2.08512 -0.412518 -2.08512 7.69413 0.724242 -0.412518 0.724242 2.71644 
-49 -26 0 -247.127 -134.685 -3.33113 0.975844 0.427682 -0.136731 0.427682 18.419 2.12537 -0.136731 2.12537 0.685732 
-47 -26 0 -236.382 -133.644 -1.62429 0.961114 -0.26189 -0.332197 -0.26189 2.07727 -0.23574 -0.332197 -0.23574 0.478575 
-44 -26 0 -224.044 -134.597 -2.69839 1.66194 1.00963 0.0248894 1.00963 10.6806 0.489651 0.0248894 0.489651 1.15874 
-36 -26 0 -182.715 -132.023 -3.57027 1.30453 0.734977 -0.0509603 0.734977 0.93133 -0.277528 -0.0509603 -0.277528 2.43691 
-31 -22 -1 -157.633 -112.552 -6.95702 0.478806 -0.0360696 -0.250862 -0.0360696 0.488149 -0.115326 -0.250862 -0.115326 7.81445 
-35 -26 0 -176.662 -133.356 -3.84683 0.711951 -0.690612 0.0744835 -0.690612 2.22043 -0.0265261 0.0744835 -0.0265261 2.85925 
-42 -11 0 -213.712 -56.9846 -0.712933 108.394 -3.19777 -0.562089 -3.19777 0.625425 0.00380654 -0.562089 0.00380654 0.121318 
-30 -26 -1 -152.666 -132.531 -8.06094 1.06435 0.62289 -7.50179 0.62289 1.11705 -8.61673 -7.50179 -8.61673 123.672 
-33 -26 0 -168.262 -134.573 -3.61139 2.77116 0.438081 0.237003 0.438081 12.9083 1.80236 0.237003 1.80236 1.38365 
-34 -29 -1 -173.009 -146.638 -6.49267 0.550355 0.0618087 0.123898 0.0618087 0.59032 -0.149368 0.123898 -0.149368 1.41771 
-34 -26 0 -174.618 -133.534 -4.05061 22.4718 4.03087 1.16045 4.03087 4.84131 0.177778 1.16045 0.177778 5.74713 
-38 -24 0 -191.762 -120.403 -4.6563 1.05232 3.65168 -3.49143 3.65168 80.4258 -32.1743 -3.49143 -32.1743 37.8328 
-42 -26 0 -214.175 -133.504 -2.05667 3.77939 0.344691 -0.031486 0.344691 1.99176 -0.0723489 -0.031486 -0.0723489 1.0201 
-32 -26 0 -160.566 -132.713 -3.56172 6.70518 1.16876 -0.802693 1.16876 2.34718 -0.142869 -0.802693 -0.142869 0.902048 
-46 -29 0 -231.726 -145.535 -0.220996 0.889222 -0.131624 -0.132376 -0.131624 4.80848 0.334764 -0.132376 0.334764 0.159479 
-31 -26 0 -159.151 -132.447 -3.02668 3.63411 -0.56233 0.148036 -0.56233 2.26689 0.155492 0.148036 0.155492 0.663816 
-41 -25 -1 -207.538 -127.108 -5.90016 0.479485 -0.0567864 -0.729453 -0.0567864 0.841074 4.69367 -0.729453 4.69367 64.368 
-32 -19 -1 -163.077 -97.2337 -6.73283 0.745571 -0.0609538 0.843201 -0.0609538 0.568889 -0.458861 0.843201 -0.458861 5.42865 
-36 -29 -1 -182.436 -146.992 -6.2944 0.442445 0.00250402 0.120842 0.00250402 0.611218 -0.138896 0.120842 -0.138896 1.87679 
-47 -25 0 -239.608 -129.321 -4.65706 348.207 -264.723 50.0644 -264.723 216.897 -21.6121 50.0644 -21.6121 40.9729 
-46 -25 0 -232.523 -129.572 -4.52755 1.1654 4.78513 0.735447 4.78513 82.1805 4.98658 0.735447 4.98658 10.0508 
-46 -25 -1 -232.488 -127.96 -6.00436 0.502263 -0.000396313 -0.00233966 -0.000396313 0.746606 3.01783 -0.00233966 3.01783 38.5087 
-49 -23 0 -246.784 -116.774 -3.19484 1.14798 -0.593858 -0.211697 -0.593858 0.98159 -0.25049 -0.211697 -0.25049 0.539334 
-47 -28 1 -239.114 -142.225 5.57491 4.05768 -0.407817 -1.87332 -0.407817 0.773251 -0.146099 -1.87332 -0.146099 8.35645 
-33 -21 -1 -167.458 -107.519 -6.23362 0.525222 0.0652281 -0.0492647 0.0652281 0.602581 0.0363211 -0.0492647 0.0363211 4.14673 
-49 -28 1 -248.212 -142.525 5.71362 0.89092 -0.0163756 -0.153916 -0.0163756 0.5215 0.084471 -0.153916 0.084471 3.43061 
-40 -25 0 -202.106 -128.76 -4.43497 5.11659 14.0389 39.1536 14.0389 50.6894 111.261 39.1536 111.261 348.761 
-45 -23 0 -227.609 -116.486 -2.53084 0.610736 -0.159509 -0.0809084 -0.159509 1.37496 -0.362995 -0.0809084 -0.362995 0.452502 
-32 -13 -1 -162.414 -67.0007 -6.65055 0.507888 0.0194229 -0.33456 0.0194229 0.570182 -1.01745 -0.33456 -1.01745 7.42815 
-39 -25 0 -197.803 -128.961 -4.57655 1.27538 6.79185 0.0061413 6.79185 92.2365 7.52496 0.0061413 7.52496 9.93715 
-31 -19 -1 -157.194 -97.3781 -7.03481 0.943718 0.263607 -8.4604 0.263607 0.595921 -4.56864 -8.4604 -4.56864 177.77 
-33 -29 1 -168.106 -146.34 7.8158 0.322949 -0.124012 -0.00944166 -0.124012 1.32844 -0.0591074 -0.00944166 -0.0591074 0.457472 
-48 -24 -1 -242.5 -122.501 -6.16244 0.47961 -0.00428989 -0.205843 -0.00428989 0.52501 4.40251 -0.205843 4.40251 478.512 
-32 -25 0 -160.982 -126.406 -2.72368 2.31384 0.505356 -0.41259 0.505356 1.40532 -0.171037 -0.41259 -0.171037 0.486579 
-31 -25 0 -159.219 -126.288 -2.64585 4.3541 0.061269 0.541488 0.061269 1.86784 -0.0367018 0.541488 -0.0367018 0.416759 
-35 -19 0 -175.453 -98.0424 -4.56083 1200.81 -20.434 38.9285 -20.434 1.5513 -0.547791 38.9285 -0.547791 19.4086 
-34 -25 0 -172.594 -125.733 -3.66844 0.81049 0.126744 -0.283971 0.126744 5.6209 0.316264 -0.283971 0.316264 2.7224 
-43 -28 1 -216.946 -141.793 6.92637 0.724936 -0.0703481 -0.0396848 -0.0703481 0.848558 -0.136523 -0.0396848 -0.136523 0.580843 
-47 -22 -1 -237.998 -112.632 -5.99999 0.524485 -0.132189 -0.338487 -0.132189 0.688992 0.365699 -0.338487 0.365699 5.49929 
-32 -24 0 -163.063 -123.165 -2.61251 0.846686 0.23751 0.0785903 0.23751 1.05762 -0.0463851 0.0785903 -0.0463851 0.436847 
-44 -25 -1 -222.434 -127.457 -6.02153 0.48742 -0.00974591 -0.333153 -0.00974591 0.599433 2.52078 -0.333153 2.52078 44.468 
-33 -24 0 -166.677 -121.958 -3.38395 0.769476 -0.237367 -0.153355 -0.237367 0.518784 0.384791 -0.153355 0.384791 1.35372 
-35 -23 0 -178.31 -116.721 -4.83786 2.70968 0.0714028 -26.1482 0.0714028 0.765814 0.0616751 -26.1482 0.0616751 312.299 
-30 -24 0 -154.309 -121.627 -2.04611 50.3087 20.0482 -1.78971 20.0482 21.7128 -1.839 -1.78971 -1.839 0.40112 
-32 -29 1 -162.4 -146.097 7.05468 0.546507 0.0768108 0.156441 0.0768108 1.6478 0.20128 0.156441 0.20128 0.670123 
-49 -24 0 -248.087 -120.547 -4.83478 1.46583 0.866359 5.14569 0.866359 11.3031 -9.54367 5.14569 -9.54367 108.196 
-43 -24 0 -216.005 -120.78 -4.53638 4.67134 3.41807 -5.635 3.41807 13.3808 -6.59914 -5.635 -6.59914 16.7802 
-34 -29 0 -172.859 -146.596 -0.565074 0.576472 -0.100631 -0.0463667 -0.100631 0.700398 0.00244909 -0.0463667 0.00244909 0.13261 
-36 -28 0 -183.481 -143.183 -3.28607 0.704765 0.435516 -0.021039 0.435516 1.05745 0.13983 -0.021039 0.13983 0.438541 
-35 -18 0 -176.75 -91.3219 -0.464906 0.669425 -0.0447093 -0.0543233 -0.0447093 2.27031 0.44146 -0.0543233 0.44146 3.03434 
-34 -22 -1 -172.737 -112.341 -6.41331 0.574987 -7.9768e-05 0.995837 -7.9768e-05 0.51954 -0.764846 0.995837 -0.764846 11.8303 
-42 -24 0 -213.095 -120.788 -4.44413 1.49628 -2.72643 0.664273 -2.72643 18.7279 -3.5691 0.664273 -3.5691 11.7121 
-36 -24 0 -184.519 -120.234 -4.62638 205.401 -24.4698 -26.7637 -24.4698 18.6662 -7.89726 -26.7637 -7.89726 25.4435 
-49 -29 1 -247.662 -145.861 5.75482 1.39734 -2.65728 1.90512 -2.65728 16.9171 -7.78302 1.90512 -7.78302 7.21432 
-41 -24 0 -206.274 -120.012 -4.94918 3.61568 0.608382 -51.5295 0.608382 1031.12 0.0305103 -51.5295 0.0305103 1028.54 
-42 -23 0 -212.338 -116.632 -2.36901 0.526368 0.0493958 -0.045314 0.0493958 2.2 -0.337595 -0.045314 -0.337595 0.390015 
-30 -16 -1 -152.47 -82.6047 -6.82839 0.5024 0.0113248 0.312798 0.0113248 0.474867 -1.61389 0.312798 -1.61389 123.418 
-41 -23 0 -207.56 -117.147 -2.12739 0.512819 0.136471 -0.003222 0.136471 1.23121 -0.431751 -0.003222 -0.431751 0.420985 
-48 -22 0 -241.239 -113.344 -4.5899 1.81279 -0.127579 1.05618 -0.127579 1.61815 1.44218 1.05618 1.44218 6.72367 
-40 -23 0 -202.641 -116.904 -2.10851 0.519603 -0.231711 -0.00836702 -0.231711 2.3357 -0.355651 -0.00836702 -0.355651 0.328588 
-39 -23 0 -197.264 -117.41 -2.6019 0.4768 0.0677053 -0.0144311 0.0677053 1.44721 -0.4013 -0.0144311 -0.4013 0.411468 
-41 -29 1 -208.461 -147.437 6.45229 0.53998 -0.0030786 0.0114375 -0.0030786 0.798326 -0.00934544 0.0114375 -0.00934544 0.977045 
-45 -27 1 -228.027 -139.493 6.14885 0.993378 2.10254 0.61328 2.10254 11.868 1.597 0.61328 1.597 1.33976 
-32 -23 0 -163.145 -118.032 -3.65821 0.974839 -0.378579 -0.360631 -0.378579 1.11674 -0.0562105 -0.360631 -0.0562105 1.64288 
-49 -22 0 -246.861 -112.978 -2.34227 0.739775 -0.326697 -0.0806776 -0.326697 0.67767 -0.0595806 -0.0806776 -0.0595806 0.392132 
-47 -26 -1 -237.527 -132.226 -5.45449 0.573136 0.462214 2.93159 0.462214 3.28471 17.6018 2.93159 17.6018 114.166 
-34 -20 -1 -171.795 -102.845 -6.05654 1.80848 -0.375228 1.49352 -0.375228 0.469993 -0.548452 1.49352 -0.548452 5.84728 
-34 -22 0 -173.909 -110.72 -4.72933 1.51046 0.328993 2.93911 0.328993 8.12576 -10.3299 2.93911 -10.3299 62.3152 
-47 -21 0 -235.435 -107.709 -2.48911 379.331 -11.2683 -0.557641 -11.2683 0.78814 -0.0886204 -0.557641 -0.0886204 0.531257 
-34 -21 0 -174.223 -106.027 -2.17719 2.72847 -0.242457 0.0634774 -0.242457 0.726153 -0.259973 0.0634774 -0.259973 0.375487 
-33 -21 0 -166.645 -106.157 -2.32941 1.7115 0.0433871 0.42821 0.0433871 2.44797 -1.073 0.42821 -1.073 0.912396 
-32 -21 0 -164.083 -107.073 -4.13216 3.94538 -0.372486 1.3461 -0.372486 2.92171 -1.77345 1.3461 -1.77345 2.16626 
-49 -20 0 -245.485 -103.456 -2.02106 218.441 -12.8421 1.17103 -12.8421 2.1309 -0.121182 1.17103 -0.121182 0.496989 
-34 -20 0 -171.924 -102.308 -1.25541 1.68938 -0.567534 -0.18452 -0.567534 0.653567 -0.0661047 -0.18452 -0.0661047 0.324264 
-42 -11 -1 -213.769 -57.1879 -5.96891 51.1787 -2.61212 -1.5491 -2.61212 0.680829 0.0220508 -1.5491 0.0220508 2.8458 
-31 -20 0 -159.375 -102.179 -1.38437 4.84765 -0.34716 -0.200462 -0.34716 0.816325 0.00217077 -0.200462 0.00217077 0.248405 
-32 -25 -1 -161.926 -127.053 -6.55566 0.598352 0.0311166 -0.415907 0.0311166 0.663456 -0.331222 -0.415907 -0.331222 2.18279 
-32 -19 0 -162.674 -98.3478 -0.593555 0.593669 0.22474 -0.0265481 0.22474 0.842516 -0.000770265 -0.0265481 -0.000770265 0.170647 
-33 -19 0 -167.427 -97.6791 -0.697138 0.46899 0.00288774 -0.0012968 0.00288774 0.480899 0.00470007 -0.0012968 0.00470007 0.198075 
-34 -18 0 -172.06 -92.0514 -1.75602 0.740078 0.141176 0.0939337 0.141176 0.792386 -0.0218533 0.0939337 -0.0218533 0.408385 
-32 -18 0 -162.267 -92.3321 -1.69761 0.575585 -0.493625 0.0491301 -0.493625 1.61114 0.115103 0.0491301 0.115103 0.233005 
-31 -18 0 -159.906 -91.4847 -2.25952 402.136 -10.225 3.55358 -10.225 1.71429 -0.0900072 3.55358 -0.0900072 0.433862 
-33 -17 0 -167.798 -87.7433 -2.96683 0.534072 -0.0502972 0.0245445 -0.0502972 0.519107 0.141294 0.0245445 0.141294 0.528137 
-32 -17 0 -161.915 -86.6226 -2.15908 0.537099 0.011291 -0.0459563 0.011291 0.731873 0.215941 -0.0459563 0.215941 0.333176 
-40 -27 0 -201.877 -139.254 -0.944504 0.740118 -0.0774068 -0.150918 -0.0774068 1.39533 -0.0540275 -0.150918 -0.0540275 0.238397 
-34 -17 0 -171.815 -87.5177 -1.51295 1.56388 -0.185936 0.375875 -0.185936 0.455109 0.0287519 0.375875 0.0287519 0.866571 
-49 -15 0 -247.699 -77.623 -4.2295 10.1283 -5.23999 -10.7462 -5.23999 3.99082 5.75355 -10.7462 5.75355 12.3583 
-36 -14 0 -180.944 -73.9479 -1.59396 28.8476 22.2353 2.92449 22.2353 30.8559 -3.14391 2.92449 -3.14391 2.48958 
-44 -15 0 -223.029 -78.0906 -3.20665 0.634531 3.51366 0.252433 3.51366 302.704 -47.7751 0.252433 -47.7751 11.8054 
-32 -16 0 -162.28 -81.488 -2.46687 0.514319 0.0899561 -0.0791838 0.0899561 0.48146 -0.0951191 -0.0791838 -0.0951191 0.364057 
-49 -27 0 -247.865 -137.296 -1.2391 0.541205 -0.049855 0.024895 -0.049855 0.814739 0.274184 0.024895 0.274184 0.272278 
-35 -16 0 -177.272 -80.4583 -2.61752 0.70613 -0.799059 0.282285 -0.799059 4.16531 -0.520844 0.282285 -0.520844 0.312393 
-35 -15 0 -178.746 -77.9113 -1.22248 0.583074 0.103375 0.0456706 0.103375 0.413656 -0.0993595 0.0456706 -0.0993595 0.315373 
-33 -15 0 -167.423 -76.5023 -4.4782 0.41062 -0.0823241 -0.140808 -0.0823241 0.487449 -0.0679775 -0.140808 -0.0679775 15.0072 
-31 -15 0 -158.405 -77.8689 -4.72523 3.33465 0.260764 -1.57729 0.260764 1.00147 2.52462 -1.57729 2.52462 18.8959 
-36 -15 0 -180.437 -76.832 -3.21196 1.78262 -0.719352 0.608719 -0.719352 1.22198 0.18248 0.608719 0.18248 0.925993 
-34 -15 0 -173.747 -77.8077 -1.50228 1.31178 0.265858 1.13659 0.265858 0.420633 0.451516 1.13659 0.451516 2.53571 
-47 -14 0 -238.266 -72.5276 -1.75745 1.30149 -0.151777 0.44721 -0.151777 1.50561 -0.0141018 0.44721 -0.0141018 0.429155 
-41 -27 0 -207.899 -137.74 -2.28174 1.02008 0.0932797 0.0896209 0.0932797 0.445786 0.106999 0.0896209 0.106999 0.277365 
-33 -14 0 -169.303 -70.938 -4.78541 61.0721 134.172 -48.0165 134.172 344.705 -156.192 -48.0165 -156.192 2695.09 
-42 -13 -1 -214.092 -68.049 -5.7496 106.772 -0.639923 4.59201 -0.639923 0.998322 -0.387691 4.59201 -0.387691 4.21862 
-31 -29 -1 -158.074 -145.926 -6.89776 0.970199 0.257288 -0.0292375 0.257288 1.21168 -0.25322 -0.0292375 -0.25322 0.689225 
-35 -13 0 -179.084 -67.5732 -1.13913 2.44901 0.158138 0.0344634 0.158138 0.478623 -0.00558767 0.0344634 -0.00558767 0.238236 
-34 -13 0 -173.613 -67.6569 -2.01679 2.31582 0.10664 2.03242 0.10664 0.531544 0.00254624 2.03242 0.00254624 2.64362 
-42 -13 0 -214.094 -67.3633 -0.559352 90.2965 -3.51762 0.412281 -3.51762 0.876903 -0.0224422 0.412281 -0.0224422 0.0923832 
-33 -11 0 -167.33 -57.4161 -3.98125 0.484806 0.121586 -0.0462724 0.121586 0.683618 0.0444432 -0.0462724 0.0444432 4.20749 
-32 -13 0 -161.701 -65.329 -4.88317 4.46724 -29.3414 28.7072 -29.3414 454.714 -621.252 28.7072 -621.252 1098.72 
-36 -12 0 -182.973 -64.7986 3.39836 591.311 -75.3217 57.0078 -75.3217 324.852 -13.0904 57.0078 -13.0904 12.2247 
-35 -11 0 -178.717 -57.9269 -2.01217 2.77725 -0.0936774 0.0328095 -0.0936774 0.515683 0.00507561 0.0328095 0.00507561 0.250068 
-32 -11 0 -162.428 -57.5175 -3.8853 0.468856 -0.0113181 -0.152598 -0.0113181 0.671334 0.0701898 -0.152598 0.0701898 2.63029 
-36 -29 0 -182.33 -147.333 -0.420972 0.533164 -0.013774 -0.0297878 -0.013774 0.602375 0.0291219 -0.0297878 0.0291219 0.124659 
-42 -10 0 -213.538 -52.3804 -0.632348 103.472 -2.51381 -0.639965 -2.51381 0.473168 0.00952963 -0.639965 0.00952963 0.107617 
-31 -11 0 -157.917 -57.5383 -3.80551 0.889167 -0.000370396 0.0322245 -0.000370396 0.870773 -0.00534108 0.0322245 -0.00534108 2.16943 
-35 -10 0 -178.707 -52.5726 -1.75798 192.627 -6.78575 1.12494 -6.78575 0.696119 -0.0349286 1.12494 -0.0349286 0.199534 
-34 -10 0 -173.349 -53.2648 -2.29471 1.26096 0.0900794 -0.440271 0.0900794 0.49948 -0.265666 -0.440271 -0.265666 1.90968 
-30 -10 0 -150.598 -51.6773 -4.82684 737.96 -114.316 -63.3903 -114.316 18.5446 12.086 -63.3903 12.086 97.378 
-35 -17 0 -176.56 -88.7458 -0.35685 1.05755 -0.726015 0.00850868 -0.726015 1.02293 0.591788 0.00850868 0.591788 32.4351 
-47 -10 -1 -238.811 -52.4677 -6.88046 0.811173 -0.0868047 0.231546 -0.0868047 0.358793 -1.04235 0.231546 -1.04235 339.857 
-44 -29 1 -220.656 -149.179 6.1235 7.0099 -6.12734 -0.208341 -6.12734 10.2305 -0.19035 -0.208341 -0.19035 2.97365 
-39 -28 1 -197.681 -142.156 5.71505 0.440799 -0.086764 -0.119119 -0.086764 0.424507 -0.177923 -0.119119 -0.177923 3.0013 
-39 -13 0 -195.856 -67.6929 4.69279 278.271 -9.40541 32.0288 -9.40541 0.619319 -1.67628 32.0288 -1.67628 22.9076 
-44 -24 -1 -222.345 -122.523 -6.11052 0.530686 -0.00470549 0.312563 -0.00470549 0.473556 0.213076 0.312563 0.213076 72.9029 
-31 -17 0 -159.79 -87.4997 -2.25899 408.242 -12.3803 2.18946 -12.3803 0.861242 -0.0676202 2.18946 -0.0676202 0.420402 
-34 -27 -1 -173.543 -135.311 -6.46304 3.77616 -1.17805 3.42858 -1.17805 14.3509 -33.0917 3.42858 -33.0917 228.864 
-35 -29 1 -177.061 -147.231 7.14636 0.679739 -0.120149 0.0793577 -0.120149 0.760937 0.0953258 0.0793577 0.0953258 0.584503 
-49 -20 -1 -245.831 -103.338 -5.68713 0.805967 -0.261588 -0.454437 -0.261588 2.11404 0.502833 -0.454437 0.502833 6.16431 
-37 -29 -1 -187.207 -147.324 -6.12313 0.463539 -0.0384824 0.224647 -0.0384824 0.580198 -0.19969 0.224647 -0.19969 2.7601 
-48 -29 1 -241.539 -145.604 5.43347 1.07694 -0.187347 -1.06139 -0.187347 3.65164 -1.76613 -1.06139 -1.76613 9.40517 
-43 -29 1 -217.676 -148.784 7.47219 0.884007 -0.610869 -0.986416 -0.610869 1.96984 1.42437 -0.986416 1.42437 2.51689 
-37 -29 1 -186.286 -147.537 7.65475 1.26913 0.528824 -0.835387 0.528824 0.657766 -0.127502 -0.835387 -0.127502 1.0654 
-38 -29 1 -193.728 -145.1 5.46706 3.01326 33.8573 -4.01809 33.8573 620.562 -71.2535 -4.01809 -71.2535 12.7666 
-46 -28 1 -230.667 -142.172 5.66511 5.41369 0.0414878 -2.26476 0.0414878 0.592252 -0.522571 -2.26476 -0.522571 3.98733 
-33 -27 -1 -167.013 -137.809 -5.99137 1.23204 0.596536 0.391169 0.596536 0.557354 0.265756 0.391169 0.265756 2.25697 
-42 -28 1 -212.96 -142.436 6.88364 0.345815 0.00164169 0.0467676 0.00164169 0.667564 -0.50419 0.0467676 -0.50419 0.842628 
-36 -23 0 -182.521 -117.252 -4.58851 0.614985 -0.216313 0.0379538 -0.216313 0.669223 0.0732078 0.0379538 0.0732078 18.5337 
-38 -28 1 -192.393 -142.597 5.69256 0.40289 -0.122469 0.366431 -0.122469 0.575946 -0.532459 0.366431 -0.532459 4.68058 
-33 -20 0 -167.232 -102.375 -0.444077 0.573642 -0.0117889 0.0147967 -0.0117889 0.506472 -0.0237976 0.0147967 -0.0237976 0.219982 
-33 -28 1 -167.08 -143.735 6.66346 0.67045 -0.458992 -0.931468 -0.458992 1.09635 0.857733 -0.931468 0.857733 2.13387 
-37 -28 1 -189.315 -141.783 5.67682 3.42931 0.383807 -1.71219 0.383807 1.18198 -0.38044 -1.71219 -0.38044 5.86603 
-46 -27 1 -230.422 -139.615 6.06097 14.7128 -5.57419 -2.11595 -5.57419 23.3299 2.18786 -2.11595 2.18786 1.55465 
-43 -27 1 -218.484 -138.752 6.81219 1.02403 0.539672 -0.254617 0.539672 1.33035 -0.351343 -0.254617 -0.351343 0.965598 
-41 -27 1 -207.633 -138.863 7.08058 1.75468 -1.26743 -0.178152 -1.26743 2.74304 -0.134304 -0.178152 -0.134304 0.846125 
-44 -26 -1 -222.422 -132.453 -5.51681 0.474622 0.000372522 0.0514381 0.000372522 1.15616 6.18199 0.0514381 6.18199 67.9691 
-36 -23 -1 -182.537 -117.48 -5.90758 0.480351 -0.0661204 0.0833342 -0.0661204 0.511438 0.0222843 0.0833342 0.0222843 5.83007 
-38 -27 1 -193.108 -139.261 5.79654 0.464165 0.315968 0.183516 0.315968 3.59664 -0.398205 0.183516 -0.398205 2.97189 
-33 -20 1 -166.743 -100.614 5.4572 6.21225 -8.54041 3.43502 -8.54041 21.0191 -4.00599 3.43502 -4.00599 11.8405 
