-37 -34 3 -186.067 -174.031 17.5978 113.601 -59.7994 -41.9276 -59.7994 36.6395 22.2873 -41.9276 22.2873 15.8811 
-39 -34 2 -198.068 -173.367 11.7511 293.615 23.2524 -254.645 23.2524 2.67954 -20.2091 -254.645 -20.2091 221.754 
-36 -30 2 -181.949 -151.386 11.2374 0.634514 0.0119028 -0.113702 0.0119028 0.938208 0.709389 -0.113702 0.709389 2.24881 
-37 -30 2 -186.584 -151.691 10.4877 3.19719 -1.91919 -2.45146 -1.91919 2.01449 2.40831 -2.45146 2.40831 5.73097 
-33 -30 2 -166.182 -153.083 10.6967 1.15096 0.902543 -1.1108 0.902543 1.24983 -0.537256 -1.1108 -0.537256 3.96715 
-35 -30 2 -177.781 -153.062 11.2653 2.39153 -4.2325 -0.429025 -4.2325 20.845 1.04634 -0.429025 1.04634 2.20695 
-45 -30 2 -226.629 -153.72 11.7403 0.506734 0.268893 -0.174585 0.268893 2.48047 -1.2842 -0.174585 -1.2842 1.502 
-49 -31 2 -248.289 -157.503 11.4179 9.01134 4.8071 -10.0187 4.8071 2.91444 -4.96401 -10.0187 -4.96401 15.3577 
-36 -31 2 -182.945 -156.973 11.1722 7.16497 -29.1962 -0.803924 -29.1962 201.322 22.3319 -0.803924 22.3319 5.87215 
-42 -31 2 -212.814 -156.959 10.4855 3.11819 2.57016 12.6282 2.57016 4.63095 18.4919 12.6282 18.4919 91.1025 
-44 -31 2 -222.735 -157.067 11.8765 0.517787 0.278273 0.104306 0.278273 0.617886 0.184231 0.104306 0.184231 0.598249 
-40 -34 2 -203.386 -170.982 12.4564 17.9399 0.347286 6.97238 0.347286 4.42222 -1.11764 6.97238 -1.11764 3.55094 
-37 -34 2 -187.227 -174.267 10.9964 30.5956 -20.5926 -8.55295 -20.5926 17.3876 5.21337 -8.55295 5.21337 3.74491 
-43 -30 2 -217.962 -152.046 11.2344 0.715886 -0.189056 0.242343 -0.189056 1.56853 -1.3291 0.242343 -1.3291 2.10676 
-34 -30 1 -172.696 -150.734 8.32816 19.6783 25.4954 16.8844 25.4954 54.3135 37.775 16.8844 37.775 28.4682 
-40 -34 1 -202.9 -171.625 7.74972 1.16049 1.82244 -0.491933 1.82244 3.93305 -1.32847 -0.491933 -1.32847 1.53139 
-36 -34 2 -183.165 -173.497 12.1252 1.87513 -1.51482 0.251592 -1.51482 3.08258 -0.352705 0.251592 -0.352705 0.458937 
-42 -31 1 -213.091 -156.31 8.71896 0.88953 0.385676 0.0236168 0.385676 2.98487 -1.86294 0.0236168 -1.86294 1.9511 
-36 -32 1 -183.238 -160.671 5.93618 7.353 -10.1555 13.4301 -10.1555 38.2211 -25.4588 13.4301 -25.4588 56.394 
-41 -33 2 -205.784 -169.141 12.6883 6.30632 -2.24071 -0.710939 -2.24071 4.21363 0.942659 -0.710939 0.942659 0.590019 
-31 -31 1 -159.558 -155.463 6.7052 206.139 155.373 221.295 155.373 143.511 162.069 221.295 162.069 242.331 
-40 -35 1 -203.448 -178.177 7.14182 98.6339 -88.155 -52.3192 -88.155 80.0076 45.5429 -52.3192 45.5429 30.0552 
-44 -30 1 -222.121 -151.972 6.35162 1.71825 -0.335015 1.12321 -0.335015 1.49731 0.918663 1.12321 0.918663 2.54462 
-37 -30 1 -186.65 -152.537 7.53603 1.2588 -0.490292 0.148287 -0.490292 1.27706 -0.406884 0.148287 -0.406884 0.61732 
-32 -30 1 -162.92 -153.116 7.59001 0.735519 0.283842 -0.145085 0.283842 1.07809 -0.422644 -0.145085 -0.422644 0.691537 
-36 -30 1 -182.815 -151.062 7.43603 0.978742 0.236634 -0.348283 0.236634 0.963952 -0.0438769 -0.348283 -0.0438769 0.58912 
-43 -30 1 -217.784 -152.597 7.47875 0.992408 0.0366626 -0.279699 0.0366626 0.78142 -0.322056 -0.279699 -0.322056 0.872111 
-43 -31 1 -217.505 -157.197 7.33553 0.663918 -0.312165 -0.239578 -0.312165 0.61659 -0.131212 -0.239578 -0.131212 0.705402 
-49 -31 1 -249 -157.438 7.69245 3.98128 -12.4339 1.29074 -12.4339 170.741 -16.6888 1.29074 -16.6888 1.80806 
-35 -31 1 -176.709 -156.976 7.19133 1.03959 0.0389401 0.0598079 0.0389401 0.669521 0.0285218 0.0598079 0.0285218 0.375457 
-43 -32 1 -216.063 -160.713 5.80939 693.375 536.654 23.1285 536.654 417.184 18.6786 23.1285 18.6786 12.7485 
-30 -30 0 -152.104 -151.229 -0.619448 1.00589 -0.409818 -0.00633064 -0.409818 0.796951 -0.0310442 -0.00633064 -0.0310442 0.207124 
-46 -31 1 -230.866 -157.28 9.27777 2.41625 -0.55667 1.46532 -0.55667 1.92816 -2.18216 1.46532 -2.18216 5.65991 
-41 -30 0 -208.961 -151.291 -0.593468 1.7968 -1.14559 0.0274102 -1.14559 2.14915 -0.155748 0.0274102 -0.155748 0.214238 
-37 -30 0 -186.35 -151.06 -1.85438 0.855273 -0.168902 -0.166218 -0.168902 0.932125 0.0194286 -0.166218 0.0194286 0.188201 
-44 -30 0 -222.293 -152.568 1.10141 1.22908 0.312172 -0.0215035 0.312172 0.654756 -0.0389147 -0.0215035 -0.0389147 0.12145 
-33 -30 0 -168.201 -151.168 -3.53809 0.532688 0.0603034 0.372096 0.0603034 0.571536 0.186327 0.372096 0.186327 1.55462 
-49 -30 0 -245.999 -153.148 -2.39283 0.950245 -0.0971251 -0.410771 -0.0971251 1.31527 0.0770224 -0.410771 0.0770224 0.477432 
-44 -32 2 -223.066 -161.028 11.4552 107.605 -120.312 -64.0186 -120.312 137.97 73.347 -64.0186 73.347 41.1947 
-32 -31 1 -161.908 -156.25 6.64955 1.54302 -1.04011 0.159591 -1.04011 1.62622 -0.40754 0.159591 -0.40754 0.57848 
-49 -32 0 -247.869 -162.379 -2.9104 0.567074 0.0592034 0.398412 0.0592034 0.504782 0.0740724 0.398412 0.0740724 1.15706 
-34 -30 0 -173.184 -151.985 -1.59675 0.501029 0.100265 0.239092 0.100265 0.462973 0.12671 0.239092 0.12671 0.298623 
-37 -35 1 -186.385 -175.981 6.47805 1.91066 -0.570826 0.20181 -0.570826 1.29759 -0.166754 0.20181 -0.166754 1.84502 
-30 -31 0 -152.373 -157.157 -0.69313 1.13025 0.00268109 -0.171875 0.00268109 0.419492 0.155601 -0.171875 0.155601 0.188606 
-36 -30 0 -181.912 -151.917 0.103947 0.804376 0.193752 0.0225377 0.193752 0.624898 0.0324143 0.0225377 0.0324143 0.144097 
-30 -30 -1 -151.879 -151.541 -7.55673 1.10705 0.374457 -0.29232 0.374457 1.48176 -0.702809 -0.29232 -0.702809 0.846545 
-33 -31 0 -167.966 -157.407 -1.62659 0.604248 -0.2897 0.0184359 -0.2897 0.974885 0.35816 0.0184359 0.35816 0.350699 
-38 -32 0 -193.048 -163.496 -1.08153 0.7204 -0.0285357 0.0860996 -0.0285357 0.62311 0.19166 0.0860996 0.19166 0.139873 
-45 -32 1 -227.464 -162.885 8.32714 9.82737 -6.4352 5.77653 -6.4352 5.04008 -2.83033 5.77653 -2.83033 5.73846 
-33 -30 -1 -168.132 -151.336 -7.20842 4.96656 -1.09991 3.72468 -1.09991 0.635256 -0.940141 3.72468 -0.940141 3.76104 
-36 -30 -1 -182.349 -151.791 -6.48702 0.683636 -0.0265627 -0.0996569 -0.0265627 0.750671 -0.11757 -0.0996569 -0.11757 1.96562 
-41 -33 0 -208.03 -169.197 1.49493 2.60408 7.27199 1.08962 7.27199 36.125 5.22385 1.08962 5.22385 0.811927 
-34 -30 -1 -173.174 -152.382 -6.93201 0.710112 -0.13042 0.120933 -0.13042 0.383976 -0.1853 0.120933 -0.1853 0.981051 
-35 -30 0 -177.845 -152.263 -0.274913 0.578213 -0.0753343 -0.00140024 -0.0753343 0.803394 0.127784 -0.00140024 0.127784 0.182795 
-40 -33 0 -202.953 -168.302 0.0402992 1.07741 0.493748 0.145723 0.493748 1.17669 0.155996 0.145723 0.155996 0.0920266 
-37 -35 3 -186.512 -175.4 16.5274 3.53411 -24.7677 -0.17411 -24.7677 211.982 0.44124 -0.17411 0.44124 0.251329 
-45 -30 0 -227.203 -152.52 -4.56765 0.575592 -0.593995 -2.05532 -0.593995 2.69398 11.9618 -2.05532 11.9618 73.8975 
-32 -30 2 -162.795 -151.388 10.5079 5.21802 11.6502 -1.6189 11.6502 32.4133 -8.63605 -1.6189 -8.63605 15.066 
-35 -30 -1 -177.751 -151.863 -6.56251 0.554907 0.129382 0.0834167 0.129382 0.808794 -0.108793 0.0834167 -0.108793 1.39887 
-39 -33 0 -196.031 -166.227 0.825171 1.07815 -0.505592 0.0533145 -0.505592 0.810969 0.0833305 0.0533145 0.0833305 0.126205 
-32 -31 0 -162.748 -156.423 1.26426 2.65318 -1.44245 -0.596746 -1.44245 1.93335 0.451541 -0.596746 0.451541 0.295833 
-39 -32 -1 -198.055 -161.881 -6.21096 2.13338 0.546358 9.42302 0.546358 1.77036 10.9943 9.42302 10.9943 113.492 
-32 -30 0 -162.178 -153.32 0.755219 0.64983 -0.160011 -0.022211 -0.160011 0.819246 -0.0135746 -0.022211 -0.0135746 0.170211 
-40 -34 0 -202.238 -171.821 -0.847924 0.598146 0.339045 0.067267 0.339045 0.693549 0.107373 0.067267 0.107373 0.0804294 
-40 -33 -1 -201.698 -166.225 -5.48348 4.69632 4.82784 53.3101 4.82784 11.3758 96.0115 53.3101 96.0115 936.963 
-42 -30 1 -213.394 -152.152 8.33607 0.790248 0.506472 -0.274256 0.506472 0.806937 -0.556307 -0.274256 -0.556307 2.67157 
-38 -32 1 -193.098 -163.822 7.1961 0.52319 0.00318532 0.193932 0.00318532 1.95604 -0.89828 0.193932 -0.89828 1.22539 
-44 -31 0 -222.811 -156.942 0.225878 0.676935 -0.313543 -0.00607727 -0.313543 1.87991 0.295558 -0.00607727 0.295558 0.144172 
-39 -33 -1 -197.535 -166.499 -5.53385 2.69497 -3.76173 -5.86715 -3.76173 6.24506 7.39837 -5.86715 7.39837 62.9111 
-35 -31 -1 -176.824 -156.878 -7.4349 1.08943 -4.67741 11.4959 -4.67741 53.3209 -14.3821 11.4959 -14.3821 249.947 
-42 -34 0 -211.704 -172.128 2.18204 2.92848 0.7809 -0.795891 0.7809 0.747107 -0.243128 -0.795891 -0.243128 0.390072 
-38 -33 1 -193.424 -165.839 6.90225 1.489 1.78923 0.166504 1.78923 4.96254 0.989009 0.166504 0.989009 0.650187 
-42 -33 1 -212.317 -167.174 6.54224 9.93926 0.00792933 2.34958 0.00792933 2.13143 -1.35688 2.34958 -1.35688 2.13636 
-38 -30 -1 -193.523 -152.336 -6.86746 105.213 19.4366 142.346 19.4366 4.01165 24.689 142.346 24.689 226.567 
-30 -32 0 -153.003 -161.51 -0.428666 2.39466 -2.79167 0.0608215 -2.79167 4.06046 0.15781 0.0608215 0.15781 0.177392 
-36 -34 0 -184.081 -172.702 0.185059 2.78963 -1.75547 -1.2113 -1.75547 2.02955 1.08768 -1.2113 1.08768 0.695248 
-39 -34 0 -197.222 -172.883 2.50758 1.14021 -0.234889 -0.0895866 -0.234889 0.572346 0.0718658 -0.0895866 0.0718658 0.170658 
-30 -31 -1 -152.051 -156.675 -7.90728 0.747175 0.00162258 0.260843 0.00162258 0.693265 0.152419 0.260843 0.152419 0.944734 
-45 -31 1 -227.417 -157.639 8.18828 0.693231 -0.0605853 0.177163 -0.0605853 0.637348 0.00892992 0.177163 0.00892992 0.573779 
-37 -30 -1 -186.226 -151.193 -6.64567 1.74627 0.16442 -0.798343 0.16442 1.49288 -1.56577 -0.798343 -1.56577 6.14256 
-48 -30 0 -243.362 -152.785 -0.753666 1.02131 0.0921169 0.0417701 0.0921169 1.10174 -0.0449601 0.0417701 -0.0449601 0.203231 
-37 -31 1 -185.229 -156.948 7.39428 401.282 71.7613 -7.39988 71.7613 17.4685 0.539996 -7.39988 0.539996 1.58576 
-42 -34 1 -210.995 -173.45 7.42469 14.2554 4.39073 1.5331 4.39073 3.46661 0.184904 1.5331 0.184904 0.53082 
-37 -35 0 -186.944 -175.933 2.84371 0.486991 0.227266 -0.0392298 0.227266 1.07292 -0.197146 -0.0392298 -0.197146 0.172403 
-44 -30 2 -222.92 -153.613 12.3077 2.50035 -2.84739 -0.443411 -2.84739 3.69972 0.566676 -0.443411 0.566676 0.800804 
-45 -31 2 -228.453 -157.412 10.5631 0.317164 0.16029 -0.310349 0.16029 0.414011 0.228326 -0.310349 0.228326 6.18192 
-49 -31 0 -247.397 -156.976 -4.03309 0.665903 0.341546 3.55588 0.341546 1.46143 9.09023 3.55588 9.09023 81.4918 
-42 -33 0 -211.739 -167.209 1.4128 1.18303 -0.457691 0.145136 -0.457691 1.10789 -0.179345 0.145136 -0.179345 0.0925253 
-48 -31 0 -242.977 -156.99 -3.82982 0.401665 0.110159 -0.326705 0.110159 0.425814 -0.343208 -0.326705 -0.343208 3.21207 
-46 -31 0 -233.18 -157.813 -4.0302 0.511517 0.0443077 0.280811 0.0443077 1.21637 7.88206 0.280811 7.88206 86.0435 
-31 -33 0 -156.938 -165.723 3.09047 2.56329 -4.05758 -1.24256 -4.05758 11.4454 2.45186 -1.24256 2.45186 2.40885 
-33 -31 -1 -167.18 -155.976 -6.59531 3.18487 11.9938 2.72973 11.9938 251.605 -35.1031 2.72973 -35.1031 13.3971 
-47 -31 0 -236.685 -157.682 -3.66605 0.639116 -0.0596235 -0.0370907 -0.0596235 1.69491 1.36804 -0.0370907 1.36804 3.58335 
-34 -30 2 -172.501 -152.403 11.0064 173.33 25.8247 13.9397 25.8247 12.1519 7.33524 13.9397 7.33524 6.71859 
-31 -30 0 -158.009 -152.76 1.38459 0.911503 1.00205 -0.184548 1.00205 3.49474 -0.650749 -0.184548 -0.650749 0.348826 
-45 -31 0 -227.185 -157.671 -2.06791 0.566214 0.129203 -0.0129978 0.129203 0.605053 0.152771 -0.0129978 0.152771 0.148099 
-35 -31 0 -178.839 -155.869 0.853574 2.18991 1.48294 -0.513843 1.48294 2.32353 -0.26412 -0.513843 -0.26412 0.288648 
-47 -30 0 -237.751 -152.263 -0.962965 1.26588 0.0484717 -0.079646 0.0484717 1.46484 -0.179325 -0.079646 -0.179325 0.271271 
-38 -32 -1 -192.414 -161.09 -5.76785 0.564524 -0.574 0.558528 -0.574 3.23809 1.32106 0.558528 1.32106 5.62652 
-36 -35 1 -183.9 -175.557 6.337 0.782391 2.01831 -0.254757 2.01831 22.9621 -3.67631 -0.254757 -3.67631 1.65019 
-38 -33 0 -193.578 -165.709 1.90144 3.05571 3.91791 -0.149249 3.91791 7.51477 -0.147294 -0.149249 -0.147294 0.197958 
-37 -34 1 -187.018 -174.012 6.96841 2.17315 6.37687 -0.890289 6.37687 32.1114 -4.40156 -0.890289 -4.40156 1.30763 
-48 -32 0 -242.712 -162.093 -3.03921 0.538703 -0.21486 -0.394527 -0.21486 0.790823 0.550827 -0.394527 0.550827 1.69406 
-41 -34 0 -205.807 -170.935 1.27771 41.5387 39.345 -3.16575 39.345 106.369 -4.69701 -3.16575 -4.69701 0.408624 
-46 -32 0 -233.332 -161.99 -3.10418 0.778376 0.29083 0.332652 0.29083 0.606712 0.709854 0.332652 0.709854 2.97832 
-43 -31 2 -219.009 -156.887 12.1639 0.787053 -0.25569 -0.311038 -0.25569 2.70574 2.65536 -0.311038 2.65536 3.63674 
-47 -32 0 -236.909 -162.009 -3.2794 0.824142 0.157355 1.56585 0.157355 0.829158 2.45752 1.56585 2.45752 14.5408 
-38 -31 -1 -192.333 -159.489 -5.17365 1.99685 -0.790358 -1.92595 -0.790358 20.7373 10.3968 -1.92595 10.3968 32.8498 
-49 -33 0 -246.636 -166.703 -2.7185 0.854161 -2.01217 -7.88104 -2.01217 10.3746 47.9175 -7.88104 47.9175 249.136 
-36 -31 0 -182.221 -156.937 2.59927 0.764883 -0.197386 -0.0652432 -0.197386 0.647168 -0.0124004 -0.0652432 -0.0124004 0.251149 
-45 -32 0 -227.884 -160.965 -1.17074 0.659399 -0.0811116 -0.160473 -0.0811116 1.25236 -0.215017 -0.160473 -0.215017 0.237861 
-43 -30 0 -218.275 -153.48 2.23738 0.760144 0.122639 0.141327 0.122639 0.562277 0.123396 0.141327 0.123396 0.148669 
-44 -32 0 -222.963 -161.817 1.84623 4.8778 -4.475 -1.2887 -4.475 7.48578 1.47382 -1.2887 1.47382 0.433623 
-46 -33 0 -232.696 -169.211 -2.28292 1.04738 1.1187 7.11294 1.1187 24.4216 72.3039 7.11294 72.3039 235.848 
-30 -31 1 -152.378 -158.795 5.90662 233.312 -346.484 158.213 -346.484 545.197 -244.071 158.213 -244.071 111.592 
-49 -32 1 -249.458 -162.079 8.22255 2.97947 0.0880291 0.073443 0.0880291 1.46607 -1.29623 0.073443 -1.29623 1.40041 
-34 -31 0 -170.363 -158.071 0.264351 80.6671 4.34693 4.94995 4.34693 3.23338 4.01922 4.94995 4.01922 5.43439 
-31 -32 1 -155.139 -162.82 6.7456 204.064 3.12845 14.6752 3.12845 196.306 -41.5693 14.6752 -41.5693 10.1713 
-36 -34 3 -183.978 -172.827 17.1443 3.85027 -3.55208 -1.48603 -3.55208 34.7028 16.7839 -1.48603 16.7839 8.65562 
-48 -33 0 -243.019 -167.452 -2.543 1.58717 0.105061 -3.54427 0.105061 2.54768 12.3568 -3.54427 12.3568 79.8847 
-38 -31 0 -192.484 -158.882 -4.80231 29.096 -25.5848 -40.9887 -25.5848 28.7485 33.0497 -40.9887 33.0497 116.148 
-31 -32 0 -156.789 -163.096 0.784479 0.482708 0.462995 0.142081 0.462995 1.51054 0.207339 0.142081 0.207339 0.354967 
-35 -30 1 -177.713 -153.074 7.56448 1.45317 0.523162 0.115223 0.523162 1.10963 -0.0132071 0.115223 -0.0132071 0.487665 
-31 -31 0 -158.366 -156.073 1.83936 1.04695 -0.271839 0.461579 -0.271839 11.3105 2.24505 0.461579 2.24505 1.23536 
-43 -35 0 -215.969 -176.516 2.1978 66.9735 -87.4339 4.32389 -87.4339 177.851 -8.03905 4.32389 -8.03905 0.595819 
-37 -34 0 -186.937 -173.79 2.76193 0.766243 -0.212794 -0.060079 -0.212794 1.35661 0.509737 -0.060079 0.509737 0.553109 
-36 -31 1 -182.124 -157.031 7.14227 1.15278 0.248967 0.0331146 0.248967 0.695764 -0.167053 0.0331146 -0.167053 0.515633 
-44 -32 1 -222.065 -160.614 5.87981 4.34048 -17.2471 26.2715 -17.2471 77.5737 -113.515 26.2715 -113.515 170.629 
-39 -32 0 -195.857 -164.278 2.02072 11.7459 8.37086 -1.32904 8.37086 7.61571 -1.08973 -1.32904 -1.08973 0.563741 
-35 -31 2 -176.086 -155.338 10.9101 2216.53 -1328.48 -934.245 -1328.48 817.937 564.978 -934.245 564.978 398.816 
-32 -33 0 -162.539 -165.7 2.71123 3.59354 5.08401 -0.731412 5.08401 11.3781 -2.04827 -0.731412 -2.04827 0.835387 
-32 -32 0 -161.782 -163.458 2.12629 5.39065 -1.87438 5.27851 -1.87438 1.35395 -2.15209 5.27851 -2.15209 6.12462 
-42 -30 0 -212.488 -151.163 1.21743 0.516519 0.195967 0.0118316 0.195967 1.20406 -0.137895 0.0118316 -0.137895 0.135165 
-36 -35 0 -183.718 -176.254 3.705 2.29934 -0.428815 2.59007 -0.428815 0.576694 -0.62684 2.59007 -0.62684 4.34475 
-43 -31 0 -218.537 -156.681 2.10359 1.46052 1.05541 0.0470155 1.05541 1.67071 0.430724 0.0470155 0.430724 0.383877 
-31 -30 1 -159.09 -152.453 6.0824 3.34044 -3.20197 -2.13006 -3.20197 18.8735 15.5626 -2.13006 15.5626 13.675 
-36 -34 1 -183.286 -174.329 6.1781 2.53528 -2.68532 -0.215936 -2.68532 5.61371 0.186926 -0.215936 0.186926 2.93044 
-39 -34 1 -197.398 -173.459 7.09242 0.662295 0.0699888 -0.0254533 0.0699888 1.38353 -0.15644 -0.0254533 -0.15644 0.619471 
-44 -31 1 -222.914 -157.265 7.59727 0.716114 0.0502944 -0.0769773 0.0502944 0.733441 -0.214734 -0.0769773 -0.214734 0.560458 
-41 -34 1 -207.19 -171.514 6.49604 0.820413 -1.09838 0.144873 -1.09838 2.33937 -0.112867 0.144873 -0.112867 0.935085 
-41 -33 1 -205.702 -168.405 6.35592 4.77068 4.13862 -3.28492 4.13862 9.39622 -5.55847 -3.28492 -5.55847 4.14449 
-40 -33 1 -203.587 -169.292 7.39909 13.1192 7.02266 -2.6657 7.02266 5.64085 -1.69526 -2.6657 -1.69526 1.2085 
-39 -33 1 -195.93 -166.453 5.52754 4.6751 0.19832 2.42745 0.19832 1.11084 -0.0529908 2.42745 -0.0529908 7.45601 
-39 -32 1 -196.381 -163.611 6.94012 1.53624 -0.535696 0.0900108 -0.535696 2.01176 -0.148032 0.0900108 -0.148032 0.430865 
