-38 12 0 -192.078 61.6044 -0.135485 2.8301 2.14216 0.443366 2.14216 5.10578 0.322113 0.443366 0.322113 0.167301 
-38 11 0 -192.317 57.2758 0.222303 4.94245 -1.01531 0.807272 -1.01531 1.53478 -0.0294648 0.807272 -0.0294648 0.265177 
-38 10 0 -192.095 52.5124 -0.875144 3.81889 -0.368301 0.729177 -0.368301 0.543549 -0.0388278 0.729177 -0.0388278 0.239521 
-44 10 0 -222.687 52.4947 -3.28649 0.441196 -0.0977317 -0.12981 -0.0977317 0.658713 0.153242 -0.12981 0.153242 0.316157 
-37 10 0 -187.631 51.6526 -3.74678 1.38796 0.697149 0.833661 0.697149 0.750318 0.602892 0.833661 0.602892 0.985278 
-32 11 0 -162.954 55.9732 -3.83316 1.34694 7.21901 3.95035 7.21901 62.2593 34.6449 3.95035 34.6449 23.8199 
-36 10 0 -181.613 51.9403 -4.85259 12.8744 -5.96708 22.403 -5.96708 3.71356 -23.5152 22.403 -23.5152 432.222 
-37 11 0 -189.294 58.9749 -4.3276 24.6815 -10.076 52.3777 -10.076 5.45562 -24.5118 52.3777 -24.5118 150.325 
-38 13 0 -191.772 67.1366 -2.17652 19.4165 -14.7027 -3.42906 -14.7027 11.9244 2.88257 -3.42906 2.88257 0.905689 
-35 10 0 -177.311 50.8669 -4.84386 0.651532 0.0275965 2.06144 0.0275965 0.780992 0.883931 2.06144 0.883931 640.485 
-37 13 0 -188.238 66.165 -4.39087 188.252 -2.39484 87.3838 -2.39484 1.02426 -2.4378 87.3838 -2.4378 60.2882 
-34 10 0 -171.613 53.3994 -4.7786 2.1612 0.0497036 -10.9145 0.0497036 0.53219 -5.69888 -10.9145 -5.69888 455.181 
-32 10 0 -161.95 51.9211 -4.81997 1.42654 -0.286717 -17.6075 -0.286717 0.824637 -0.0118757 -17.6075 -0.0118757 559.757 
-37 12 0 -188.713 62.382 -4.16883 9.83099 -1.91524 11.0912 -1.91524 0.762155 -2.30645 11.0912 -2.30645 25.6705 
-33 11 0 -165.593 56.1897 -3.79124 8.08831 -1.90126 0.196477 -1.90126 15.9391 -2.37212 0.196477 -2.37212 3.07358 
