-66 -25 2 -332.441 -128.67 11.8472 3.8189 0.492139 0.397153 0.492139 1.87653 0.10995 0.397153 0.10995 0.756017 
-66 -26 2 -332.783 -130.572 10.8181 16.4176 -34.726 6.03481 -34.726 86.1457 -17.4536 6.03481 -17.4536 5.3577 
-63 -27 2 -316.283 -139.607 10.7631 2.86188 -1.57346 -0.736422 -1.57346 19.1218 3.83015 -0.736422 3.83015 1.99864 
-63 -28 2 -316.03 -142.025 11.1899 7.92268 1.23548 3.20163 1.23548 0.715496 0.435682 3.20163 0.435682 2.45098 
-62 -29 2 -311.157 -146.739 10.7646 3.15408 0.108509 -0.606836 0.108509 0.722124 0.210523 -0.606836 0.210523 4.95658 
-55 -29 2 -278.411 -147.869 11.6338 5.88343 -0.194527 -0.592466 -0.194527 0.533397 -0.31453 -0.592466 -0.31453 1.35347 
-56 -29 2 -282.573 -148.275 11.4949 0.607323 0.303646 -0.442825 0.303646 1.02542 -0.75426 -0.442825 -0.75426 1.06144 
-57 -29 2 -286.265 -148.555 10.4313 11.8162 -6.84897 -29.2179 -6.84897 4.42597 17.9615 -29.2179 17.9615 88.7164 
-65 -19 1 -329.804 -99.3346 6.30523 547.889 -148.627 472.488 -148.627 55.585 -149.061 472.488 -149.061 448.473 
-67 -27 1 -339.019 -138.998 7.93639 4.57831 2.19953 -0.76148 2.19953 7.85181 -1.85389 -0.76148 -1.85389 0.844204 
-64 -14 1 -323.441 -74.8447 5.48865 4.11374 24.1596 -2.13986 24.1596 775.621 -21.16 -2.13986 -21.16 10.5974 
-66 -20 1 -333.079 -101.77 6.79912 1.04205 -0.463532 -0.255484 -0.463532 1.11487 0.0763884 -0.255484 0.0763884 0.804511 
-67 -20 1 -336.077 -102.536 6.03549 4.55732 7.1706 -1.19921 7.1706 16.2685 -0.0182106 -1.19921 -0.0182106 2.56868 
-67 -22 1 -335.791 -113.707 5.98707 6.35451 -1.80456 -1.15623 -1.80456 2.84104 1.27884 -1.15623 1.27884 2.32146 
-66 -23 1 -332.902 -117.37 6.93541 1.07132 0.634266 0.0711497 0.634266 0.994415 0.0159039 0.0711497 0.0159039 0.59241 
-66 -24 1 -332.001 -124.078 7.78465 0.602929 -0.359178 0.191042 -0.359178 2.11744 -0.3873 0.191042 -0.3873 0.620727 
-66 -25 1 -332.296 -127.908 7.87871 0.701984 0.47266 -0.0780249 0.47266 0.835311 -0.261493 -0.0780249 -0.261493 0.709883 
-66 -26 1 -332.16 -131.116 7.38723 1.0428 -0.0971281 0.0325674 -0.0971281 4.121 -1.03309 0.0325674 -1.03309 0.79788 
-62 -27 1 -313.571 -138.043 6.2853 1.2999 0.386666 0.410084 0.386666 1.18562 0.350036 0.410084 0.350036 1.23946 
-68 -27 1 -340.645 -139.485 7.3463 15.8804 -1.50033 1.53991 -1.50033 31.3443 0.355641 1.53991 0.355641 0.342975 
-67 -23 1 -335.917 -115.721 5.5633 2.67637 -2.30061 1.20261 -2.30061 7.19553 -6.50689 1.20261 -6.50689 12.1302 
-52 -27 1 -262.519 -139.118 5.96691 0.450853 -0.0243368 0.215531 -0.0243368 2.22704 0.813246 0.215531 0.813246 2.80233 
-54 -27 1 -274.292 -138.963 5.65124 1.59585 0.303515 0.87496 0.303515 2.39518 0.055046 0.87496 0.055046 5.11455 
-55 -27 1 -276.688 -138.867 5.64481 1.01628 -1.25577 -2.48365 -1.25577 3.94644 3.8665 -2.48365 3.8665 12.5254 
-56 -27 1 -281.916 -139.5 6.16294 1.3381 0.000327023 -0.664242 0.000327023 9.85003 -1.28931 -0.664242 -1.28931 2.30324 
-63 -28 1 -315.942 -141.655 7.68309 2.16633 -0.389752 0.922074 -0.389752 0.709687 0.100459 0.922074 0.100459 1.06052 
-67 -28 1 -338.223 -140.773 6.9361 4.03771 3.38079 -0.915831 3.38079 4.76767 -0.0693611 -0.915831 -0.0693611 0.772899 
-64 -28 1 -323.558 -142.504 6.10854 140.545 -74.4107 -28.0114 -74.4107 40.5602 16.0417 -28.0114 16.0417 7.31008 
-51 -28 1 -257.884 -142.239 6.57442 0.671866 0.127395 -0.00532763 0.127395 0.807288 -0.042325 -0.00532763 -0.042325 0.802918 
-60 -28 1 -301.942 -143.095 5.7045 0.351124 -0.126153 -0.0806856 -0.126153 2.29951 0.736379 -0.0806856 0.736379 2.02634 
-53 -28 1 -265.723 -141.723 5.98059 4.16073 0.923065 -1.15005 0.923065 1.38273 -0.511692 -1.15005 -0.511692 2.24415 
-52 -28 1 -262.906 -142.264 6.37605 0.521233 0.00631682 -0.0257103 0.00631682 0.519421 0.121272 -0.0257103 0.121272 0.86741 
-54 -28 1 -272.509 -142.41 5.50122 0.619281 0.135599 0.392712 0.135599 0.645122 -0.0449606 0.392712 -0.0449606 4.69978 
-55 -28 1 -277.413 -142.368 6.02641 0.663869 0.0498362 -0.0198176 0.0498362 0.524577 0.110272 -0.0198176 0.110272 1.45216 
-59 -28 1 -297.927 -143.683 6.59484 0.747561 -0.0866315 0.0228764 -0.0866315 1.09601 -0.0646408 0.0228764 -0.0646408 0.969617 
-61 -28 1 -307.808 -143.965 6.02205 1.88243 -1.91982 0.742112 -1.91982 6.32837 0.805117 0.742112 0.805117 3.5465 
-59 -29 1 -297.959 -145.743 6.79645 0.799499 0.0615557 0.20192 0.0615557 1.31017 0.119713 0.20192 0.119713 0.72271 
-54 -29 1 -272.641 -146.356 6.48184 1.16369 -0.621092 -0.403341 -0.621092 1.22357 -0.0424658 -0.403341 -0.0424658 1.18345 
-61 -29 1 -305.682 -147.308 6.59305 0.843837 -0.140203 0.230575 -0.140203 0.750089 0.0527907 0.230575 0.0527907 0.850133 
-50 -29 1 -251.981 -147.654 6.05986 1.58599 0.513438 -0.400546 0.513438 2.17956 -0.180429 -0.400546 -0.180429 2.45664 
-52 -29 1 -261.236 -147.504 6.70432 1.2558 0.56787 0.0420008 0.56787 1.0194 -0.0870376 0.0420008 -0.0870376 0.697384 
-53 -29 1 -266.203 -146.92 5.34931 2.48797 0.782423 -1.18434 0.782423 0.786486 -0.451061 -1.18434 -0.451061 10.4972 
-60 -29 1 -303.297 -147.655 7.21033 0.658475 0.477945 0.1238 0.477945 0.943697 -0.250732 0.1238 -0.250732 0.862142 
-55 -29 1 -278.078 -148.292 7.14029 0.625922 -0.133 0.150362 -0.133 1.25745 -0.612365 0.150362 -0.612365 0.862447 
-66 -17 0 -332.071 -86.794 3.51872 33.7621 2.13735 -0.564859 2.13735 0.917831 -0.486988 -0.564859 -0.486988 2.61373 
-67 -27 0 -339.35 -139.57 3.77884 13.1054 11.8343 -5.4202 11.8343 37.4173 -12.4593 -5.4202 -12.4593 5.95251 
-67 -27 2 -338.662 -139.428 11.2422 7.51244 10.1538 5.28787 10.1538 24.8364 8.61764 5.28787 8.61764 5.36872 
-66 -26 0 -331.859 -131.071 3.13328 0.742151 0.0554964 0.10475 0.0554964 2.3675 0.645319 0.10475 0.645319 0.567502 
-64 -14 0 -323.475 -74.9267 2.57003 4.12053 2.44822 0.0829541 2.44822 400.273 -9.64081 0.0829541 -9.64081 0.638398 
-66 -11 0 -332.018 -56.6366 -0.516567 1.40586 -0.0886665 1.49313 -0.0886665 1.41528 0.913213 1.49313 0.913213 3.00227 
-66 -25 0 -332.959 -129.226 1.70743 1.40861 1.59004 -0.530526 1.59004 13.2176 -0.890172 -0.530526 -0.890172 0.446656 
-67 -25 0 -336.476 -129.532 0.35053 2.1932 -8.10007 1.01286 -8.10007 64.4646 -4.40693 1.01286 -4.40693 0.732095 
-64 -15 0 -322.143 -76.4098 -0.529049 7.3572 6.83101 -0.163245 6.83101 6.74065 -0.0158754 -0.163245 -0.0158754 0.373239 
-58 -29 0 -292.039 -146.493 -0.359537 0.532777 0.0617068 0.0401467 0.0617068 0.618867 -0.0564052 0.0401467 -0.0564052 0.235405 
-61 -29 0 -306.272 -146.747 2.79594 3.34521 1.99347 -0.244947 1.99347 1.72936 -0.276408 -0.244947 -0.276408 0.194832 
-60 -29 0 -301.964 -147.443 -0.955514 0.801521 -0.16004 -0.0529245 -0.16004 0.460551 0.0202712 -0.0529245 0.0202712 0.179942 
-63 -15 0 -317.38 -78.9354 0.552952 4.52825 25.6168 -0.815169 25.6168 163.571 -5.21604 -0.815169 -5.21604 0.334284 
-62 -17 0 -310.344 -88.5899 -2.77327 50.608 6.24411 -2.23316 6.24411 14.2774 -4.48081 -2.23316 -4.48081 5.2289 
-65 -17 0 -326.813 -88.9101 0.842945 0.628513 -0.256256 0.0183954 -0.256256 1.32959 -0.156355 0.0183954 -0.156355 0.39346 
-65 -18 0 -327.126 -92.9784 -0.840891 1.5697 -0.421256 0.438894 -0.421256 0.596106 -0.150088 0.438894 -0.150088 0.459685 
-65 -20 0 -328.025 -100.835 -1.58152 2.14329 -0.772386 -0.0138509 -0.772386 3.76183 -0.355134 -0.0138509 -0.355134 0.46408 
-58 -28 0 -292.639 -142.072 -1.32567 0.35378 0.0387511 0.055518 0.0387511 0.637628 0.152401 0.055518 0.152401 0.450625 
-58 -26 -1 -292.546 -132.037 -5.3043 0.50502 -0.201167 -1.50924 -0.201167 5.18805 39.3075 -1.50924 39.3075 335.579 
-52 -23 0 -261.4 -116.97 -4.90102 9.04447 -5.44429 112.833 -5.44429 9.04718 -107.634 112.833 -107.634 1961.06 
-63 -24 -1 -318.481 -123.764 -5.21944 1.71966 0.0921727 21.1304 0.0921727 3.39279 -0.133033 21.1304 -0.133033 320.521 
-64 -24 -1 -320.763 -123.464 -5.24135 6.56418 0.404969 22.1235 0.404969 1.21699 7.2873 22.1235 7.2873 175.958 
-64 -24 0 -320.21 -123.91 -0.409135 23.909 0.14038 -0.611341 0.14038 0.630696 0.00905326 -0.611341 0.00905326 0.127801 
-67 -11 0 -335.818 -56.8278 -2.2756 27.7602 -18.7482 -9.1137 -18.7482 17.1998 6.86275 -9.1137 6.86275 3.38753 
-66 -16 1 -333.258 -83.2114 7.50676 13.6334 -4.30379 11.6569 -4.30379 3.88433 -5.06145 11.6569 -5.06145 11.8974 
-57 -25 0 -286.984 -129.44 -4.38601 24.0116 -7.43075 -3.29333 -7.43075 47.6691 -1.2741 -3.29333 -1.2741 11.428 
-59 -26 -1 -297.5 -131.992 -5.22257 0.968103 1.34576 15.2314 1.34576 4.52464 42.2651 15.2314 42.2651 477.77 
-61 -16 -1 -305.649 -84.1601 -5.4388 12.7187 7.26639 32.8311 7.26639 14.078 26.0908 32.8311 26.0908 107.373 
-66 -24 2 -332.315 -122.94 11.1562 3.42188 -2.026 1.57927 -2.026 1.8243 -1.12972 1.57927 -1.12972 2.13208 
-50 -27 -1 -252.519 -135.107 -5.01406 0.630347 -6.95752 1.0462 -6.95752 275.766 4.7408 1.0462 4.7408 451.377 
-63 -23 -1 -316.532 -117.724 -5.60061 0.730798 -0.532428 -0.583057 -0.532428 2.229 16.864 -0.583057 16.864 186.123 
-59 -24 -1 -297.616 -122.621 -5.86454 0.575083 0.0568949 2.64096 0.0568949 0.567185 2.50128 2.64096 2.50128 64.2979 
-61 -24 -1 -307.501 -123.129 -5.71006 0.724612 0.0417664 -1.00236 0.0417664 0.423441 3.57166 -1.00236 3.57166 69.7034 
-57 -26 -1 -287.54 -131.793 -5.28869 0.545439 -0.688325 -4.97471 -0.688325 8.81756 62.1635 -4.97471 62.1635 478.6 
-58 -22 -1 -292.955 -113.972 -6.20755 0.490422 0.123597 0.771322 0.123597 2.79609 2.55546 0.771322 2.55546 18.4442 
-60 -24 0 -302.408 -124.149 -3.32364 0.555008 -0.435621 0.369181 -0.435621 3.01904 -0.871719 0.369181 -0.871719 3.21031 
-52 -26 -1 -262.578 -131.73 -5.32073 0.487974 -0.115502 -1.06955 -0.115502 7.33956 50.1681 -1.06955 50.1681 380.017 
-52 -24 -1 -262.477 -122.526 -6.11208 0.473161 0.00475143 -0.329828 0.00475143 0.71357 10.5128 -0.329828 10.5128 460.634 
-66 -17 1 -332.507 -87.4655 6.71571 4.89685 0.688789 1.68747 0.688789 0.630759 0.244955 1.68747 0.244955 1.69838 
-52 -22 0 -262.292 -113.906 -2.5492 0.71152 4.62033 -0.0655081 4.62033 146.089 -3.63478 -0.0655081 -3.63478 0.387744 
-66 -20 0 -333.452 -101.491 1.69751 1.21109 -0.00700033 -0.167368 -0.00700033 0.858531 0.022032 -0.167368 0.022032 0.233775 
-59 -20 -1 -298.994 -103.412 -6.22446 2.71292 0.295855 1.84153 0.295855 0.588862 -2.80888 1.84153 -2.80888 531.038 
-66 -19 1 -332.285 -98.3013 6.82487 0.584063 -0.0817963 -0.0734482 -0.0817963 0.490653 0.121041 -0.0734482 0.121041 0.701345 
-52 -29 2 -262.136 -149.293 11.7477 77.929 10.2946 3.08564 10.2946 9.48168 -1.70417 3.08564 -1.70417 2.20167 
-60 -20 -1 -302.523 -102.678 -6.12928 1.93908 -0.420071 25.3389 -0.420071 0.613998 -8.02401 25.3389 -8.02401 477.027 
-50 -23 0 -252.634 -117.937 -4.63154 0.406011 -0.0543861 -0.597294 -0.0543861 1.1712 -1.34071 -0.597294 -1.34071 25.2733 
-66 -21 -1 -333.291 -106.969 -5.37008 0.423474 -1.96617 -2.61704 -1.96617 42.8686 19.4751 -2.61704 19.4751 98.288 
-59 -27 0 -298.325 -137.299 -2.19693 0.96467 -0.000978819 0.242638 -0.000978819 0.4404 0.166597 0.242638 0.166597 0.406078 
-62 -24 -1 -312.571 -124.212 -5.54834 1.16715 0.623011 9.48552 0.623011 5.78422 -2.56097 9.48552 -2.56097 150.648 
-67 -28 2 -337.977 -141.389 11.4383 2.44438 0.058652 2.40492 0.058652 0.914939 -0.642029 2.40492 -0.642029 4.85738 
-64 -27 0 -322.063 -137.939 -2.58647 0.307598 -0.00943312 0.0560556 -0.00943312 0.883452 -0.0210072 0.0560556 -0.0210072 0.157603 
-66 -23 0 -332.872 -116.922 1.71806 0.882557 -0.25982 0.200768 -0.25982 0.732708 -0.0405928 0.200768 -0.0405928 0.268174 
-60 -21 -1 -302.636 -107.913 -6.17938 0.814109 -0.0641203 12.5666 -0.0641203 0.602811 -2.04546 12.5666 -2.04546 489.662 
-62 -27 0 -312.188 -138.073 -0.822743 0.558125 -0.142637 0.172394 -0.142637 0.900133 -0.0908857 0.172394 -0.0908857 0.172693 
-50 -25 -1 -252.492 -127.725 -5.942 0.481197 0.0812107 0.586545 0.0812107 1.06571 4.85922 0.586545 4.85922 43.1866 
-63 -22 -1 -316.714 -111.819 -5.71272 1.06796 0.0455535 15.7247 0.0455535 0.58711 -0.820081 15.7247 -0.820081 515.968 
-51 -25 -1 -257.567 -127.316 -5.95733 0.516669 0.203161 2.03531 0.203161 1.16518 8.01064 2.03531 8.01064 95.9033 
-51 -10 -1 -256.972 -52.1026 -6.59009 2.20128 0.107559 15.7022 0.107559 0.47502 5.97961 15.7022 5.97961 348.55 
-50 -23 -1 -252.609 -117.994 -5.84976 0.456156 0.0142285 0.176034 0.0142285 0.592557 0.238519 0.176034 0.238519 6.97581 
-55 -25 -1 -277.523 -127.137 -5.91839 0.489903 0.0995848 1.34797 0.0995848 2.68906 26.0163 1.34797 26.0163 308.161 
-53 -24 -1 -267.515 -122.5 -6.10034 0.502284 0.0471856 1.78442 0.0471856 0.621708 8.71076 1.78442 8.71076 448.942 
-64 -25 0 -320.697 -128.318 -1.51235 3.29339 -1.16053 -0.142101 -1.16053 2.49954 0.206599 -0.142101 0.206599 0.208661 
-56 -23 -1 -282.13 -117.514 -5.99328 0.527634 -0.0280986 -1.59609 -0.0280986 0.469131 0.255777 -1.59609 0.255777 22.0266 
-64 -25 -1 -320.745 -128.004 -5.14419 9.88252 -0.336577 -11.3227 -0.336577 0.942884 -12.5744 -11.3227 -12.5744 390.337 
-55 -23 -1 -277.925 -117.602 -5.95595 0.622891 0.0175141 1.20724 0.0175141 0.468569 0.504945 1.20724 0.504945 13.9643 
-54 -24 -1 -272.472 -122.576 -6.09225 0.481145 0.0476258 1.3695 0.0476258 0.723569 10.8655 1.3695 10.8655 453.295 
-52 -13 -1 -260.656 -68.496 -6.52971 6.20526 -2.31253 10.4513 -2.31253 4.30376 42.4569 10.4513 42.4569 994.601 
-61 -17 -1 -306.86 -87.2274 -5.67418 2.614 -0.93947 -0.299851 -0.93947 0.875765 -0.215329 -0.299851 -0.215329 1.61744 
-61 -25 -1 -307.358 -127.554 -5.48528 0.976194 0.85222 11.9965 0.85222 2.02645 21.4602 11.9965 21.4602 294.194 
-52 -26 0 -263.535 -134.332 -3.71894 0.822282 0.0640149 0.456794 0.0640149 6.808 1.37187 0.456794 1.37187 1.06378 
-52 -22 -1 -262.373 -114.18 -5.90579 0.536445 0.147382 -0.0853812 0.147382 9.59008 -1.33025 -0.0853812 -1.33025 3.49041 
-51 -22 0 -257.705 -114.047 -2.89627 0.510399 0.259029 -0.0889462 0.259029 38.4349 -2.13253 -0.0889462 -2.13253 0.960788 
-57 -24 -1 -287.455 -122.621 -6.00258 0.520658 0.127628 2.38406 0.127628 0.602358 3.64193 2.38406 3.64193 427.32 
-64 -21 -1 -321.989 -107.022 -5.16031 1.99242 -0.100105 -15.2433 -0.100105 0.568001 2.84367 -15.2433 2.84367 174.503 
-57 -25 -1 -287.338 -127.252 -5.88201 0.500234 -0.0115043 -0.268251 -0.0115043 1.73398 12.5463 -0.268251 12.5463 122.081 
-51 -14 -1 -257.732 -70.5864 -6.5118 3.20926 4.29747 32.4698 4.29747 10.9701 27.2349 32.4698 27.2349 703.644 
-63 -20 -1 -317.29 -102.405 -6.09512 0.900846 0.680972 -0.724489 0.680972 1.29266 -0.275167 -0.724489 -0.275167 1.38291 
-53 -12 -1 -266.525 -60.8886 -5.60733 2.00898 -6.77301 -12.8888 -6.77301 57.0817 178.598 -12.8888 178.598 967.532 
-50 -10 -1 -252.859 -50.5361 -6.66552 0.54114 1.08746 0.141866 1.08746 20.1594 26.3068 0.141866 26.3068 475.632 
-62 -29 1 -312.115 -146.732 8.15639 1.17352 -0.0515023 0.343261 -0.0515023 0.866329 -0.303403 0.343261 -0.303403 0.647262 
-60 -25 -1 -302.474 -127.462 -5.61656 0.488322 0.00323882 0.965885 0.00323882 0.469089 1.23854 0.965885 1.23854 40.663 
-56 -27 0 -282.828 -138.354 -1.3285 0.515812 0.0940165 -0.0298406 0.0940165 0.662256 0.182337 -0.0298406 0.182337 0.20159 
-62 -19 -1 -312.38 -98.6454 -5.38863 0.925366 -0.0386241 -3.49265 -0.0386241 1.31517 3.16704 -3.49265 3.16704 43.4241 
-54 -28 0 -272.5 -142.343 -0.556037 0.48857 -0.00672409 0.00689692 -0.00672409 0.580157 -0.0468565 0.00689692 -0.0468565 0.162526 
-52 -10 -1 -262.881 -52.4231 -6.30171 2.34053 1.08978 12.0192 1.08978 0.997056 9.35839 12.0192 9.35839 178.873 
-59 -25 -1 -297.566 -127.523 -5.76076 0.506916 0.134219 0.758664 0.134219 0.572396 1.69517 0.758664 1.69517 22.2672 
-61 -20 0 -307.921 -100.144 -4.89214 0.459664 2.56711 4.99298 2.56711 375.637 -0.0341623 4.99298 -0.0341623 375.589 
-52 -19 0 -262.385 -97.3542 2.88783 1.05126 -0.243503 -0.700567 -0.243503 2.13926 -2.82034 -0.700567 -2.82034 11.0708 
-58 -22 0 -293.08 -113.099 -1.9661 0.549721 2.95044 0.318162 2.95044 144.683 7.88426 0.318162 7.88426 1.4698 
-64 -19 0 -320.882 -96.9772 -4.42992 2.11473 0.141879 0.454834 0.141879 0.680506 0.493191 0.454834 0.493191 7.38625 
-66 -18 0 -331.869 -92.1408 2.75124 6.7836 -1.65 1.07179 -1.65 0.930416 -0.37588 1.07179 -0.37588 0.763572 
-56 -25 -1 -282.507 -127.211 -5.90185 0.47282 0.0496572 0.450598 0.0496572 2.58551 23.0838 0.450598 23.0838 250.183 
-64 -16 0 -323.584 -83.5978 0.029651 3.03915 -0.166538 0.916049 -0.166538 3.19995 0.434279 0.916049 0.434279 0.519963 
-51 -26 -1 -257.388 -131.923 -5.32123 0.509965 0.412936 3.44608 0.412936 7.55678 57.8525 3.44608 57.8525 477.617 
-66 -19 2 -333.205 -97.8948 11.4774 5.76038 1.16173 -0.0535971 1.16173 0.57687 -0.124558 -0.0535971 -0.124558 1.16165 
-67 -19 0 -337.24 -97.2561 0.0124466 1.45216 0.465346 -0.198505 0.465346 0.45092 -0.044426 -0.198505 -0.044426 0.1759 
-54 -25 -1 -272.496 -127.095 -5.92476 0.48757 -0.038487 -0.529851 -0.038487 2.38435 23.6953 -0.529851 23.6953 300.614 
-51 -13 -1 -257.248 -67.2004 -6.54917 4.47703 0.95485 9.62954 0.95485 0.647239 0.670215 9.62954 0.670215 416.021 
-50 -28 1 -251.99 -142.508 5.53463 0.396744 -0.0405585 0.0631602 -0.0405585 0.626343 0.338603 0.0631602 0.338603 5.71093 
-50 -22 0 -252.373 -114.086 -3.02832 0.476787 -0.153612 0.0625509 -0.153612 7.04361 0.0387231 0.0625509 0.0387231 0.823744 
-52 -11 -1 -262.585 -57.4989 -6.03915 4.60999 0.909806 19.2328 0.909806 0.609283 5.10293 19.2328 5.10293 99.4705 
-51 -24 -1 -257.289 -122.214 -6.03418 0.53977 -0.0361719 -1.10924 -0.0361719 0.491247 -1.0037 -1.10924 -1.0037 24.3308 
-61 -20 -1 -307.324 -102.036 -5.88157 0.525721 -0.0714491 -0.0272991 -0.0714491 0.429023 -0.124825 -0.0272991 -0.124825 3.70165 
-56 -26 -1 -282.502 -131.43 -5.27599 0.45186 -0.229345 -1.04426 -0.229345 12.4667 69.7702 -1.04426 69.7702 433.271 
-61 -26 -1 -307.228 -131.252 -5.1626 0.617482 0.772449 6.66806 0.772449 8.66029 60.2114 6.66806 60.2114 525.774 
-58 -25 -1 -292.497 -127.552 -5.85432 0.523393 0.227118 2.9348 0.227118 2.38591 21.4045 2.9348 21.4045 238.167 
-62 -21 -1 -312.787 -107.389 -5.78887 1.02961 -0.30074 14.883 -0.30074 0.614296 -7.34189 14.883 -7.34189 453.672 
-60 -26 -1 -302.059 -131.682 -5.16091 0.550158 0.123062 1.84191 0.123062 2.80761 22.7849 1.84191 22.7849 272.464 
-53 -23 -1 -267.717 -117.61 -6.08362 0.647702 -0.0503656 6.56998 -0.0503656 0.477129 -0.333002 6.56998 -0.333002 292.8 
-61 -19 -1 -306.11 -98.0722 -5.54009 1.12785 -0.33516 -1.19805 -0.33516 0.840771 2.77586 -1.19805 2.77586 25.4572 
-58 -23 -1 -292.394 -117.626 -5.93674 0.478693 0.039449 -0.300486 0.039449 0.417741 -0.235441 -0.300486 -0.235441 15.6243 
-50 -22 -1 -252.668 -114.278 -5.84102 0.469901 2.21257 -0.23426 2.21257 82.7324 -18.4541 -0.23426 -18.4541 10.8052 
-60 -23 -1 -302.53 -117.696 -6.00395 0.725811 0.525285 9.66776 0.525285 1.55522 21.2014 9.66776 21.2014 465.191 
-63 -27 1 -315.588 -138.311 7.40856 2.129 -0.477245 -0.0862114 -0.477245 0.843406 0.169124 -0.0862114 0.169124 0.509047 
-53 -10 -1 -266.49 -52.6692 -5.91397 1.32963 -1.94972 -7.09277 -1.94972 7.02393 30.0457 -7.09277 30.0457 151.153 
-61 -23 -1 -307.366 -117.114 -5.89971 0.932557 0.322414 13.7169 0.322414 0.728666 9.03935 13.7169 9.03935 484.56 
-61 -22 -1 -307.176 -112.786 -5.98976 0.942689 0.185065 13.8664 0.185065 0.589383 7.2445 13.8664 7.2445 432.26 
-51 -22 -1 -257.806 -114.266 -5.77616 0.387529 0.0385373 0.314773 0.0385373 14.2437 -3.17638 0.314773 -3.17638 5.45493 
-59 -24 0 -299.448 -124.263 -4.32718 15.5501 -1.00403 5.80073 -1.00403 7.67395 1.53687 5.80073 1.53687 12.0861 
-63 -24 0 -319.336 -123.387 -0.324466 1.64703 -0.674388 0.133169 -0.674388 1.46974 -0.00627154 0.133169 -0.00627154 0.123244 
-52 -29 0 -262.232 -147.801 0.800564 0.389094 0.075272 -0.0109284 0.075272 0.779763 0.0237236 -0.0109284 0.0237236 0.184249 
-57 -29 1 -286.767 -146.837 6.37795 0.81588 0.109455 -0.311368 0.109455 0.662337 0.0756598 -0.311368 0.0756598 1.17511 
-67 -23 0 -336.798 -117.805 3.50871 3.51131 -1.65046 -3.69017 -1.65046 1.88336 2.09981 -3.69017 2.09981 5.28931 
-54 -26 -1 -272.47 -131.615 -5.29843 0.489169 -0.0106352 -0.223816 -0.0106352 10.434 67.8762 -0.223816 67.8762 477.891 
-62 -16 0 -310.334 -80.0831 0.159043 21.0867 34.8192 -1.83267 34.8192 427.09 -12.8832 -1.83267 -12.8832 0.853729 
-50 -26 -1 -252.499 -132.1 -5.37471 0.492818 0.0478925 0.430894 0.0478925 3.78475 26.932 0.430894 26.932 221.63 
-66 -27 0 -331.099 -139.355 -1.74935 2.80048 3.44338 -0.858256 3.44338 7.66636 -1.38772 -0.858256 -1.38772 0.416252 
-56 -24 -1 -282.662 -122.754 -6.02101 0.480567 -0.066967 -0.225781 -0.066967 0.457592 0.298903 -0.225781 0.298903 160.433 
-52 -23 -1 -262.209 -117.436 -6.00044 0.629868 -0.021783 -0.684753 -0.021783 0.552557 0.0696118 -0.684753 0.0696118 8.45098 
-56 -22 -1 -282.203 -113.844 -5.85542 0.501248 0.319539 -0.601621 0.319539 4.54066 -2.53709 -0.601621 -2.53709 10.1876 
-57 -22 -1 -286.795 -113.919 -5.86954 0.72694 0.207231 -1.24276 0.207231 2.74941 -0.606586 -1.24276 -0.606586 11.7299 
-62 -23 -1 -311.459 -116.791 -5.8093 1.27965 0.577555 7.13025 0.577555 0.684872 4.94226 7.13025 4.94226 331.472 
-54 -22 -1 -272.505 -114.017 -5.93378 0.476603 0.0457564 -4.97488e-05 0.0457564 9.54886 -6.76591 -4.97488e-05 -6.76591 11.4214 
-64 -19 -1 -320.984 -97.5673 -5.21597 1.30544 0.178103 -8.0825 0.178103 1.23428 -15.9603 -8.0825 -15.9603 300.765 
-67 -26 0 -336.769 -131.734 1.60643 1.48877 0.6277 -0.159805 0.6277 1.70171 0.240147 -0.159805 0.240147 0.293201 
-50 -24 -1 -252.493 -122.299 -6.08113 0.437118 -0.00391144 0.00905382 -0.00391144 0.488423 -1.21695 0.00905382 -1.21695 27.8772 
-64 -20 -1 -323.223 -103.136 -5.26792 4.20343 1.91191 -27.0472 1.91191 1.71214 -10.0738 -27.0472 -10.0738 212.469 
-63 -24 1 -319.553 -123.387 5.46442 28.9391 -2.14223 0.961595 -2.14223 1.66852 0.80689 0.961595 0.80689 18.6919 
-65 -22 -1 -329.631 -113.99 -5.20888 31.0086 -11.07 -5.48884 -11.07 8.67187 -0.219386 -5.48884 -0.219386 22.4055 
-55 -22 0 -277.735 -113.513 -2.67662 0.504073 0.227596 0.0892899 0.227596 88.411 -0.320045 0.0892899 -0.320045 0.526996 
-53 -26 -1 -267.393 -131.582 -5.31279 0.514079 0.741876 4.80751 0.741876 11.2484 68.5697 4.80751 68.5697 452.05 
-58 -24 -1 -292.392 -122.277 -5.97153 0.503923 -0.00589636 2.93366 -0.00589636 0.472288 3.24674 2.93366 3.24674 432.65 
-57 -23 -1 -287.271 -117.894 -5.75633 0.574674 -0.195725 0.243376 -0.195725 0.677471 -0.251694 0.243376 -0.251694 7.82106 
-66 -20 2 -333.398 -101.167 11.2195 5.59851 -2.39024 -0.134643 -2.39024 3.99531 0.190853 -0.134643 0.190853 1.42037 
-54 -23 -1 -272.51 -117.521 -6.18853 0.543491 0.0779454 5.58916 0.0779454 0.578266 6.5605 5.58916 6.5605 477.761 
-67 -25 1 -337.468 -126.676 8.42777 1.34249 -0.955666 0.537779 -0.955666 3.16993 -2.23104 0.537779 -2.23104 2.71065 
-62 -20 -1 -312.032 -103.393 -5.73968 1.03726 -0.498121 15.4993 -0.498121 0.855613 -12.9612 15.4993 -12.9612 439.156 
-60 -24 -1 -302.081 -122.39 -5.84015 0.571818 0.0540414 -0.729696 0.0540414 0.601046 6.3591 -0.729696 6.3591 241.012 
-57 -29 0 -287.159 -146.626 0.82952 0.568581 0.103101 0.086552 0.103101 0.806415 0.0855128 0.086552 0.0855128 0.162005 
-51 -23 -1 -257.641 -117.741 -5.89146 0.523744 0.0926011 0.304994 0.0926011 0.548629 0.219047 0.304994 0.219047 7.1506 
-63 -25 -1 -316.534 -126.489 -5.27763 2.74805 1.73841 31.9535 1.73841 2.26922 23.343 31.9535 23.343 446.001 
-51 -29 1 -258.374 -147.51 6.57726 0.833761 -0.000407186 0.200331 -0.000407186 0.628378 0.084669 0.200331 0.084669 0.796734 
-53 -25 -1 -267.56 -127.11 -5.93353 0.494662 0.083011 1.08839 0.083011 2.26415 22.9382 1.08839 22.9382 297.734 
-62 -22 -1 -312.31 -112.652 -5.84033 0.740544 0.145691 9.86651 0.145691 0.430549 3.50339 9.86651 3.50339 371.286 
-59 -23 -1 -297.426 -117.739 -6.04469 0.503278 -0.154043 -3.56687 -0.154043 0.983455 14.6985 -3.56687 14.6985 448.207 
-59 -21 -1 -298.698 -107.604 -6.22038 1.57258 0.0543943 -6.35059 0.0543943 0.419028 3.14582 -6.35059 3.14582 382.505 
-60 -27 0 -301.905 -137.364 -1.97977 0.989738 0.228238 -0.0546193 0.228238 0.991478 0.122476 -0.0546193 0.122476 0.280236 
-60 -22 -1 -302.423 -112.529 -6.15558 0.596864 0.0633644 3.50917 0.0633644 0.514992 0.686894 3.50917 0.686894 106.28 
-53 -22 -1 -267.501 -114.103 -5.86156 0.483676 0.148285 -0.122818 0.148285 9.2391 -5.73089 -0.122818 -5.73089 12.2913 
-52 -25 -1 -262.473 -127.109 -5.95158 0.480913 -0.00334588 -0.0312219 -0.00334588 2.11678 20.3466 -0.0312219 20.3466 258.318 
-64 -20 0 -321.606 -104.168 -4.36947 1.07429 2.06829 0.311774 2.06829 121.181 -29.9021 0.311774 -29.9021 17.5198 
-61 -21 -1 -307.349 -107.814 -5.99844 1.2161 -0.168028 16.8449 -0.168028 0.533329 -5.74924 16.8449 -5.74924 426.017 
-63 -19 -1 -319.284 -97.2166 -5.29298 1.71749 -0.0346233 13.5514 -0.0346233 1.01271 -4.9353 13.5514 -4.9353 292.923 
-61 -17 0 -307.772 -87.3531 -2.29273 1.90405 -1.28084 0.38598 -1.28084 1.32468 -0.2577 0.38598 -0.2577 0.558073 
-62 -25 -1 -311.583 -126.967 -5.37985 1.48146 1.59339 13.1112 1.59339 4.80244 41.7359 13.1112 41.7359 405.324 
-52 -14 -1 -261.745 -71.4915 -6.2686 2.03769 -0.606899 11.7529 -0.606899 11.8314 39.3803 11.7529 39.3803 242.867 
-65 -21 0 -326.659 -106.532 -3.37744 3491.81 12.0279 13.0332 12.0279 55.7343 -6.63487 13.0332 -6.63487 6.25551 
-50 -29 0 -252.494 -147.39 0.208314 0.816197 0.273101 -0.150656 0.273101 0.706643 -0.0322491 -0.150656 -0.0322491 0.171492 
-55 -26 -1 -277.361 -131.401 -5.29142 0.548725 0.940727 5.14445 0.940727 15.8301 83.7081 5.14445 83.7081 476.222 
-51 -29 0 -257.936 -147.517 0.412472 0.76893 0.129777 0.0340139 0.129777 0.807622 -0.007595 0.0340139 -0.007595 0.181095 
-50 -28 0 -252.755 -142.377 -0.0278383 0.625623 -0.176914 -0.0837797 -0.176914 0.540667 -0.0072274 -0.0837797 -0.0072274 0.146045 
-56 -28 1 -282.363 -142.291 6.38755 0.648213 -0.195324 -0.224162 -0.195324 0.590274 0.220225 -0.224162 0.220225 1.01144 
-63 -25 0 -317.931 -126.804 -1.45059 2.82001 -0.478526 -0.0393119 -0.478526 1.14181 -0.0587284 -0.0393119 -0.0587284 0.204413 
-52 -28 0 -262.688 -142.515 -0.572541 0.602919 0.0556689 0.0654469 0.0556689 0.684919 -0.0476279 0.0654469 -0.0476279 0.139898 
-53 -28 0 -267.312 -142.453 -0.615862 0.627305 -0.0625283 -0.0610931 -0.0625283 0.8055 -0.0803003 -0.0610931 -0.0803003 0.176222 
-63 -28 0 -317.311 -141.416 -2.20145 0.414356 -0.261609 -0.0741726 -0.261609 0.929684 0.0615345 -0.0741726 0.0615345 0.123674 
-55 -28 0 -277.485 -142.396 -0.485153 0.499394 0.0866552 -0.0398358 0.0866552 0.624716 0.000568154 -0.0398358 0.000568154 0.159041 
-66 -28 0 -332.355 -141.835 -3.24249 4.35675 -2.56845 3.51034 -2.56845 2.1922 -1.11261 3.51034 -1.11261 5.29773 
-51 -27 0 -256.955 -137.061 -2.23422 0.476281 -0.248777 -0.0156945 -0.248777 1.02111 0.406453 -0.0156945 0.406453 0.307257 
-62 -26 -1 -312.565 -130.896 -5.11556 3.69023 -2.37278 49.4759 -2.37278 3.72247 -36.3135 49.4759 -36.3135 994.042 
-65 -27 0 -325.703 -138.583 -1.13762 5.83954 -0.68999 -0.128802 -0.68999 2.16452 -0.241442 -0.128802 -0.241442 0.0863512 
-63 -27 0 -316.833 -138.004 -0.598011 0.524637 -0.0232433 -0.1091 -0.0232433 0.969068 0.0218501 -0.1091 0.0218501 0.128759 
-50 -27 0 -252.399 -137.213 -1.79057 0.423305 0.227504 0.0243851 0.227504 0.750545 0.214741 0.0243851 0.214741 0.256144 
-52 -27 0 -262.962 -137.636 -0.13016 0.639 0.180191 0.0150551 0.180191 0.921449 0.306426 0.0150551 0.306426 0.22601 
-64 -18 0 -322.313 -90.3948 -2.39855 1.04477 -1.07005 0.322464 -1.07005 12.0294 -0.646492 0.322464 -0.646492 0.635014 
-61 -27 0 -306.147 -138.037 -2.73914 0.785598 0.376814 0.184484 0.376814 1.60273 0.42212 0.184484 0.42212 0.551766 
-55 -26 0 -276.224 -133.24 -2.03466 1.13702 -0.144035 -0.30213 -0.144035 1.29768 -0.2552 -0.30213 -0.2552 0.432218 
-66 -18 1 -332.688 -91.7791 7.16302 1.40037 -0.409683 0.23324 -0.409683 0.917482 0.0342573 0.23324 0.0342573 0.77118 
-63 -26 0 -317.095 -133.158 -3.84699 2.7112 -0.682824 1.02263 -0.682824 2.02116 0.559131 1.02263 0.559131 2.16553 
-58 -27 0 -292.004 -137.485 -2.74889 0.806179 0.0193674 -0.110324 0.0193674 0.694558 0.112183 -0.110324 0.112183 0.471844 
-60 -19 -1 -302.608 -98.1337 -6.01398 1.09688 -0.486799 16.5897 -0.486799 1.31552 -15.4469 16.5897 -15.4469 438.635 
-64 -28 0 -322.208 -141.434 -2.48443 0.792726 -0.37057 0.103636 -0.37057 3.44729 0.0690295 0.103636 0.0690295 0.150785 
-64 -26 0 -322.064 -131.331 -4.62862 1.71013 -4.48133 -10.1434 -4.48133 19.4444 57.2332 -10.1434 57.2332 192.886 
-53 -27 0 -266.842 -137.566 -1.98109 0.75428 0.257431 -0.0129591 0.257431 0.578235 0.139752 -0.0129591 0.139752 0.260007 
-57 -23 0 -287.351 -116.829 -4.43957 0.742833 -0.191747 0.302179 -0.191747 1.33352 -1.76554 0.302179 -1.76554 7.76267 
-56 -23 0 -280.271 -118.692 -4.64029 33.035 1.76961 -3.77955 1.76961 2.77939 -3.36657 -3.77955 -3.36657 23.9494 
-57 -27 0 -287.21 -138.391 -2.26514 0.472411 -0.143806 -0.0370947 -0.143806 0.854829 0.345301 -0.0370947 0.345301 0.411561 
-55 -27 0 -277.36 -138.331 0.375522 0.606745 -0.302629 -0.167967 -0.302629 0.967923 0.26641 -0.167967 0.26641 0.23007 
-62 -26 0 -311.975 -133.299 -3.05603 0.410987 -0.217814 -0.210266 -0.217814 1.25266 0.0189029 -0.210266 0.0189029 1.30958 
-61 -26 0 -306.562 -133.454 -3.19387 0.438542 0.0671149 -0.126807 0.0671149 1.90422 0.0223023 -0.126807 0.0223023 0.651612 
-60 -26 0 -302.641 -133.457 -3.01723 0.308657 -0.206978 -0.0383426 -0.206978 1.43256 -0.216417 -0.0383426 -0.216417 0.548368 
-59 -29 0 -297.95 -146.175 -0.131074 0.741424 0.0148648 -0.159368 0.0148648 1.19818 0.00335926 -0.159368 0.00335926 0.204021 
-59 -22 -1 -297.752 -112.957 -6.13663 0.733066 0.139069 -4.4469 0.139069 0.598258 -0.0980428 -4.4469 -0.0980428 89.8603 
-59 -26 0 -298.707 -133.231 -2.59275 1.5693 0.187451 0.540617 0.187451 0.725815 0.0420371 0.540617 0.0420371 0.714591 
-57 -28 1 -287.091 -143.162 5.95144 0.510157 -0.333832 -0.33732 -0.333832 1.13517 0.409595 -0.33732 0.409595 2.61702 
-58 -26 0 -292.174 -133.433 -2.57391 0.728962 -0.0499004 -0.0340237 -0.0499004 1.21794 0.0495789 -0.0340237 0.0495789 0.848557 
-57 -26 0 -286.844 -132.757 -3.54863 0.966629 -0.508303 0.142943 -0.508303 1.52833 -0.330779 0.142943 -0.330779 0.965345 
-56 -29 0 -281.747 -146.975 -0.0139351 0.535241 -0.0213756 -0.00981445 -0.0213756 0.747934 0.101009 -0.00981445 0.101009 0.22022 
-56 -29 1 -282.683 -147.332 6.98431 0.617442 -0.0249137 0.235673 -0.0249137 0.600982 0.240928 0.235673 0.240928 0.954109 
-54 -26 0 -272.374 -133.722 -2.61775 0.419381 0.603375 0.0095348 0.603375 2.48395 -0.246194 0.0095348 -0.246194 0.377119 
-53 -26 0 -267.725 -133.482 -2.56962 0.529484 -0.285964 0.0987493 -0.285964 1.08777 0.0148151 0.0987493 0.0148151 0.457142 
-56 -26 0 -282.633 -133.745 -3.43946 0.941909 0.0366491 0.0202872 0.0366491 2.15661 -0.143577 0.0202872 -0.143577 0.777699 
-51 -26 0 -257.258 -133.399 -3.29642 1.04558 0.228366 -0.175568 0.228366 2.8379 -1.28911 -0.175568 -1.28911 1.14408 
-64 -21 0 -321.651 -107.149 -4.64564 2.73957 -0.337284 0.718818 -0.337284 0.543063 -0.0601071 0.718818 -0.0601071 13.8538 
-50 -26 0 -252.398 -133.297 -3.0614 1.31397 -0.988903 0.270681 -0.988903 1.82281 -0.556547 0.270681 -0.556547 0.89474 
-65 -26 0 -325.895 -132.752 -3.45492 3.41704 -0.678816 0.0450247 -0.678816 3.66352 -0.40977 0.0450247 -0.40977 1.56868 
-51 -23 0 -257.382 -117.27 -4.51543 0.571722 0.24783 -1.1089 0.24783 0.816113 -1.16946 -1.1089 -1.16946 16.5754 
-50 -25 0 -252.19 -129.536 -4.80586 0.862292 0.258787 -4.45873 0.258787 59.8577 8.52124 -4.45873 8.52124 51.4863 
-65 -19 0 -327.94 -97.4707 -0.69379 1.01786 0.131092 0.174354 0.131092 0.328222 0.0115526 0.174354 0.0115526 0.368748 
-67 -18 0 -337.601 -92.6875 1.58723 1.01875 -0.272984 -0.3645 -0.272984 0.328958 0.0575911 -0.3645 0.0575911 0.320708 
-60 -25 0 -301.917 -125.408 -3.85679 1.10212 4.00717 -0.338807 4.00717 30.4735 -4.47168 -0.338807 -4.47168 3.15781 
-59 -25 0 -299.554 -125.603 -4.45039 28.6184 -5.15195 7.73261 -5.15195 13.467 -7.1652 7.73261 -7.1652 12.091 
-55 -23 0 -279.022 -118.408 -4.58646 4.57199 -0.469809 4.33842 -0.469809 0.998817 -1.97836 4.33842 -1.97836 31.9564 
-63 -21 -1 -316.282 -107.912 -5.67933 0.921844 0.0788596 11.3872 0.0788596 0.557826 -2.44793 11.3872 -2.44793 435.034 
-61 -24 0 -307.256 -124.395 -3.96858 1.22541 2.52645 1.24685 2.52645 10.9895 4.01528 1.24685 4.01528 5.5067 
-66 -22 1 -333.763 -113.59 7.69577 4.48662 -0.458806 0.970044 -0.458806 2.94973 -0.841944 0.970044 -0.841944 1.34817 
-55 -24 -1 -277.584 -122.485 -6.0219 0.520417 0.0293027 1.33162 0.0293027 0.416958 -0.931103 1.33162 -0.931103 43.465 
-62 -24 0 -312.716 -123.571 -3.98977 3.16739 11.2412 -1.57198 11.2412 63.8521 2.0043 -1.57198 2.0043 7.10557 
-62 -28 0 -313.957 -141.372 0.28594 1.40712 -0.082168 -0.0888668 -0.082168 1.56557 0.207808 -0.0888668 0.207808 0.125119 
-61 -16 0 -306.683 -81.8916 0.622642 0.588483 0.118344 0.0959713 0.118344 0.4624 -0.160699 0.0959713 -0.160699 0.231462 
-51 -24 0 -255.964 -120.202 -4.9268 5.53801 37.8219 -22.8719 37.8219 621.478 105.236 -22.8719 105.236 2924.6 
-50 -24 0 -251.314 -120.29 -4.64643 1.61218 19.5578 -2.58392 19.5578 366.263 0.92984 -2.58392 0.92984 35.1421 
-58 -23 0 -292.124 -116.207 -4.1769 0.590946 -0.454775 -0.0581914 -0.454775 14.832 -5.52772 -0.0581914 -5.52772 7.3188 
-56 -28 0 -282.306 -142.356 -0.0339295 0.496225 -0.0198402 0.0200368 -0.0198402 0.511234 -0.0111302 0.0200368 -0.0111302 0.150949 
-55 -22 -1 -277.847 -113.981 -5.81875 0.495829 -0.139103 0.207096 -0.139103 4.52063 -2.56522 0.207096 -2.56522 7.6769 
-51 -28 0 -257.983 -142.56 -0.453218 0.685863 0.100263 -0.0168161 0.100263 0.730944 -0.0925956 -0.0168161 -0.0925956 0.122307 
-66 -22 0 -331.858 -113.178 -0.215486 2.54282 0.393484 0.685594 0.393484 0.884859 0.235089 0.685594 0.235089 0.381453 
-57 -22 0 -287.012 -113.451 -2.97397 0.675861 0.478234 0.242759 0.478234 6.77084 -1.30212 0.242759 -1.30212 1.22712 
-54 -22 0 -272.676 -113.614 -2.99675 0.713764 7.73061 -0.0408175 7.73061 225.237 -1.83965 -0.0408175 -1.83965 0.807301 
-53 -22 0 -267.5 -113.764 -3.01359 0.763266 11.6572 -0.165836 11.6572 478.75 -6.849 -0.165836 -6.849 0.871386 
-62 -28 2 -314.122 -142.397 11.0749 3.58531 0.468668 -0.804848 0.468668 1.14783 -0.152448 -0.804848 -0.152448 2.04121 
-59 -22 0 -295.079 -113.072 -3.02441 682.06 -0.00199498 -0.414135 -0.00199498 682.044 -3.28227 -0.414135 -3.28227 0.698123 
-56 -22 0 -282.474 -113.376 -3.02869 0.804771 12.5236 -0.213557 12.5236 468.386 -8.52556 -0.213557 -8.52556 0.928419 
-66 -16 0 -332.08 -83.4864 4.50315 25.3456 1.34631 -1.63929 1.34631 1.27344 -6.01562 -1.63929 -6.01562 40.1585 
-67 -28 0 -338.676 -141.154 1.04768 4.4549 3.72362 -0.151173 3.72362 4.75621 -0.325409 -0.151173 -0.325409 0.10531 
-66 -21 0 -332.266 -106.312 -4.35174 6.65089 -27.9511 7.67631 -27.9511 129.471 -39.7343 7.67631 -39.7343 16.7203 
-63 -20 0 -319.716 -102.649 -4.56038 106.37 -5.48354 10.5406 -5.48354 0.866168 1.0597 10.5406 1.0597 32.237 
-62 -15 0 -312.784 -79.6024 2.18589 7.75395 46.8267 -1.47298 46.8267 300.715 -8.70149 -1.47298 -8.70149 0.653175 
-62 -19 0 -311.357 -99.3256 -4.72659 4.87577 -11.4933 -3.41779 -11.4933 163.134 -10.3352 -3.41779 -10.3352 18.1515 
-63 -19 0 -319.55 -97.5665 -4.57671 13.3211 -0.074852 -1.99703 -0.074852 0.348043 0.960149 -1.99703 0.960149 25.3929 
-62 -28 1 -313.226 -142.549 7.17345 0.752573 0.0330923 0.123459 0.0330923 0.50174 0.162274 0.123459 0.162274 0.683407 
-61 -28 0 -306.291 -142.516 -0.00752278 1.25787 0.0550939 -0.119181 0.0550939 0.980302 0.227483 -0.119181 0.227483 0.146783 
-54 -27 0 -272.709 -138.228 -0.947217 0.85353 -0.0804004 0.113661 -0.0804004 0.557071 0.0635246 0.113661 0.0635246 0.156895 
-64 -17 0 -321.811 -88.8843 -1.04919 0.824865 -0.287372 0.0612369 -0.287372 1.90469 -0.2136 0.0612369 -0.2136 0.32209 
-60 -16 0 -304.543 -81.6213 -0.66408 14.5762 -2.09175 0.0158732 -2.09175 1.05603 -0.217246 0.0158732 -0.217246 0.20379 
-60 -28 0 -302.772 -142.335 -0.385871 0.608636 0.203407 0.0814683 0.203407 0.654407 0.0743125 0.0814683 0.0743125 0.141792 
-53 -29 0 -267.259 -147.157 -0.0257163 0.424978 0.0118902 0.0377281 0.0118902 0.682519 -0.00355486 0.0377281 -0.00355486 0.192613 
-59 -28 0 -297.948 -142.212 -0.288478 0.551484 -0.121051 -0.0133673 -0.121051 0.447156 0.0253457 -0.0133673 0.0253457 0.144616 
-54 -29 0 -272.993 -147.24 -0.0500968 0.640633 -0.0993353 -0.0266952 -0.0993353 0.449629 0.00240186 -0.0266952 0.00240186 0.154327 
-65 -22 0 -329.615 -113.154 -2.86517 41.6231 16.1033 9.1104 16.1033 11.3063 4.06701 9.1104 4.06701 3.54382 
-67 -20 0 -336.559 -102.892 1.36718 5.09061 -0.454132 0.419307 -0.454132 0.945537 0.114951 0.419307 0.114951 0.338574 
-66 -19 0 -332.206 -98.7201 1.73934 0.826906 -0.158786 -0.196407 -0.158786 0.821956 -0.113545 -0.196407 -0.113545 0.267885 
-55 -29 0 -277.793 -147.302 -0.0600914 0.489796 -0.0659343 0.0273316 -0.0659343 0.862054 0.159457 0.0273316 0.159457 0.30947 
-66 -23 2 -332.501 -118.478 11.0658 2.91424 1.44822 0.933431 1.44822 2.14636 0.408673 0.933431 0.408673 2.96096 
-57 -28 0 -287.254 -142.308 -0.0378017 0.485981 0.0209821 -0.00491257 0.0209821 0.449952 0.028464 -0.00491257 0.028464 0.158911 
