-63 -3 2 -317.018 -19.2204 10.2858 1.66393 0.220495 1.14067 0.220495 6.68737 -9.60706 1.14067 -9.60706 23.7511 
-62 8 1 -310.382 42.8129 5.65321 16.8445 8.47662 -12.7452 8.47662 13.0905 -14.0672 -12.7452 -14.0672 27.3513 
-61 8 1 -309.516 42.3232 5.81555 13.2089 2.3091 0.306987 2.3091 2.46705 -1.07426 0.306987 -1.07426 3.7766 
-60 6 1 -301.823 33.3203 5.80781 1.26524 -0.490638 -1.083 -0.490638 1.09566 0.67115 -1.083 0.67115 3.69349 
-51 6 1 -255.779 31.2577 5.65362 4.07612 12.2389 -17.0185 12.2389 47.7876 -63.4145 -17.0185 -63.4145 86.8186 
-61 0 1 -308.008 -0.421737 6.31535 0.628915 7.08056 -0.184203 7.08056 529.476 -7.22329 -0.184203 -7.22329 2.34393 
-62 0 1 -312.435 -0.351262 6.25365 0.579924 7.59199 -0.14732 7.59199 442.455 -1.52699 -0.14732 -1.52699 2.56282 
-58 0 1 -292.649 -0.832789 5.81884 0.660679 4.16486 -0.132068 4.16486 233.38 -7.59044 -0.132068 -7.59044 4.42629 
-59 0 1 -297.48 -0.66139 6.30013 1.22695 6.18753 1.9825 6.18753 276.014 4.23852 1.9825 4.23852 4.72899 
-57 0 1 -286.92 -1.06017 5.89873 1.41462 3.92597 0.766636 3.92597 310.516 -19.8093 0.766636 -19.8093 4.55903 
-53 0 1 -267.592 -1.68196 6.00271 1.02576 16.1444 -0.292596 16.1444 470.999 -8.02205 -0.292596 -8.02205 2.90438 
-55 0 1 -277.227 -1.36715 6.07186 0.827854 12.6681 -0.268155 12.6681 429.851 -17.1857 -0.268155 -17.1857 3.57454 
-51 0 1 -259.986 -2.79645 5.69845 2112.78 -52.5987 -0.11283 -52.5987 7.35435 0.612406 -0.11283 0.612406 2.20867 
-52 0 1 -261.821 -2.5357 5.92112 0.629081 0.753706 0.313732 0.753706 1.86187 0.279276 0.313732 0.279276 3.07295 
-63 0 1 -315.782 -2.27898 6.3067 43.1304 -3.00048 -0.0816246 -3.00048 0.663601 -0.0383497 -0.0816246 -0.0383497 1.90417 
-63 -2 1 -316.023 -11.5732 6.41564 562.815 -11.8815 -6.04369 -11.8815 1.25092 0.186072 -6.04369 0.186072 1.58992 
-57 -3 1 -288.202 -17.161 5.4477 0.579442 0.825248 1.21576 0.825248 11.1497 6.04739 1.21576 6.04739 11.6198 
-58 -3 1 -293.187 -17.9831 6.97827 1.12361 -0.726918 -0.0707884 -0.726918 1.88646 0.615471 -0.0707884 0.615471 1.69953 
-59 -3 1 -297.362 -17.7676 6.58863 0.540201 0.30813 -0.232358 0.30813 2.20757 1.30483 -0.232358 1.30483 3.4108 
-61 -4 1 -307.458 -20.7473 6.91682 0.345496 0.211761 -0.178939 0.211761 9.82542 -4.36439 -0.178939 -4.36439 5.58189 
-52 -2 1 -260.36 -12.6596 6.17909 451.313 -17.1964 -3.70269 -17.1964 1.1114 0.222652 -3.70269 0.222652 2.37155 
-62 -4 1 -311.245 -20.8078 6.80053 0.864237 0.931924 0.746672 0.931924 18.7697 -3.15425 0.746672 -3.15425 2.69886 
-60 -4 1 -302.066 -21.2969 6.81765 0.604326 0.515507 -0.385685 0.515507 4.76886 -2.73891 -0.385685 -2.73891 3.45963 
-63 -4 1 -317.665 -21.4265 7.65189 4.33794 -4.67876 0.523963 -4.67876 6.45799 -1.34881 0.523963 -1.34881 0.736472 
-57 -4 1 -287.859 -24.6547 6.68795 0.910446 1.88676 -0.747795 1.88676 27.4223 -1.49524 -0.747795 -1.49524 1.06696 
-57 0 0 -287.125 -1.23866 -0.166644 0.495197 0.676556 -0.0448192 0.676556 10.0243 -0.605064 -0.0448192 -0.605064 0.164595 
-63 -1 -1 -317.845 -7.53564 -5.77132 0.552715 -0.050347 -0.185468 -0.050347 0.460185 0.31313 -0.185468 0.31313 8.23946 
-61 7 1 -305.736 38.0172 5.91041 9.4545 -0.782951 -1.92678 -0.782951 1.65442 0.0426047 -1.92678 0.0426047 2.35505 
-54 -8 -1 -272.229 -41.3199 -5.4247 3.26902 -1.93586 2.20777 -1.93586 2.73973 -1.98566 2.20777 -1.98566 11.9212 
-65 -3 -1 -327.768 -17.9689 -6.02359 0.74318 -0.366053 -1.51326 -0.366053 0.977033 2.68527 -1.51326 2.68527 12.4252 
-57 -5 0 -286.077 -26.4643 -2.69887 0.746126 -0.0276037 0.0388231 -0.0276037 0.362577 -0.0481489 0.0388231 -0.0481489 0.171906 
-66 6 -1 -332.597 32.3659 -5.98001 0.977731 1.16216 -14.384 1.16216 2.93867 -32.0404 -14.384 -32.0404 424.031 
-54 6 0 -272.904 32.7783 0.018106 0.457783 0.122997 -0.0386065 0.122997 0.514993 0.01189 -0.0386065 0.01189 0.16758 
-68 6 -1 -342.809 32.5688 -6.0046 0.420281 0.0272476 -0.45635 0.0272476 0.652832 -2.90959 -0.45635 -2.90959 60.5421 
-51 -1 -1 -257.47 -7.67413 -6.37397 0.4549 -0.0222022 0.247206 -0.0222022 0.551174 0.272528 0.247206 0.272528 10.5387 
-69 6 -1 -347.382 32.5688 -6.03142 0.556235 0.244171 -5.93492 0.244171 1.0468 -16.1359 -5.93492 -16.1359 428.648 
-60 5 -1 -302.524 28.1539 -5.99405 0.621469 0.275172 -1.00221 0.275172 3.74905 -15.9439 -1.00221 -15.9439 79.6129 
-50 2 -1 -252.579 12.3731 -6.20425 0.561314 0.0963501 1.68081 0.0963501 0.717049 3.37636 1.68081 3.37636 46.3259 
-55 -4 0 -277.244 -23.0843 -4.72978 0.569106 -0.109578 -1.33571 -0.109578 0.594626 0.440118 -1.33571 0.440118 44.0637 
-51 -8 -1 -257.378 -41.883 -6.48655 1.1755 0.0204759 17.4907 0.0204759 0.773042 -3.0949 17.4907 -3.0949 531.72 
-61 2 -1 -307.336 12.574 -6.18267 1.35454 -0.944775 -12.4363 -0.944775 1.18319 10.3863 -12.4363 10.3863 178.582 
-66 -5 0 -332.218 -27.0258 -3.0304 0.591019 0.156632 -0.0159057 0.156632 0.656869 -0.0432016 -0.0159057 -0.0432016 0.592567 
-62 2 -1 -313.098 11.4463 -6.06985 0.625364 0.129237 1.93432 0.129237 0.80096 1.29759 1.93432 1.29759 28.9253 
-59 1 -1 -296.924 9.19428 -6.25695 1.08046 -0.117172 5.22788 -0.117172 15.1116 -48.1365 5.22788 -48.1365 232.328 
-53 4 -1 -266.923 23.5779 -6.70541 0.885069 0.0776404 -7.71145 0.0776404 0.719022 7.23752 -7.71145 7.23752 474.22 
-68 7 -1 -342.311 37.4766 -5.87627 0.440452 -0.120351 0.953139 -0.120351 0.714037 -1.80615 0.953139 -1.80615 26.833 
-56 1 -1 -282.38 9.26279 -5.95201 11.3554 9.11082 6.00252 9.11082 12.7635 1.03906 6.00252 1.03906 10.2588 
-51 1 -1 -257.408 7.07722 -5.87163 0.467954 -0.0515514 0.324174 -0.0515514 0.6169 1.32741 0.324174 1.32741 14.0711 
-63 2 -1 -317.623 12.0629 -6.02803 0.512717 0.0613583 0.709435 0.0613583 0.606223 0.742537 0.709435 0.742537 9.25931 
-65 5 -1 -327.454 27.4595 -6.21595 0.979735 1.44435 -13.8773 1.44435 5.19226 -43.8809 -13.8773 -43.8809 406.079 
-61 -1 -1 -308.064 -7.35319 -5.79848 0.828139 0.0789937 -0.26109 0.0789937 0.485246 -0.236831 -0.26109 -0.236831 8.04253 
-53 -6 0 -267.335 -32.586 -2.73084 0.596296 0.0414035 -0.0417882 0.0414035 0.588205 0.106761 -0.0417882 0.106761 0.263628 
-62 -2 0 -312.475 -12.0251 -4.08564 0.782619 -3.37154 -2.17496 -3.37154 88.6901 17.7939 -2.17496 17.7939 18.0275 
-67 7 -1 -337.494 37.5671 -5.80403 1.52323 1.32097 -22.3698 1.32097 2.25077 -28.5692 -22.3698 -28.5692 482.829 
-64 8 -1 -322.764 42.2533 -5.2131 2.35827 0.0585861 -26.8674 0.0585861 0.879985 -3.08863 -26.8674 -3.08863 375.261 
-53 9 1 -267.95 46.318 6.83967 0.995801 15.5081 -0.185169 15.5081 482.22 -2.82517 -0.185169 -2.82517 1.14128 
-53 -9 -1 -266.227 -48.1499 -6.26734 130.076 46.363 0.101778 46.363 17.2608 -10.1908 0.101778 -10.1908 442.318 
-50 -9 -1 -252.683 -48.4325 -6.73774 0.718958 -0.376379 -4.32078 -0.376379 1.22785 5.89767 -4.32078 5.89767 516.578 
-52 -3 -1 -261.88 -18.0543 -5.95005 0.606667 -0.45232 0.0817797 -0.45232 1.27771 -1.2367 0.0817797 -1.2367 6.10747 
-64 -3 0 -321.081 -18.0533 -4.68167 1.81716 -0.326839 -1.4903 -0.326839 0.723755 -0.723534 -1.4903 -0.723534 35.4234 
-61 -3 -1 -307.433 -17.8298 -5.79666 0.491593 0.0333581 -0.271636 0.0333581 0.534888 0.312565 -0.271636 0.312565 10.43 
-64 -3 -1 -322.584 -17.5554 -5.79796 0.470211 -0.00753804 0.175435 -0.00753804 0.511664 0.378758 0.175435 0.378758 11.9806 
-54 1 0 -272.621 8.48999 -1.15366 1.08813 -0.144661 -0.0677494 -0.144661 1.07759 -0.137001 -0.0677494 -0.137001 0.322402 
-53 -4 -1 -267.911 -22.676 -6.0903 0.628374 0.0555476 1.43716 0.0555476 0.483131 0.554074 1.43716 0.554074 11.6351 
-59 -5 -1 -295.043 -26.3968 -5.4681 248.692 -3.09658 4.48554 -3.09658 0.289929 -0.250086 4.48554 -0.250086 15.3115 
-58 -2 -1 -292.359 -14.4925 -5.74859 0.541858 0.69784 -0.0725718 0.69784 13.1395 -0.555318 -0.0725718 -0.555318 6.70459 
-52 8 0 -261.838 40.5524 -1.36533 5.36348 -1.28388 2.34317 -1.28388 8.11714 0.152788 2.34317 0.152788 1.15804 
-64 2 -1 -322.224 11.7651 -5.94013 0.535772 -0.0316972 -0.552993 -0.0316972 1.00911 0.328476 -0.552993 0.328476 5.55364 
-63 -3 1 -317.24 -18.8994 8.11437 3.95001 0.642185 -0.988365 0.642185 0.736105 -0.00982591 -0.988365 -0.00982591 1.05081 
-63 3 -1 -317.95 17.5707 -6.48821 0.393874 0.0301657 0.701344 0.0301657 0.660163 2.78196 0.701344 2.78196 145.564 
-55 -4 -1 -277.594 -22.8186 -5.91993 0.611807 0.0993907 0.0590577 0.0993907 0.563612 0.531945 0.0590577 0.531945 7.85126 
-62 -5 -1 -310.184 -27.506 -5.58736 36.1039 0.269968 2.35962 0.269968 0.454876 -0.182411 2.35962 -0.182411 8.86838 
-63 -4 -1 -317.656 -22.4396 -5.6005 0.713519 0.0189696 -1.49023 0.0189696 0.838075 0.67266 -1.49023 0.67266 13.2567 
-61 -5 -1 -308.43 -27.233 -5.67062 1.57828 0.203967 -1.72075 0.203967 0.550496 -0.287802 -1.72075 -0.287802 14.2191 
-53 -5 -1 -267.463 -27.3957 -6.09682 0.505503 -0.00098722 0.429908 -0.00098722 0.463699 -0.0576891 0.429908 -0.0576891 10.7571 
-63 -1 1 -315.958 -7.79852 6.36254 469.517 -10.5856 -5.51458 -10.5856 0.709695 0.161096 -5.51458 0.161096 1.90987 
-63 1 -1 -317.33 7.31639 -6.09341 0.453321 -0.00318956 -0.429469 -0.00318956 0.478668 0.533596 -0.429469 0.533596 10.3358 
-59 6 -1 -298.187 30.8486 -5.36408 0.859988 -1.01988 1.86309 -1.01988 6.24435 -10.7347 1.86309 -10.7347 44.3364 
-65 3 -1 -327.791 17.5729 -6.51817 0.499517 0.0132172 1.09789 0.0132172 0.500518 1.06183 1.09789 1.06183 52.8632 
-61 0 0 -309.031 -0.387646 -1.34376 1.35456 0.470714 -0.0947463 0.470714 4.07427 -0.0412183 -0.0947463 -0.0412183 0.120294 
-64 -6 -1 -323.469 -31.4115 -5.50798 2.19384 -1.0086 -0.370791 -1.0086 1.60053 -0.495382 -0.370791 -0.495382 10.0769 
-63 -3 0 -316.864 -17.9109 -2.56007 0.960597 -0.0750407 -0.0490632 -0.0750407 0.568372 0.0357999 -0.0490632 0.0357999 0.23441 
-53 -6 -1 -267.484 -32.3735 -5.80585 0.500643 -0.016197 -0.0171591 -0.016197 0.596864 0.458717 -0.0171591 0.458717 6.65132 
-54 -6 -1 -270.998 -32.8733 -5.7765 2.98178 -0.250564 1.56129 -0.250564 0.549224 0.186346 1.56129 0.186346 10.779 
-61 -4 -1 -307.378 -22.1152 -5.74439 0.509496 -0.0913046 -0.0913654 -0.0913046 0.598625 0.577976 -0.0913654 0.577976 10.3307 
-65 7 -1 -327.222 36.2638 -5.54795 2.32088 0.624097 -29.1854 0.624097 1.52923 -6.18523 -29.1854 -6.18523 480.314 
-54 -7 -1 -271.239 -36.8294 -5.61388 2.30906 -0.400781 1.23859 -0.400781 0.769308 0.828123 1.23859 0.828123 12.884 
-67 -7 -1 -336.256 -39.5419 -5.75339 4.1418 2.65811 -2.61878 2.65811 12.4792 -7.05515 -2.61878 -7.05515 6.05151 
-52 -8 -1 -261.579 -42.0579 -6.35583 2.51292 0.210467 31.9476 0.210467 2.43926 -17.1796 31.9476 -17.1796 1042.15 
-52 9 1 -263.642 46.1601 6.66688 1.39888 21.1208 -0.114411 21.1208 496.996 -1.67246 -0.114411 -1.67246 1.24842 
-59 5 -1 -297.391 28.6069 -5.84385 0.534049 -0.207298 1.6781 -0.207298 0.931975 -2.45395 1.6781 -2.45395 20.5121 
-57 -5 1 -286.585 -25.4876 7.48659 1.46619 0.690457 0.184547 0.690457 2.89562 0.219691 0.184547 0.219691 1.22903 
-57 5 -1 -287.73 28.7026 -6.11771 0.516271 -0.588341 0.824446 -0.588341 14.7195 -36.6251 0.824446 -36.6251 108.051 
-51 5 -1 -257.465 27.6577 -6.04067 0.501845 0.0434765 -0.140106 0.0434765 9.56436 -30.321 -0.140106 -30.321 101.689 
-51 -5 1 -259.251 -28.9701 5.30159 583.564 -171.414 -182.088 -171.414 54.7722 46.8342 -182.088 46.8342 81.4591 
-52 5 -1 -262.341 27.8392 -5.99229 0.492354 0.07809 -0.353814 0.07809 2.73155 -6.48754 -0.353814 -6.48754 20.5084 
-52 -5 1 -261.654 -29.0682 5.68072 0.992902 0.0312045 -0.513246 0.0312045 1.7391 -0.232703 -0.513246 -0.232703 4.85963 
-59 -4 1 -297.094 -21.7791 6.7724 0.508846 -0.00755671 -0.0781408 -0.00755671 1.69214 -1.37811 -0.0781408 -1.37811 4.33622 
-54 5 -1 -272.083 28.2372 -6.03164 0.554151 0.407678 -1.02283 0.407678 2.78108 -6.39771 -1.02283 -6.39771 19.7383 
-54 -5 1 -272.597 -27.089 6.61098 0.761018 1.37729 -0.591101 1.37729 4.63417 -2.12823 -0.591101 -2.12823 2.38295 
-62 9 0 -311.718 46.864 -0.103582 1.51314 0.528201 0.210466 0.528201 0.921317 0.102878 0.210466 0.102878 0.204603 
-56 5 -1 -282.215 28.6757 -6.10385 0.427689 0.238222 -0.960897 0.238222 2.75661 -12.9113 -0.960897 -12.9113 72.4954 
-56 -5 1 -281.916 -25.9566 6.85936 0.531019 0.192902 -0.244959 0.192902 5.96701 1.29551 -0.244959 1.29551 1.5778 
-58 5 -1 -292.909 28.6994 -5.99482 0.521289 0.279131 -0.542949 0.279131 4.12864 -11.123 -0.542949 -11.123 36.7598 
-51 -3 -1 -257.038 -17.0419 -5.98313 0.679394 -0.0208507 -0.553608 -0.0208507 0.731095 -0.573382 -0.553608 -0.573382 4.85729 
-61 4 -1 -307.641 22.6385 -6.32252 0.48137 -0.046471 0.494459 -0.046471 0.655647 1.17984 0.494459 1.17984 12.6594 
-62 4 -1 -313.515 23.1192 -6.48755 0.560479 0.0340279 1.49511 0.0340279 0.623385 1.36335 1.49511 1.36335 41.7797 
-64 0 -1 -322.617 -0.41297 -5.91151 0.504903 0.00540375 0.548936 0.00540375 0.137513 0.347009 0.548936 0.347009 9.92167 
-50 4 -1 -252.335 22.1915 -6.40781 0.592622 0.0501321 -1.03547 0.0501321 0.599 -0.119392 -1.03547 -0.119392 11.7121 
-63 4 -1 -317.854 22.3966 -6.38468 0.550042 -0.00811551 -0.176643 -0.00811551 0.704241 0.974066 -0.176643 0.974066 14.6058 
-64 -2 -1 -322.652 -12.3199 -5.74509 0.51284 -0.0124431 0.593883 -0.0124431 0.531692 -0.593853 0.593883 -0.593853 10.4025 
-62 5 -1 -312.72 27.8558 -6.01831 0.526083 0.0608029 -0.00921253 0.0608029 17.1761 -86.7851 -0.00921253 -86.7851 452.963 
-57 -3 0 -287.177 -17.19 -1.38561 0.491103 0.0862452 0.034672 0.0862452 1.71383 0.0621123 0.034672 0.0621123 0.149596 
-64 4 -1 -322.717 22.6099 -6.51169 0.494635 -0.0586017 -0.368465 -0.0586017 0.517914 -0.574282 -0.368465 -0.574282 49.5286 
-62 0 0 -312.845 1.50651 -1.98075 0.418156 0.00406577 -0.0239907 0.00406577 0.455349 0.0303834 -0.0239907 0.0303834 0.157315 
-55 -5 -1 -277.097 -26.2176 -5.76179 0.550349 0.13702 -0.0479643 0.13702 1.49768 0.317554 -0.0479643 0.317554 7.3844 
-52 2 0 -262.973 11.0705 -2.32342 1.01013 -0.0733564 0.254289 -0.0733564 2.17368 0.403742 0.254289 0.403742 0.917482 
-52 -5 -1 -262.135 -27.6358 -6.33023 0.465587 -0.0821606 -0.714766 -0.0821606 0.895724 6.14445 -0.714766 6.14445 85.4036 
-52 -6 -1 -262.288 -32.826 -5.80203 0.618992 0.135293 0.0126835 0.135293 0.598908 0.13512 0.0126835 0.13512 4.8672 
-51 -6 -1 -257.205 -32.358 -6.25634 0.476563 -0.173075 1.1397 -0.173075 0.506977 -0.774629 1.1397 -0.774629 17.8576 
-50 -7 -1 -252.318 -37.0787 -6.46741 0.625265 -0.0116877 0.329379 -0.0116877 0.529819 0.357729 0.329379 0.357729 7.86267 
-68 4 -1 -342.666 22.4356 -6.61041 0.544168 -0.00567236 2.57688 -0.00567236 0.555288 -5.31246 2.57688 -5.31246 485.688 
-62 -3 1 -310.699 -17.9866 6.73974 15.2945 7.14472 0.937369 7.14472 4.08859 1.51043 0.937369 1.51043 4.04107 
-61 6 -1 -307.725 30.9555 -5.31067 0.617411 1.1902 -2.51339 1.1902 25.0687 -66.1489 -2.51339 -66.1489 200.229 
-62 3 -1 -312.785 18.0655 -6.49313 0.477041 -0.211273 -1.24287 -0.211273 0.753311 1.50024 -1.24287 1.50024 57.3068 
-50 -8 -1 -252.127 -41.9822 -6.56267 0.462398 0.105576 -0.0581943 0.105576 0.754809 -1.27921 -0.0581943 -1.27921 14.4211 
-60 -3 -1 -302.667 -17.8953 -5.78623 0.525852 -0.0477807 0.316729 -0.0477807 0.576219 0.162249 0.316729 0.162249 7.69022 
-67 0 -1 -337.885 -0.000957629 -6.50842 0.530025 -0.0435558 0.294909 -0.0435558 0.128047 -0.119825 0.294909 -0.119825 4.07457 
-62 -3 -1 -312.386 -18.1767 -5.72473 0.520466 0.00577025 0.423076 0.00577025 0.728912 0.12585 0.423076 0.12585 7.75144 
-59 -6 -1 -295.058 -32.4264 -5.63305 261.102 1.23187 -33.6487 1.23187 0.585782 -3.6686 -33.6487 -3.6686 43.866 
-51 1 0 -257.824 5.82563 -3.85625 0.767452 0.326225 -0.228456 0.326225 3.9992 -0.115049 -0.228456 -0.115049 2.25909 
-52 -4 -1 -262.448 -22.4932 -6.39064 0.502014 0.0254379 0.128164 0.0254379 0.520307 -0.0357127 0.128164 -0.0357127 29.0776 
-63 0 -1 -317.352 0.313069 -5.86365 0.474632 -0.0375103 -0.25158 -0.0375103 0.117242 0.0356483 -0.25158 0.0356483 7.18049 
-57 -4 0 -287.621 -24.2601 -1.23772 0.501285 0.0585536 0.0475097 0.0585536 1.93843 0.203615 0.0475097 0.203615 0.164687 
-68 0 -1 -342.327 0.164998 -6.8025 0.494403 0.0174554 -0.104944 0.0174554 0.140034 -0.313075 -0.104944 -0.313075 6.7327 
-60 -4 -1 -302.528 -21.8119 -5.74481 0.440848 0.058349 -0.0423283 0.058349 0.772031 0.28337 -0.0423283 0.28337 6.09496 
-66 -1 -1 -332.538 -7.51214 -6.78072 0.966598 0.223725 -8.36595 0.223725 0.5479 -3.50485 -8.36595 -3.50485 137.443 
-57 -6 0 -286.048 -32.4529 -1.94739 43.5338 -8.78094 -14.6177 -8.78094 2.48315 3.75109 -14.6177 3.75109 7.04164 
-50 3 -1 -252.456 17.493 -6.37626 0.499013 -0.00187261 0.808212 -0.00187261 0.479168 -0.0918822 0.808212 -0.0918822 42.2259 
-67 -4 -1 -337.084 -22.2045 -6.20761 0.591441 -0.126962 -0.518177 -0.126962 0.878664 0.853658 -0.518177 0.853658 3.48071 
-65 0 -1 -327.22 -0.290586 -6.06335 0.74321 -0.0102187 -1.74095 -0.0102187 0.114124 0.163383 -1.74095 0.163383 12.259 
-64 -5 -1 -323.714 -27.0417 -5.52314 1.18721 0.187935 -0.824506 0.187935 0.485887 -0.26721 -0.824506 -0.26721 13.2365 
-66 -5 -1 -332.261 -27.7562 -5.40023 0.912147 0.169662 -0.484091 0.169662 0.758623 -0.383355 -0.484091 -0.383355 12.1119 
-67 -2 -1 -337.391 -12.172 -6.92769 0.506817 0.11955 -0.0618517 0.11955 0.545291 -0.784886 -0.0618517 -0.784886 7.4939 
-60 4 -1 -302.292 23.3165 -6.53845 0.539278 -0.331785 -3.1589 -0.331785 1.8766 -12.683 -3.1589 -12.683 289.471 
-64 -4 -1 -322.654 -22.3677 -5.71064 0.613728 -0.1622 -0.0727478 -0.1622 0.553718 0.0150943 -0.0727478 0.0150943 9.5849 
-59 5 0 -298.951 26.6668 -2.02922 1.05396 -1.44656 -0.430143 -1.44656 4.69873 1.26334 -0.430143 1.26334 0.65909 
-66 -2 -1 -332.496 -12.3715 -6.76089 2.25512 -0.251807 -27.983 -0.251807 0.500782 4.09398 -27.983 4.09398 431.944 
-52 -2 -1 -260.364 -12.7035 -5.73003 209.611 -9.70629 17.871 -9.70629 0.891248 -0.613645 17.871 -0.613645 7.50427 
-62 -4 -1 -312.01 -22.0868 -5.72206 0.574311 0.0138448 0.3426 0.0138448 0.869446 0.376034 0.3426 0.376034 10.9384 
-52 4 -1 -261.921 22.9695 -6.62907 0.685967 0.0732209 -5.563 0.0732209 0.560256 6.04684 -5.563 6.04684 333.208 
-67 4 -1 -337.153 22.1574 -6.50641 0.544759 -0.014132 -0.811948 -0.014132 0.546579 1.06212 -0.811948 1.06212 13.2854 
-69 7 -1 -347.703 37.3003 -5.85613 0.584704 -0.0353336 -1.38075 -0.0353336 0.974987 -14.6398 -1.38075 -14.6398 435.645 
-65 -1 0 -326.752 -6.69189 -1.17381 1.31811 0.0610758 -0.0256258 0.0610758 1.49091 0.00394486 -0.0256258 0.00394486 0.215796 
-55 0 -1 -276.941 2.12144 -6.71933 6.46391 -0.544895 19.3258 -0.544895 0.23104 -0.235828 19.3258 -0.235828 85.4452 
-69 -5 -1 -348.06 -27.6969 -6.99471 0.577588 -0.0480659 -0.38952 -0.0480659 0.645538 -0.807404 -0.38952 -0.807404 6.52894 
-51 -9 -1 -257.12 -49.0791 -6.63549 1.89558 0.459875 25.3373 0.459875 2.61208 11.5023 25.3373 11.5023 451.312 
-59 -1 -1 -296.373 -7.64173 -5.93173 3.00763 -0.209393 0.0458462 -0.209393 0.518946 -0.172128 0.0458462 -0.172128 5.20913 
-53 5 -1 -267.302 28.0081 -6.02463 0.425484 0.0673359 -0.131421 0.0673359 6.89151 -18.9355 -0.131421 -18.9355 56.2462 
-53 -5 1 -268.76 -27.3329 6.55794 9.91014 -3.43866 3.45272 -3.43866 2.92143 -2.05305 3.45272 -2.05305 4.19946 
-59 -6 0 -295.117 -30.4955 -4.06072 324.686 16.0465 3.62959 16.0465 10.8148 1.97125 3.62959 1.97125 4.20133 
-53 -3 0 -267.968 -18.05 -1.5836 0.71243 0.165405 -0.0129668 0.165405 1.25998 0.0175651 -0.0129668 0.0175651 0.164686 
-60 6 -1 -302.498 30.5004 -5.42229 0.463861 -0.79579 3.31341 -0.79579 35.8834 -61.7102 3.31341 -61.7102 156.239 
-65 4 -1 -327.718 22.571 -6.52805 0.500482 -0.0197221 0.553912 -0.0197221 0.436722 0.337424 0.553912 0.337424 20.1597 
-65 6 -1 -327.476 32.3935 -5.7561 1.99856 1.67096 -24.3985 1.67096 2.32149 -27.1538 -24.3985 -27.1538 387.266 
-55 -7 0 -277.707 -37.6005 -0.638511 0.70314 0.222765 -0.178402 0.222765 0.716728 -0.268312 -0.178402 -0.268312 2.12926 
-60 -3 1 -302.352 -17.8559 6.8676 0.685456 0.00357593 -0.0216028 0.00357593 1.99292 1.39145 -0.0216028 1.39145 2.47142 
-64 -6 1 -322.314 -33.1204 5.36053 350.231 -17.4946 -27.294 -17.4946 1.56705 1.34805 -27.294 1.34805 26.9123 
-51 -7 -1 -257.412 -37.5377 -6.48158 0.621019 -0.166817 6.59545 -0.166817 0.669703 -0.571911 6.59545 -0.571911 417.559 
-63 7 0 -317.664 37.7506 0.359881 0.532752 -0.172873 0.166741 -0.172873 0.935064 -0.402074 0.166741 -0.402074 0.291193 
-61 0 -1 -309.237 0.986846 -6.0986 0.974308 0.306846 0.241317 0.306846 0.621713 0.633249 0.241317 0.633249 3.74448 
-64 -6 0 -323.144 -31.7875 0.271923 1.71295 0.313759 -0.304682 0.313759 0.707847 0.0448762 -0.304682 0.0448762 0.200725 
-54 6 -1 -271.905 30.5837 -5.21982 0.659427 1.80628 -5.09218 1.80628 21.479 -53.013 -5.09218 -53.013 196.984 
-53 -7 -1 -267.258 -37.082 -5.7376 0.504395 -0.108356 0.0835594 -0.108356 0.635588 -0.217802 0.0835594 -0.217802 6.14837 
-54 -3 -1 -272.584 -17.6109 -6.05399 0.507922 0.0839351 0.2955 0.0839351 0.539156 0.166425 0.2955 0.166425 5.09931 
-66 -3 -1 -332.323 -17.8537 -6.36029 0.586759 -0.159952 -0.965202 -0.159952 0.673833 1.68744 -0.965202 1.68744 8.42738 
-69 -1 -1 -347.054 -7.46204 -6.83355 0.617236 0.0326185 -0.378283 0.0326185 0.470952 -0.0925207 -0.378283 -0.0925207 3.1624 
-67 1 -1 -337.459 7.26414 -6.45514 0.529207 -0.0696921 -0.0421273 -0.0696921 0.560146 0.637129 -0.0421273 0.637129 6.13737 
-56 5 0 -283.478 28.7956 -0.241349 0.738541 -0.0733765 -0.0479968 -0.0733765 4.75699 0.69832 -0.0479968 0.69832 0.901076 
-57 -3 -1 -287.149 -17.5722 -5.88113 0.487882 0.0158048 -0.188867 0.0158048 0.531394 0.0975817 -0.188867 0.0975817 5.49212 
-64 -8 -1 -322.625 -42.7328 -6.32722 194.258 -7.74791 -14.0354 -7.74791 3.18951 4.14398 -14.0354 4.14398 6.78122 
-69 -2 -1 -347.403 -12.5485 -6.67889 0.833503 0.13165 -0.0211803 0.13165 0.533367 -0.13737 -0.0211803 -0.13737 1.53209 
-55 -3 -1 -277.429 -17.5227 -6.0785 0.448751 -0.0201936 -0.246889 -0.0201936 0.568766 -0.0944435 -0.246889 -0.0944435 7.52776 
-63 6 -1 -317.827 31.7099 -5.38099 1.49205 3.16765 -19.2794 3.16765 10.2166 -61.9569 -19.2794 -61.9569 401.551 
-64 -7 0 -322.453 -37.2657 3.25836 362.614 -6.59592 -1.75793 -6.59592 0.555267 0.076047 -1.75793 0.076047 0.654185 
-65 -6 -1 -326.768 -31.013 -5.52632 1.14274 0.147129 -0.257033 0.147129 1.4806 0.679577 -0.257033 0.679577 7.41263 
-69 -3 -1 -348.317 -18.3312 -6.14178 1.13046 -0.237131 0.874413 -0.237131 0.46416 0.0914556 0.874413 0.0914556 3.27156 
-64 9 -1 -323.834 46.7192 -5.24553 1.32359 0.565743 -1.82884 0.565743 0.748331 6.22905 -1.82884 6.22905 178.61 
-56 0 1 -282.647 -1.19232 5.82982 1.28992 18.7602 -0.105466 18.7602 437.111 -11.9716 -0.105466 -11.9716 4.42393 
-54 -2 0 -272.493 -14.7891 -3.86285 0.521086 5.50573 -0.0109539 5.50573 441.251 -11.8123 -0.0109539 -11.8123 2.50459 
-52 -5 0 -261.364 -28.055 2.11249 0.452156 -0.21032 -0.0478991 -0.21032 1.18413 0.537468 -0.0478991 0.537468 0.528737 
-56 -5 -1 -282.262 -26.0893 -5.77625 0.711738 0.127334 -0.039086 0.127334 0.950871 -0.800106 -0.039086 -0.800106 10.2444 
-65 2 -1 -327.504 12.3053 -5.94956 0.585817 0.127394 -0.432628 0.127394 0.713649 0.153321 -0.432628 0.153321 4.67934 
-50 -6 1 -254.287 -32.927 5.3329 4.87751 -0.797776 5.42645 -0.797776 2.67418 2.17048 5.42645 2.17048 27.6998 
-66 7 -1 -332.592 36.9897 -5.71227 0.919257 0.836643 -10.2915 0.836643 1.86507 -21.5312 -10.2915 -21.5312 392.431 
-67 5 -1 -337.598 27.2007 -6.38486 0.526066 -0.12505 0.78526 -0.12505 0.596389 -1.19042 0.78526 -1.19042 22.2756 
-51 -4 -1 -257.622 -22.786 -6.55338 0.790385 -0.151858 11.6388 -0.151858 0.59707 -1.98932 11.6388 -1.98932 406.718 
-53 2 0 -266.756 10.8249 -2.11611 0.948221 1.91463 0.176468 1.91463 5.93427 0.622741 0.176468 0.622741 0.478726 
-55 -3 1 -276.85 -17.7145 5.8879 1.4876 23.4089 -0.034534 23.4089 702.773 1.55164 -0.034534 1.55164 2.81889 
-66 0 0 -332.51 3.09403 -2.04321 0.599804 0.0733676 -0.0468641 0.0733676 0.638855 -0.0178093 -0.0468641 -0.0178093 0.478499 
-65 2 0 -327.334 11.4893 -3.96327 0.801262 0.0171031 0.37536 0.0171031 1.30036 0.543733 0.37536 0.543733 3.56178 
-59 -3 -1 -297.47 -17.8374 -5.87028 0.537883 0.0588477 0.118533 0.0588477 0.74213 0.331168 0.118533 0.331168 6.87575 
-58 2 0 -293.006 12.1155 -2.19138 1.02051 -0.795027 0.126593 -0.795027 1.35044 -0.169183 0.126593 -0.169183 0.416313 
-69 -4 -1 -348.624 -22.4134 -6.41872 6.5737 -0.702694 0.859171 -0.702694 0.503499 -0.214753 0.859171 -0.214753 1.42317 
-68 -1 -1 -342.088 -7.30269 -6.90539 0.584888 0.0249138 -0.940091 0.0249138 0.514403 -0.176565 -0.940091 -0.176565 5.4521 
-66 -6 -1 -331.058 -33.5207 -5.75264 6.68422 -0.809684 1.17713 -0.809684 8.48041 -1.57561 1.17713 -1.57561 2.79183 
-56 -3 0 -282.639 -17.1587 -1.54815 0.543289 -0.00731682 -0.00810369 -0.00731682 1.33862 0.0984948 -0.00810369 0.0984948 0.172663 
-50 -5 -1 -252.503 -27.4918 -6.69654 0.61525 -0.0126381 8.02992 -0.0126381 0.48591 -0.713331 8.02992 -0.713331 480.723 
-69 3 -1 -347.516 17.4808 -6.56078 0.468209 0.0218909 -0.258146 0.0218909 0.504371 -1.78101 -0.258146 -1.78101 457.209 
-68 -8 -1 -344.386 -42.7963 -7.16338 44.2015 -4.85962 -0.63598 -4.85962 1.1411 0.216435 -0.63598 0.216435 9.07987 
-61 -2 -1 -307.638 -12.575 -5.75334 0.681887 -0.00463672 -0.0979517 -0.00463672 0.555214 -0.109898 -0.0979517 -0.109898 8.36399 
-58 -3 -1 -292.474 -17.4476 -5.8997 0.479931 -0.0500387 -0.158835 -0.0500387 0.507224 0.22502 -0.158835 0.22502 6.22391 
-58 -4 1 -293.904 -22.4586 6.90997 3.20776 0.185287 0.618574 0.185287 0.836757 -0.53362 0.618574 -0.53362 1.68673 
-69 -4 0 -348.606 -21.2249 -4.85365 156.053 -28.1882 146.623 -28.1882 6.97213 -47.0017 146.623 -47.0017 448.175 
-58 0 -1 -291.991 0.5177 -6.79428 1.49781 2.13829 7.70352 2.13829 7.61991 49.4068 7.70352 49.4068 476.664 
-65 -4 -1 -327.469 -22.4132 -5.79017 0.58201 0.144317 -0.530018 0.144317 0.494422 -0.501089 -0.530018 -0.501089 6.27074 
-55 7 0 -276.497 39.4093 -2.35385 1.10307 -0.0559463 -0.279798 -0.0559463 0.751288 0.0807911 -0.279798 0.0807911 0.288972 
-51 -8 0 -257.146 -40.6262 1.30532 1.28002 -0.327242 0.490692 -0.327242 6.93478 0.0997722 0.490692 0.0997722 0.568263 
-50 -3 -1 -252.412 -17.4947 -6.64167 1.21872 -0.386887 10.0572 -0.386887 0.673869 -5.38154 10.0572 -5.38154 141.192 
-57 -5 -1 -285.702 -25.0931 -5.67868 106.307 765.141 9.26835 765.141 5841.69 70.6342 9.26835 70.6342 8.80846 
-55 -5 0 -277.259 -26.2216 -1.94944 0.637176 1.16641 0.0379181 1.16641 9.5331 0.0185357 0.0379181 0.0185357 0.206939 
-57 -2 -1 -287.473 -14.481 -5.822 0.429706 0.328116 -0.0790791 0.328116 25.7387 -2.50616 -0.0790791 -2.50616 5.93193 
-61 -5 0 -308.223 -27.1988 -3.82701 1.20648 0.198319 0.613275 0.198319 0.501112 0.371913 0.613275 0.371913 2.81676 
-61 -6 -1 -307.706 -31.3235 -5.51195 906.374 -25.7921 -8.41081 -25.7921 1.72178 -0.593931 -8.41081 -0.593931 9.6794 
-56 6 -1 -282.447 30.9273 -5.38957 0.394765 -0.038123 -0.368896 -0.038123 14.9412 -52.5224 -0.368896 -52.5224 212.488 
-53 1 0 -265.859 8.66852 -2.63189 1.30064 0.111258 -0.0995488 0.111258 1.61355 0.196144 -0.0995488 0.196144 1.25536 
-68 -2 -1 -342.178 -12.3418 -7.22475 0.564545 -0.00215433 -1.01407 -0.00215433 0.441014 -0.246421 -1.01407 -0.246421 10.2999 
-53 -3 -1 -268.066 -17.9828 -5.94743 0.653604 0.209255 0.15599 0.209255 0.657181 -0.125617 0.15599 -0.125617 4.92637 
-65 -1 -1 -327.103 -7.40661 -6.07065 1.20424 0.099216 -3.18059 0.099216 0.493669 -0.366278 -3.18059 -0.366278 14.1702 
-59 -2 -1 -297.088 -13.3635 -5.8533 0.759419 -0.265604 0.241822 -0.265604 0.814876 0.0635572 0.241822 0.0635572 6.00908 
-52 -7 -1 -262.824 -36.8224 -5.92165 0.608089 -0.0610694 0.542413 -0.0610694 0.776284 -1.26995 0.542413 -1.26995 7.84974 
-56 -2 -1 -282.49 -14.5264 -5.84661 0.472392 -0.173227 -0.10619 -0.173227 14.388 1.03274 -0.10619 1.03274 6.34701 
-60 9 0 -304.86 47.2785 -4.08774 329.475 5.12255 -92.5607 5.12255 0.438822 -1.4804 -92.5607 -1.4804 68.5478 
-56 -4 -1 -282.434 -22.742 -5.82836 0.500608 0.0529644 0.00141048 0.0529644 0.486053 0.309437 0.00141048 0.309437 6.82983 
-54 -4 -1 -272.914 -22.5418 -5.83796 0.692222 0.0354133 0.237694 0.0354133 0.422898 0.0265735 0.237694 0.0265735 4.92865 
-68 -7 -1 -343.954 -36.2592 -7.15477 8.06327 0.475366 1.96581 0.475366 1.1106 -2.23582 1.96581 -2.23582 10.2902 
-58 8 0 -292.306 40.8946 -1.75062 0.425471 0.233557 0.0464189 0.233557 3.27834 0.34729 0.0464189 0.34729 0.310443 
-65 1 -1 -327.702 7.34681 -6.00211 0.496638 0.0102368 0.146402 0.0102368 0.544522 0.201438 0.146402 0.201438 5.68611 
-54 -2 -1 -271.94 -14.8113 -5.75603 0.676213 -1.55367 0.489695 -1.55367 47.3157 -5.14669 0.489695 -5.14669 4.21238 
-67 -8 -1 -336.361 -40.3396 -5.92531 5.3293 -1.30068 -2.09593 -1.30068 34.8591 7.02193 -2.09593 7.02193 5.62568 
-50 -2 -1 -252.724 -12.6432 -6.48296 0.658279 0.0424301 1.42332 0.0424301 0.591047 0.838475 1.42332 0.838475 13.8715 
-58 -4 0 -292.632 -23.4165 -1.86638 0.536043 0.0921738 0.0334056 0.0921738 1.23599 0.128284 0.0334056 0.128284 0.158429 
-69 -6 -1 -347.668 -31.7868 -7.20197 0.460961 -0.0582808 0.0444023 -0.0582808 0.6132 0.160659 0.0444023 0.160659 5.30119 
-60 -2 -1 -301.931 -14.2758 -5.70184 0.976234 -1.80741 1.1304 -1.80741 20.473 -9.02057 1.1304 -9.02057 11.5255 
-58 -4 -1 -292.666 -22.5094 -5.7427 0.575241 -0.033183 -0.341531 -0.033183 0.62109 0.208535 -0.341531 0.208535 8.19214 
-65 0 0 -328.154 -1.1134 -1.68583 0.980499 0.132975 -0.0129737 0.132975 0.274771 0.0442958 -0.0129737 0.0442958 0.273195 
-66 -4 -1 -332.336 -21.6128 -6.00396 0.505433 0.153128 -0.298965 0.153128 0.927192 -0.18223 -0.298965 -0.18223 3.77051 
-61 9 0 -307.212 46.9018 -2.40222 0.88252 -0.122383 0.0453565 -0.122383 0.495623 -0.00593037 0.0453565 -0.00593037 0.743312 
-59 4 -1 -297.538 23.5015 -6.50844 0.877884 -1.51668 8.74261 -1.51668 4.89881 -32.5014 8.74261 -32.5014 326.902 
-51 3 -1 -257.117 17.8193 -6.38988 0.650186 0.000734148 -0.940246 0.000734148 0.446234 -0.0128698 -0.940246 -0.0128698 20.092 
-64 -1 -1 -322.651 -7.48171 -5.71072 0.640921 0.0338155 0.96959 0.0338155 0.465829 0.228666 0.96959 0.228666 9.29333 
-55 -2 0 -277.78 -14.3963 -3.8975 0.554319 0.329705 -0.0804365 0.329705 2.25799 0.784591 -0.0804365 0.784591 2.34883 
-55 -8 0 -277.756 -41.0451 -1.7806 2.08537 -1.59776 -0.0599415 -1.59776 20.3573 -18.524 -0.0599415 -18.524 21.3661 
-67 1 0 -338.57 5.62319 -3.86877 2.65767 -2.53448 -2.57995 -2.53448 5.62414 2.87273 -2.57995 2.87273 3.91494 
-50 -1 -1 -252.746 -7.6113 -6.43955 0.599647 -0.0312126 0.601962 -0.0312126 0.51151 0.222475 0.601962 0.222475 14.8395 
-62 -5 0 -310.19 -27.6005 -4.01102 34.8675 1.65455 0.137978 1.65455 0.594626 0.413705 0.137978 0.413705 2.79691 
-58 -5 -1 -292.913 -27.2902 -5.64795 0.569144 0.134545 -0.00852515 0.134545 0.664378 0.7924 -0.00852515 0.7924 9.52579 
-58 -1 0 -293.053 -7.87408 -4.5046 3.12335 45.9081 -3.3754 45.9081 1121.63 -50.9951 -3.3754 -50.9951 17.6338 
-65 -5 0 -327.163 -26.8939 -2.88397 0.438687 0.160078 0.036965 0.160078 0.463008 0.0149332 0.036965 0.0149332 0.545801 
-66 4 -1 -332.494 22.3068 -6.47177 0.453548 -0.0418903 0.320573 -0.0418903 0.533483 0.996986 0.320573 0.996986 14.5052 
-58 -6 -1 -292.762 -30.3206 -5.42015 1.54796 -1.28238 -3.83806 -1.28238 23.6478 14.7159 -3.83806 14.7159 22.8847 
-52 0 -1 -261.044 -0.404777 -6.11866 1.24536 0.263509 -0.686514 0.263509 0.211756 0.0600464 -0.686514 0.0600464 5.01991 
-64 1 0 -323.076 7.32267 -4.0819 0.604773 -0.0468462 0.328981 -0.0468462 0.523922 0.276092 0.328981 0.276092 3.51483 
-66 5 -1 -332.434 27.3572 -6.36234 0.712527 0.74742 -10.0842 0.74742 2.70029 -31.0168 -10.0842 -31.0168 423.789 
-51 0 -1 -257.367 0.470454 -5.92747 0.566031 -0.0345711 0.14402 -0.0345711 0.181656 -0.559535 0.14402 -0.559535 6.1259 
-67 -5 -1 -336.279 -25.9022 -6.04498 1.56291 -1.33572 -1.04843 -1.33572 1.9808 0.486478 -1.04843 0.486478 1.93751 
-51 4 -1 -257.406 22.4653 -6.59274 0.460123 -0.0820372 -4.3468 -0.0820372 0.632882 9.41751 -4.3468 9.41751 373.374 
-59 -4 -1 -297.347 -22.0722 -5.70152 0.446039 -0.0470108 -0.119429 -0.0470108 0.825947 0.485951 -0.119429 0.485951 8.34672 
-54 -5 -1 -271.985 -26.9154 -5.79496 0.467224 0.203556 -0.219411 0.203556 0.677 0.315267 -0.219411 0.315267 7.61664 
-53 2 -1 -267.357 11.7629 -6.22563 0.735888 -0.346952 -0.431642 -0.346952 0.952273 1.95935 -0.431642 1.95935 25.4263 
-62 0 -1 -312.639 1.65307 -5.79218 0.544612 -0.063181 -0.016609 -0.063181 0.323353 0.157012 -0.016609 0.157012 3.85324 
-68 5 -1 -342.576 27.3106 -6.31407 0.496562 0.0813789 -0.843873 0.0813789 4.78942 -45.4619 -0.843873 -45.4619 480.658 
-52 -1 -1 -260.164 -7.42807 -5.8752 478.721 -12.0212 20.0391 -12.0212 0.782868 -0.447037 20.0391 -0.447037 5.19223 
-67 -1 -1 -337.612 -7.40956 -6.87574 0.551801 0.0183988 0.727642 0.0183988 0.567611 -0.729528 0.727642 -0.729528 10.653 
-66 8 -1 -334.112 42.814 -5.59512 6.89865 3.77891 -33.4211 3.77891 2.82234 -23.0398 -33.4211 -23.0398 543.923 
-52 -3 1 -260.49 -16.7323 6.24534 664.089 -9.59148 -2.05789 -9.59148 1.26816 -0.205896 -2.05789 -0.205896 2.16114 
-52 3 -1 -261.934 17.6161 -6.43904 0.517725 0.0714364 1.37164 0.0714364 0.500028 -0.633675 1.37164 -0.633675 41.0197 
-69 1 -1 -347.433 7.35294 -6.63791 0.471358 0.0361128 0.374434 0.0361128 0.494667 0.790799 0.374434 0.790799 26.223 
-51 2 -1 -257.01 12.3596 -6.19265 0.531128 -0.0331302 -0.95158 -0.0331302 1.82201 13.4768 -0.95158 13.4768 134.106 
-67 3 -1 -337.32 17.0523 -6.21959 0.487419 -0.0180569 -0.175001 -0.0180569 0.588394 0.524272 -0.175001 0.524272 4.88491 
-68 1 -1 -342.238 7.5776 -6.45908 0.603827 0.00113011 -0.281961 0.00113011 0.487542 -0.285402 -0.281961 -0.285402 4.80296 
-58 6 0 -291.898 33.8155 -2.92104 3.75935 -0.167914 0.0907201 -0.167914 0.65291 -0.0408241 0.0907201 -0.0408241 0.393957 
-66 1 -1 -332.546 7.5773 -6.34315 0.54033 -0.0107092 -1.49967 -0.0107092 0.471967 -0.418622 -1.49967 -0.418622 21.8369 
-57 6 0 -287.01 31.6671 -3.40296 0.506099 0.171676 -0.192107 0.171676 12.8136 1.82499 -0.192107 1.82499 0.500852 
-52 -8 0 -261.871 -41.6815 -0.106724 0.683 0.072682 -0.0788965 0.072682 1.27349 -0.218137 -0.0788965 -0.218137 0.305076 
-51 8 0 -256.933 41.0345 -3.31235 0.546088 0.14719 -0.268919 0.14719 11.6848 -0.444205 -0.268919 -0.444205 0.455069 
-55 6 -1 -277.872 30.9952 -5.32833 0.644642 1.94992 -5.66771 1.94992 20.7143 -53.4754 -5.66771 -53.4754 159.511 
-62 1 -1 -313.18 6.81619 -5.91531 1.03621 -0.0834662 -0.0811229 -0.0834662 0.689516 0.22452 -0.0811229 0.22452 4.79776 
-51 -5 -1 -257.704 -27.6526 -6.41762 0.718149 0.204438 2.18145 0.204438 0.628691 1.58918 2.18145 1.58918 19.3108 
-54 1 -1 -272.438 8.00715 -6.26608 0.543162 -0.30888 1.13328 -0.30888 1.32974 -4.08699 1.13328 -4.08699 20.4698 
-68 2 -1 -342.196 12.4597 -6.31653 0.440743 0.119246 -0.221269 0.119246 0.529536 -0.0924453 -0.221269 -0.0924453 4.81186 
-53 1 -1 -267.719 7.77509 -6.3835 0.380849 -0.261972 0.860943 -0.261972 4.38032 -33.0099 0.860943 -33.0099 335.743 
-50 1 -1 -252.809 7.46664 -6.02799 0.785429 0.000770714 2.7536 0.000770714 0.480683 0.116058 2.7536 0.116058 40.4675 
-69 0 -1 -347.353 -0.0792217 -6.69777 0.422245 0.0278959 -0.0915918 0.0278959 0.126133 -0.113199 -0.0915918 -0.113199 4.77757 
-64 1 -1 -322.724 7.53815 -5.92876 0.546113 0.00487265 0.448246 0.00487265 0.567746 -0.203875 0.448246 -0.203875 6.69851 
-68 -4 0 -341.205 -21.1445 -4.84103 0.982879 -0.043677 -5.69667 -0.043677 2.31846 -1.07242 -5.69667 -1.07242 195.676 
-67 2 -1 -337.995 12.7307 -6.35155 0.600056 0.0421681 0.646863 0.0421681 0.465045 -0.183838 0.646863 -0.183838 5.11753 
-57 -7 0 -285.948 -38.2281 -1.54923 12.202 -3.38496 5.80148 -3.38496 1.59249 -2.23423 5.80148 -2.23423 4.65355 
-52 -2 0 -260.352 -12.5984 -0.755522 133.811 -4.94285 -0.425789 -4.94285 0.62446 0.0153709 -0.425789 0.0153709 0.135352 
-55 5 -1 -277.514 28.8973 -6.07966 0.484062 -0.202623 0.40259 -0.202623 4.53329 -12.6367 0.40259 -12.6367 47.2724 
-55 -5 1 -277.495 -26.1206 7.28751 0.879862 1.12599 -0.302409 1.12599 4.31965 -1.54395 -0.302409 -1.54395 1.74193 
-66 2 -1 -332.327 12.3975 -6.49356 0.492169 -0.0145427 -0.618452 -0.0145427 0.473808 0.330394 -0.618452 0.330394 19.8862 
-68 -5 -1 -342.612 -26.6473 -6.57543 0.584056 0.0439316 -0.638831 0.0439316 0.605659 -0.408367 -0.638831 -0.408367 2.54256 
-53 -3 1 -267.847 -17.945 6.69436 2.5529 9.00302 -1.87173 9.00302 56.4094 -9.40394 -1.87173 -9.40394 1.89681 
-53 3 -1 -266.788 18.1218 -6.48234 0.752725 -0.0338174 -1.79547 -0.0338174 0.813409 -0.981424 -1.79547 -0.981424 32.8199 
-55 8 0 -277.54 40.2959 -0.806017 0.491334 0.194012 0.0368288 0.194012 5.18325 0.435395 0.0368288 0.435395 0.212252 
-68 -6 -1 -342.827 -32.0579 -6.99897 0.915256 -0.745947 -0.0672617 -0.745947 1.59046 -0.00112392 -0.0672617 -0.00112392 3.12916 
-53 7 0 -268.376 38.4408 -0.508374 0.561575 0.0967433 0.0133511 0.0967433 0.456199 -0.153722 0.0133511 -0.153722 0.215793 
-69 4 -1 -347.599 22.5252 -6.60407 0.510439 0.000987801 0.650546 0.000987801 0.490925 -4.0428 0.650546 -4.0428 454.023 
-54 -3 1 -271.343 -17.8715 6.38183 36.0261 46.6087 -44.959 46.6087 1881.88 -18.9712 -44.959 -18.9712 62.0747 
-66 3 -1 -332.618 17.5713 -6.26122 0.48992 -0.0464453 0.214761 -0.0464453 0.623272 -0.330194 0.214761 -0.330194 5.39894 
-64 3 -1 -322.526 17.7082 -6.4281 0.559203 0.000238256 -0.961485 0.000238256 0.597476 0.368454 -0.961485 0.368454 16.34 
-50 -5 0 -254.35 -28.4679 0.790867 4.73527 0.321937 0.33054 0.321937 1.14785 0.198757 0.33054 0.198757 0.466273 
-53 0 -1 -268.866 1.04803 -6.7577 2.1966 -0.587425 -3.02614 -0.587425 0.453644 3.14088 -3.02614 3.14088 52.1897 
-65 -2 -1 -327.035 -12.4812 -5.96861 2.11085 -0.147249 -6.04282 -0.147249 0.534053 0.456874 -6.04282 0.456874 22.5242 
-50 -6 -1 -252.669 -32.4463 -6.638 0.91285 0.176993 6.2692 0.176993 0.595331 2.55359 6.2692 2.55359 86.4731 
-64 -8 1 -322.502 -41.8557 5.49281 334.496 -0.675236 -16.9197 -0.675236 0.338578 0.258793 -16.9197 0.258793 29.5377 
-61 -3 1 -307.983 -17.8233 7.05676 0.820883 -0.250594 -0.0894924 -0.250594 1.77325 1.4195 -0.0894924 1.4195 2.4946 
-61 -4 0 -307.379 -22.0858 -2.26424 0.503926 -0.061157 -0.048389 -0.061157 0.618317 -0.150019 -0.048389 -0.150019 0.223269 
-61 3 -1 -308.006 18.2271 -6.26096 8.1242 2.43032 -11.5089 2.43032 1.0807 -3.77746 -11.5089 -3.77746 21.2151 
-54 7 0 -272.235 39.2578 0.368752 0.614042 -0.0130089 -0.0457153 -0.0130089 0.471961 0.061914 -0.0457153 0.061914 0.223088 
-69 8 -1 -347.585 42.1831 -5.64564 0.547109 0.277574 -1.11239 0.277574 0.469542 -1.34002 -1.11239 -1.34002 33.2649 
-68 8 -1 -342.557 42.3291 -5.73962 0.714269 0.350312 -8.29243 0.350312 0.939256 -13.4629 -8.29243 -13.4629 444.814 
-68 2 0 -343.11 12.195 -4.51924 155.32 -68.1765 151.282 -68.1765 31.7113 -71.4816 151.282 -71.4816 165.681 
-68 9 -1 -341.962 46.5067 -5.57074 0.983903 0.17258 2.87288 0.17258 1.41371 -10.1515 2.87288 -10.1515 216.27 
-67 9 -1 -338.045 46.3787 -5.52694 0.550402 -0.31503 -2.08905 -0.31503 2.14155 -13.8312 -2.08905 -13.8312 423.506 
-62 -6 -1 -310.178 -31.7762 -5.41425 394.651 -5.20037 -17.7303 -5.20037 0.665193 -1.11668 -17.7303 -1.11668 59.0166 
-69 9 -1 -348.338 47.6764 -5.5303 0.972312 -0.0565687 0.0380631 -0.0565687 1.44575 -18.4091 0.0380631 -18.4091 402.759 
-56 -5 0 -282.325 -25.471 -1.58211 0.878655 2.2864 -0.0177801 2.2864 17.5016 -0.141251 -0.0177801 -0.141251 0.150431 
-50 -4 -1 -252.483 -22.4502 -6.70646 0.756212 0.0527033 9.37647 0.0527033 0.488349 1.97242 9.37647 1.97242 327.828 
-63 5 -1 -317.572 27.7135 -6.05797 0.550808 1.11154 -6.5888 1.11154 12.7013 -72.961 -6.5888 -72.961 437.271 
-53 6 -1 -267.839 30.3644 -5.12522 0.558323 2.14949 -4.4178 2.14949 20.6403 -35.8834 -4.4178 -35.8834 144.48 
-52 6 -1 -261.889 30.3664 -5.09897 0.726716 -2.27496 4.77146 -2.27496 17.7462 -43.0541 4.77146 -43.0541 420.822 
-58 -2 0 -292.459 -14.3248 -3.78189 0.516983 0.520152 0.0545678 0.520152 15.814 0.141531 0.0545678 0.141531 1.64622 
-52 -6 1 -261.911 -32.6654 5.80885 1.01273 0.24023 -0.0116172 0.24023 0.941995 0.180841 -0.0116172 0.180841 2.39879 
-51 6 -1 -257.523 30.4369 -5.0991 0.464333 -0.3463 0.334987 -0.3463 42.3146 -106.494 0.334987 -106.494 432.438 
-50 6 -1 -252.7 30.4585 -5.10103 0.765597 3.66991 -9.76729 3.66991 55.7496 -122.751 -9.76729 -122.751 475.452 
-69 8 0 -348.745 43.6005 -4.55811 52.834 -38.3817 23.2534 -38.3817 32.5935 -17.0229 23.2534 -17.0229 16.4703 
-58 6 -1 -292.97 31.3112 -5.17881 0.664109 -2.43705 -9.02244 -2.43705 24.8349 46.952 -9.02244 46.952 338.054 
-69 2 -1 -347.273 12.5423 -6.5611 0.458267 0.00572578 -1.05663 0.00572578 0.512989 -0.395661 -1.05663 -0.395661 25.0171 
-67 -2 0 -338.396 -10.4844 -3.98088 60.3965 -2.2268 -1.13393 -2.2268 88.5958 -4.36024 -1.13393 -4.36024 3.69048 
-64 7 -1 -322.804 36.2984 -5.25506 3.40318 0.748729 -33.5255 0.748729 0.864042 -4.80518 -33.5255 -4.80518 436.617 
-64 -7 1 -322.454 -37.4396 5.44495 543.01 -19.5257 10.7914 -19.5257 1.42881 -0.0191415 10.7914 -0.0191415 29.9948 
-61 -8 0 -308.768 -41.7497 -4.45605 69.9402 -2.25081 -118.319 -2.25081 0.882255 2.37778 -118.319 2.37778 210.95 
-54 -8 0 -272.121 -40.6366 -3.69965 2.2861 -2.25398 0.767007 -2.25398 5.22531 -1.24833 0.767007 -1.24833 0.846318 
-53 -8 0 -267.63 -41.195 -2.95099 1.94828 0.133919 -1.83234 0.133919 2.20613 -0.328973 -1.83234 -0.328973 2.03922 
-68 -4 -1 -341.472 -22.1284 -6.555 0.897846 -0.187155 -0.266139 -0.187155 0.54965 -0.238316 -0.266139 -0.238316 2.04485 
-50 -8 0 -253.427 -40.504 -3.03449 1.00833 -0.631037 0.160637 -0.631037 9.26519 -0.915284 0.160637 -0.915284 0.579177 
-51 -6 0 -257.927 -32.715 1.10976 0.716109 -0.0689472 -0.342779 -0.0689472 0.584441 -0.05868 -0.342779 -0.05868 0.423327 
-64 2 0 -321.476 11.1338 -4.1799 1.41186 -0.0970415 -0.715389 -0.0970415 2.55269 0.407599 -0.715389 0.407599 2.6307 
-53 -7 0 -267.225 -36.8374 -2.11801 0.563799 -0.0578438 -0.0760548 -0.0578438 0.625725 -0.0411219 -0.0760548 -0.0411219 0.184909 
-51 -2 0 -256.469 -14.4073 -3.53795 1.34207 -0.327447 0.0276004 -0.327447 4.99885 -0.439695 0.0276004 -0.439695 1.21028 
-67 0 0 -335.522 3.56151 -2.02596 6.45129 0.343989 -0.856579 0.343989 2.13124 0.483968 -0.856579 0.483968 1.03868 
-50 -7 0 -252.812 -37.5355 -1.47606 0.952755 -0.444949 0.326545 -0.444949 0.864009 -0.276564 0.326545 -0.276564 0.331803 
-68 -3 -1 -341.543 -17.7367 -6.36126 0.732776 0.0117841 -0.258017 0.0117841 0.708322 0.347459 -0.258017 0.347459 2.02487 
-51 -7 0 -257.331 -37.3328 1.16016 0.46451 0.135226 -0.0325119 0.135226 0.542331 -0.00787236 -0.0325119 -0.00787236 0.247279 
-66 -6 0 -331.188 -33.3832 -3.40421 6.08568 0.128487 -0.577811 0.128487 0.765917 0.138311 -0.577811 0.138311 0.613516 
-69 5 -1 -347.556 27.306 -6.37717 0.701965 0.922337 -9.98483 0.922337 3.98596 -39.3445 -9.98483 -39.3445 442.271 
-54 -6 0 -271.086 -33.2087 -2.45868 5.64075 -0.691746 0.296293 -0.691746 0.742374 0.165939 0.296293 0.165939 0.378654 
-58 0 0 -292.216 -0.915841 1.12586 0.980703 9.04894 -0.171748 9.04894 208.94 -5.11876 -0.171748 -5.11876 0.45808 
-51 -2 -1 -257.184 -12.7524 -6.2467 0.590173 -0.0125695 -0.48164 -0.0125695 0.714869 1.42092 -0.48164 1.42092 9.80613 
-61 -6 0 -308.351 -32.2981 -3.25875 3.29194 -0.222757 1.81142 -0.222757 0.586486 0.0599104 1.81142 0.0599104 2.59728 
-65 -6 0 -326.424 -30.9853 -1.98934 2.08446 0.091957 -0.424504 0.091957 2.14518 -0.205666 -0.424504 -0.205666 0.325077 
-62 -6 0 -310.139 -31.9416 -3.79986 571.638 -17.8538 4.48853 -17.8538 1.18408 -0.634658 4.48853 -0.634658 5.16084 
-64 -5 0 -323.2 -27.0907 -1.34836 1.4311 -0.0307157 -0.28647 -0.0307157 0.462698 0.0414897 -0.28647 0.0414897 0.199865 
-60 0 1 -302.72 -0.454847 6.80525 0.638134 5.28243 0.653607 5.28243 221.164 -6.8566 0.653607 -6.8566 5.30472 
-54 0 1 -272.364 -1.52151 6.12373 1.32953 20.248 -0.602104 20.248 534.868 -9.34313 -0.602104 -9.34313 3.02579 
-58 -5 0 -292.994 -27.0892 -3.96888 0.567156 0.162993 0.286991 0.162993 0.744971 -0.295815 0.286991 -0.295815 4.26485 
-54 -5 0 -272.234 -26.9362 -1.59302 0.542161 0.344555 0.0850212 0.344555 1.32913 0.0734482 0.0850212 0.0734482 0.165 
-53 -5 0 -268.398 -27.4569 -1.26915 0.930038 0.32402 -0.0894777 0.32402 0.688833 -0.0340092 -0.0894777 -0.0340092 0.139399 
-50 0 -1 -252.736 0.195653 -6.15684 0.69098 -0.0430307 1.38763 -0.0430307 0.178806 -1.02111 1.38763 -1.02111 18.234 
-67 -5 0 -335.857 -25.6794 -3.13375 2.20926 1.02339 -0.416832 1.02339 4.03794 -0.621388 -0.416832 -0.621388 0.844309 
-59 -5 0 -295.053 -26.8374 -4.05963 510.346 -11.5234 1.42746 -11.5234 0.819898 0.492574 1.42746 0.492574 6.15549 
-52 -7 0 -262.412 -36.954 -0.682195 0.581466 0.0151727 -0.0477028 0.0151727 0.655902 0.177166 -0.0477028 0.177166 0.185535 
-67 -4 0 -336.139 -23.9405 -3.09146 2.14478 -0.202955 -0.443744 -0.202955 2.51279 0.318856 -0.443744 0.318856 0.786647 
-66 -4 0 -332.478 -24.1735 -3.07485 0.276279 0.0971993 0.0411287 0.0971993 3.8394 0.197339 0.0411287 0.197339 0.896801 
-53 -8 -1 -268.411 -41.7237 -5.75854 0.850554 -0.489903 1.23893 -0.489903 1.15483 -1.11648 1.23893 -1.11648 6.98003 
-65 -4 0 -326.915 -23.4897 -3.33168 0.477092 -0.205944 -0.064649 -0.205944 0.879007 0.397802 -0.064649 0.397802 1.17429 
-64 -4 0 -322.794 -23.2545 -1.7277 0.666802 -0.0915015 -0.165801 -0.0915015 0.805217 0.139392 -0.165801 0.139392 0.200064 
-56 -7 0 -281.832 -37.408 -0.656573 0.820577 0.0259466 -0.275655 0.0259466 1.22356 -1.11862 -0.275655 -1.11862 2.7225 
-56 -3 -1 -282.692 -17.4854 -5.8559 0.557671 0.0213175 0.256697 0.0213175 0.481074 -0.0846388 0.256697 -0.0846388 5.68735 
-59 -4 0 -297.445 -22.7459 -1.97764 0.458002 0.0862424 0.00590588 0.0862424 1.66755 0.0595449 0.00590588 0.0595449 0.154569 
-56 -4 0 -283.043 -23.7441 -3.51273 0.65649 0.169161 0.288055 0.169161 0.922179 0.356452 0.288055 0.356452 0.443007 
-54 -4 0 -272.326 -23.2081 -3.77978 0.778629 0.300222 0.127057 0.300222 0.841099 0.513983 0.127057 0.513983 1.19602 
-53 -4 0 -268.492 -22.4252 -2.2719 2.09667 -0.337505 -0.478935 -0.337505 0.549724 0.0676714 -0.478935 0.0676714 0.348266 
-63 6 0 -316.429 33.3991 -2.65954 1.52906 0.284257 -0.0768019 0.284257 1.95948 0.461839 -0.0768019 0.461839 0.506338 
-63 -4 0 -317.641 -22.5277 -2.39181 0.71959 -0.213988 0.184668 -0.213988 0.753415 0.0174165 0.184668 0.0174165 0.22615 
-50 8 0 -253.307 40.9559 -2.54146 0.695478 0.877335 0.156805 0.877335 18.5497 -0.763045 0.156805 -0.763045 0.248739 
-53 -2 0 -268.453 -14.7211 -4.09035 1.08956 -0.132426 0.640285 -0.132426 11.9381 1.84024 0.640285 1.84024 3.43597 
-64 5 -1 -322.527 27.5563 -6.13769 0.495711 0.347489 -2.2983 0.347489 8.58289 -59.3574 -2.2983 -59.3574 434.74 
-64 -5 1 -322.271 -27.659 5.28635 400.572 -11.4695 -3.66969 -11.4695 0.741373 0.720295 -3.66969 0.720295 32.7686 
-69 -3 0 -348.129 -17.1053 -4.85694 5.34759 -0.81908 -20.5994 -0.81908 0.418673 3.20857 -20.5994 3.20857 284.499 
-68 -3 0 -341.201 -18.3425 -4.78413 1.09071 -0.137094 -2.87154 -0.137094 1.34463 -0.261932 -2.87154 -0.261932 52.369 
-62 -3 0 -313.035 -17.9398 -3.30729 0.782049 -0.209426 0.25022 -0.209426 0.717531 -0.245873 0.25022 -0.245873 0.836842 
-61 -3 0 -307.236 -17.7464 -1.17456 0.443994 0.0173687 -0.0530262 0.0173687 0.583586 0.0497062 -0.0530262 0.0497062 0.140309 
-60 -3 0 -302.671 -17.2445 -1.4791 0.527823 -0.239306 -0.0120543 -0.239306 1.05785 -0.0284219 -0.0120543 -0.0284219 0.162117 
-59 -3 0 -297.507 -16.9899 -1.06991 0.529305 -0.0716827 -0.00677697 -0.0716827 2.22713 -0.0145111 -0.00677697 -0.0145111 0.146816 
-58 -3 0 -292.589 -17.0139 -1.15204 0.441964 0.066116 0.00150381 0.066116 2.2628 0.0973186 0.00150381 0.0973186 0.156679 
-52 -3 0 -261.318 -17.3229 -0.558964 0.88272 -0.61514 -0.0551127 -0.61514 1.44263 -0.0239795 -0.0551127 -0.0239795 0.141373 
-52 0 0 -261.42 -2.34708 -0.183993 0.435005 0.126045 0.0432658 0.126045 0.473696 0.0541701 0.0432658 0.0541701 0.140051 
-52 2 -1 -262.298 12.1125 -6.2653 0.529722 -0.482042 -4.24166 -0.482042 1.39099 12.3541 -4.24166 12.3541 164.213 
-61 5 -1 -307.736 27.8765 -6.08715 0.531003 -0.205655 -0.159794 -0.205655 1.23791 -3.78671 -0.159794 -3.78671 29.223 
-55 -3 0 -277.447 -17.3408 -1.37422 0.440931 0.0329964 0.030378 0.0329964 1.47213 0.121462 0.030378 0.121462 0.168242 
-54 -3 0 -272.426 -17.4025 -1.53977 0.477689 0.184172 0.0127941 0.184172 1.40943 0.179016 0.0127941 0.179016 0.200289 
-50 5 -1 -252.526 28.0351 -5.92539 0.469389 0.571056 -2.0788 0.571056 26.1457 -84.9008 -2.0788 -84.9008 282.836 
-51 -3 0 -256.741 -16.3325 -3.74682 1.01715 -0.072703 -0.279372 -0.072703 1.66799 -0.434426 -0.279372 -0.434426 1.82146 
-68 9 0 -344.712 46.9504 -4.6679 214.981 -14.2066 149.611 -14.2066 2.17795 -16.5071 149.611 -16.5071 153.12 
-50 -3 0 -254.869 -16.0752 -3.84582 84.6229 -1.68331 -0.877435 -1.68331 1.70775 -0.498403 -0.877435 -0.498403 2.35833 
-64 -2 0 -322.382 -11.3448 -4.17498 1.14522 0.432642 0.0853509 0.432642 0.811412 -0.530388 0.0853509 -0.530388 1.68051 
-65 8 -1 -326.618 42.6694 -5.46751 2.14857 0.211751 -24.7087 0.211751 0.932803 -5.19934 -24.7087 -5.19934 438.15 
-63 -2 0 -316.305 -12.141 -0.613319 2.50523 -0.180396 -0.16698 -0.180396 0.620838 -0.0712259 -0.16698 -0.0712259 0.133434 
-52 7 0 -261.668 37.8568 -1.45708 0.576432 -0.232599 0.149732 -0.232599 0.604601 -0.199952 0.149732 -0.199952 0.216863 
-61 -2 0 -307.659 -12.8703 -3.60453 0.628127 0.0517242 0.0818943 0.0517242 0.57907 0.240548 0.0818943 0.240548 2.02234 
-55 6 0 -276.247 32.2064 -0.742603 0.778345 -0.195968 -0.0755891 -0.195968 0.759668 0.0363439 -0.0755891 0.0363439 0.137332 
-57 -4 -1 -287.148 -22.9018 -5.82141 0.499093 -0.0892723 -0.00251134 -0.0892723 0.519829 0.199597 -0.00251134 0.199597 7.4154 
-60 -2 0 -302.01 -14.1911 -3.77656 0.920616 -0.975927 -0.185365 -0.975927 10.5626 0.658594 -0.185365 0.658594 1.80566 
-52 -6 0 -262.611 -32.9605 -1.91647 0.503904 0.0592743 -0.0517058 0.0592743 0.725289 -0.115111 -0.0517058 -0.115111 0.148223 
-59 -2 0 -297.14 -13.4168 -3.74307 0.718664 -0.325561 -0.0541423 -0.325561 1.20736 0.425032 -0.0541423 0.425032 2.05911 
-57 -2 0 -287.393 -14.3182 -3.79477 0.472516 -0.113828 0.0313943 -0.113828 3.21471 0.78203 0.0313943 0.78203 2.01677 
-53 -2 -1 -268.597 -14.8173 -5.84359 1.04034 1.72958 -0.249033 1.72958 53.4001 -7.51235 -0.249033 -7.51235 5.11915 
-56 -2 0 -282.344 -14.5205 -3.79057 0.500164 -0.303813 -0.026745 -0.303813 14.4601 0.607065 -0.026745 0.607065 2.32539 
-67 8 -1 -338.503 42.1376 -5.6792 0.617962 -0.0583039 -2.86996 -0.0583039 0.793652 -11.0061 -2.86996 -11.0061 384.983 
-50 -2 0 -254.596 -14.4998 -4.09748 10.3966 -0.292223 1.22105 -0.292223 17.3622 -0.732801 1.22105 -0.732801 1.28677 
-64 6 -1 -322.455 32.4088 -5.49375 1.28908 2.09657 -19.3976 2.09657 6.03131 -51.6011 -19.3976 -51.6011 483.74 
-69 -1 0 -346.353 -7.32215 -4.60428 20.8153 -4.6161 -0.895225 -4.6161 1.44129 1.07204 -0.895225 1.07204 36.8225 
-64 -1 0 -323.23 -7.72966 -3.48573 0.747272 0.0789675 0.316842 0.0789675 0.421412 -0.0266 0.316842 -0.0266 0.411291 
-63 -1 0 -316.135 -7.48459 -0.985694 2.70576 -0.202781 -0.201228 -0.202781 0.505202 0.0558943 -0.201228 0.0558943 0.156601 
-60 -4 0 -302.729 -22.1183 -1.99777 0.543659 0.279821 -0.0206179 0.279821 1.30797 -0.102296 -0.0206179 -0.102296 0.175572 
-51 -5 0 -257.399 -27.493 1.22244 0.481023 0.149743 0.0510684 0.149743 0.647618 0.200937 0.0510684 0.200937 0.665208 
-61 -1 0 -307.922 -7.47135 -3.83336 0.663526 0.0647315 0.196961 0.0647315 0.461994 0.564317 0.196961 0.564317 4.09795 
-64 -4 1 -321.57 -23.5689 5.3524 3.76314 0.349057 35.7694 0.349057 10.2293 83.0313 35.7694 83.0313 1262.26 
-59 -1 0 -296.384 -7.60488 -3.96299 3.0989 -0.398639 -0.0879548 -0.398639 0.612586 0.211952 -0.0879548 0.211952 3.56084 
-52 -1 0 -260.177 -7.50091 -0.569645 124.29 -4.13215 -0.147743 -4.13215 0.618085 0.00792817 -0.147743 0.00792817 0.124629 
-54 -7 0 -271.661 -37.002 -2.21246 2.14411 -0.429723 0.53049 -0.429723 0.669787 -0.107973 0.53049 -0.107973 0.484024 
-64 0 0 -321.707 1.29343 -3.11195 0.809567 0.102292 -0.180339 0.102292 0.210421 0.068529 -0.180339 0.068529 1.16001 
-63 0 0 -317.346 0.225022 -2.1807 0.49919 -0.0186126 -0.0885206 -0.0186126 0.151218 0.0475007 -0.0885206 0.0475007 0.373397 
-51 0 0 -257.583 0.923488 -3.02846 1.00111 -0.142318 0.161261 -0.142318 0.312943 0.176708 0.161261 0.176708 0.520709 
-61 1 -1 -307.649 9.34636 -6.27453 2.63827 5.88938 -19.5552 5.88938 17.7201 -67.0968 -19.5552 -67.0968 566.201 
-65 1 0 -327.079 8.04961 -3.78183 0.561989 0.127811 0.289061 0.127811 0.542228 0.0463486 0.289061 0.0463486 1.81536 
-51 5 0 -257.16 28.4197 0.272082 0.70534 0.161967 0.0330836 0.161967 1.34032 -0.18792 0.0330836 -0.18792 0.27505 
-62 1 0 -313.043 6.95855 -2.4734 2.00602 0.320828 -0.243449 0.320828 0.84934 0.0139947 -0.243449 0.0139947 0.274439 
-52 1 0 -262.784 7.91772 -2.15606 1.00394 0.288431 0.175994 0.288431 0.869543 -0.220385 0.175994 -0.220385 0.692048 
-56 1 0 -282.664 9.53013 -2.92176 182.047 132.667 -14.764 132.667 100.696 -10.7823 -14.764 -10.7823 1.48055 
-52 -1 1 -260.188 -7.60804 6.08042 505.093 -16.8622 -2.73272 -16.8622 1.07593 0.20129 -2.73272 0.20129 2.30834 
-52 1 -1 -261.701 7.16642 -5.92395 0.67778 0.203418 -1.00865 0.203418 0.643118 0.54976 -1.00865 0.54976 8.43213 
-63 2 0 -316.995 11.4274 -2.67243 0.625872 0.0529892 -0.237008 0.0529892 1.07862 -0.0473107 -0.237008 -0.0473107 0.406111 
-62 2 0 -314.211 11.2733 -2.11033 1.73913 0.0145734 0.0546624 0.0145734 0.90537 0.00130104 0.0546624 0.00130104 0.23879 
-54 0 0 -272.344 -1.60255 1.63802 0.934435 10.8119 -0.140533 10.8119 292.261 -4.225 -0.140533 -4.225 0.354912 
-67 3 0 -336.87 17.8177 -4.2133 0.848902 -0.693219 1.12306 -0.693219 1.19878 -0.781123 1.12306 -0.781123 6.27244 
-63 4 0 -318.657 23.5493 -4.26065 24.5171 -6.04309 2.42995 -6.04309 23.5034 0.277286 2.42995 0.277286 6.31203 
-54 0 -1 -271.756 0.636814 -6.71813 0.628664 -0.0613571 3.29392 -0.0613571 0.197771 0.570904 3.29392 0.570904 49.462 
-60 0 -1 -302.805 0.617435 -6.27859 1.52841 0.313367 -2.48561 0.313367 2.59935 11.2947 -2.48561 11.2947 72.4017 
-58 5 0 -291.087 26.5946 -2.61551 8.77269 -3.22265 -0.838797 -3.22265 2.39859 0.57442 -0.838797 0.57442 0.254612 
-56 -3 1 -283.468 -17.5112 5.65003 9.8104 33.5838 83.7815 33.5838 1036.13 -13.9671 83.7815 -13.9671 924.835 
-60 5 0 -301.624 27.3807 -2.17554 0.80391 0.40821 0.254498 0.40821 1.02799 0.0367642 0.254498 0.0367642 0.563772 
-52 6 0 -261.38 31.9345 -2.51635 0.765442 -0.12015 -0.163944 -0.12015 0.570126 0.0669329 -0.163944 0.0669329 0.196918 
-59 2 0 -295.644 11.3242 -0.964636 40.9092 -39.0214 3.77317 -39.0214 39.4585 -2.2413 3.77317 -2.2413 2.79746 
-63 -3 -1 -317.717 -17.7646 -5.66027 0.492231 0.0579308 -0.39967 0.0579308 0.635451 0.196545 -0.39967 0.196545 9.14273 
-53 6 0 -268.658 32.6533 -1.73146 0.850774 0.147367 0.134184 0.147367 0.715837 -0.0520412 0.134184 -0.0520412 0.151628 
-51 6 0 -257.003 31.8498 -0.167014 0.524048 -0.143537 0.0026644 -0.143537 0.624593 0.034423 0.0026644 0.034423 0.164294 
-56 6 0 -282.897 33.3073 -1.62374 0.705889 0.303365 -0.0107951 0.303365 0.656028 0.0317185 -0.0107951 0.0317185 0.0983342 
-61 6 0 -307.03 33.6379 -2.051 0.783586 0.351543 -0.145568 0.351543 1.05515 -0.0657397 -0.145568 -0.0657397 0.177909 
-63 8 0 -316.844 41.6367 -0.22893 1.1079 -0.64275 0.0161557 -0.64275 1.48412 -0.00091032 0.0161557 -0.00091032 0.152746 
-59 6 0 -298.554 32.5646 -2.67106 0.699578 0.121882 0.143292 0.121882 0.783505 0.0132964 0.143292 0.0132964 0.138478 
-62 6 0 -312.689 33.4261 -4.38101 0.876877 0.25275 0.615878 0.25275 1.84531 0.793519 0.615878 0.793519 1.41651 
-50 6 0 -253.147 31.9765 -0.0279019 0.58631 0.279772 0.0100374 0.279772 0.670633 -0.00358143 0.0100374 -0.00358143 0.125809 
-61 7 0 -307.282 37.4065 0.324556 1.44992 0.183004 -0.21156 0.183004 0.633864 -0.122527 -0.21156 -0.122527 0.164443 
-62 7 0 -312.379 37.7036 -1.90822 4.07215 -2.98175 2.06196 -2.98175 2.93385 -1.75124 2.06196 -1.75124 1.21459 
-68 7 0 -341.976 37.7827 -4.78829 2.31733 1.23349 -3.56258 1.23349 2.26862 -9.84754 -3.56258 -9.84754 109.31 
-68 3 -1 -342.659 17.1994 -6.20624 0.595746 -0.147515 -0.00829696 -0.147515 0.690219 0.137068 -0.00829696 0.137068 5.1865 
-69 -2 0 -347.187 -12.978 -4.79536 359.551 -55.5842 -70.436 -55.5842 9.45865 1.54061 -70.436 1.54061 203.671 
-51 7 0 -257.675 38.8544 -0.172601 0.506165 -0.0454359 -0.0279304 -0.0454359 0.65491 -0.0422859 -0.0279304 -0.0422859 0.175743 
-54 4 -1 -271.285 23.7341 -6.33175 9.5006 -6.71124 -8.3474 -6.71124 6.92613 8.35068 -8.3474 8.35068 16.5477 
-50 7 0 -252.352 38.9107 -0.326169 0.546958 0.00394955 0.0140853 0.00394955 1.20535 -0.0307681 0.0140853 -0.0307681 0.152892 
-61 8 0 -307.627 41.6751 0.522079 0.501396 -0.132774 0.0249357 -0.132774 0.938122 0.128044 0.0249357 0.128044 0.14511 
-62 8 0 -311.141 41.9303 1.29503 0.664647 0.0380595 0.0480405 0.0380595 0.743796 0.0260929 0.0480405 0.0260929 0.204691 
-50 -6 0 -253.729 -32.9708 1.26885 2.29643 0.315263 0.653058 0.315263 0.629502 -0.042839 0.653058 -0.042839 0.821864 
-59 0 0 -297.768 -0.745948 -1.88345 0.355378 1.82827 0.0888108 1.82827 129.545 2.20551 0.0888108 2.20551 0.18382 
-67 6 -1 -337.253 32.5779 -6.04628 0.556042 -0.153344 1.13757 -0.153344 0.77895 -2.43474 1.13757 -2.43474 26.0987 
-63 -2 -1 -317.952 -11.9322 -5.69574 0.685421 -0.0407554 -0.458581 -0.0407554 0.624056 0.517795 -0.458581 0.517795 10.7265 
-51 -4 0 -258.292 -24.7365 -0.27872 3.48876 -1.8767 -2.32156 -1.8767 28.2714 -0.224435 -2.32156 -0.224435 2.15134 
-56 8 0 -282.45 40.5758 -1.75254 0.517414 0.00231514 -0.0614357 0.00231514 3.11104 0.393227 -0.0614357 0.393227 0.256403 
-65 -5 -1 -326.632 -27.2792 -5.54341 0.650593 0.0794651 -0.561664 0.0794651 0.420427 0.583523 -0.561664 0.583523 7.87876 
-60 7 0 -302.331 36.2627 -1.32197 1.36056 1.30571 -0.0790565 1.30571 1.98031 -0.0297866 -0.0790565 -0.0297866 0.172501 
-66 0 -1 -332.434 0.0596725 -6.5268 0.706029 0.182786 -4.79643 0.182786 0.23034 -3.26553 -4.79643 -3.26553 97.2141 
-59 7 0 -297.523 37.7161 -2.3864 3.05588 -2.78612 1.01575 -2.78612 7.34188 -2.90708 1.01575 -2.90708 1.31919 
-61 -7 0 -308.909 -37.5957 -2.95453 2.89388 0.19324 1.47868 0.19324 0.58116 -0.149451 1.47868 -0.149451 2.28885 
-57 8 0 -287.497 40.7778 -1.42558 0.510212 0.10827 0.0413769 0.10827 2.91778 0.35979 0.0413769 0.35979 0.241434 
-54 8 0 -273.086 40.1131 0.293088 0.845402 0.374093 -0.117895 0.374093 19.1801 0.736472 -0.117895 0.736472 0.211074 
-60 8 0 -302.699 41.5912 -1.51882 0.487372 0.18783 0.0365289 0.18783 1.69478 0.403767 0.0365289 0.403767 0.256301 
-62 -4 0 -312.354 -21.7796 -3.01477 0.455019 0.0743545 0.0604941 0.0743545 0.726101 -0.279583 0.0604941 -0.279583 0.728633 
-59 8 0 -297.705 41.0869 -1.48331 0.524389 -0.0910625 0.0500087 -0.0910625 3.39375 0.377608 0.0500087 0.377608 0.273788 
-50 6 1 -253.407 31.8007 5.62371 0.775637 0.361159 0.734182 0.361159 1.83683 -1.03739 0.734182 -1.03739 5.78005 
-56 -8 0 -281.654 -40.7678 -2.17219 1.73735 4.11542 0.262518 4.11542 21.5667 0.079722 0.262518 0.079722 2.49849 
-69 0 0 -345.794 -2.52209 -4.47151 2.42147 0.368246 -7.32367 0.368246 0.565313 -4.11325 -7.32367 -4.11325 61.7499 
-67 -3 -1 -337.883 -17.4577 -6.62092 0.368695 0.131242 0.202376 0.131242 0.579395 0.449682 0.202376 0.449682 3.07176 
-55 -2 -1 -277.844 -14.6529 -5.77538 1.44538 13.7192 -0.851698 13.7192 213.864 -6.71061 -0.851698 -6.71061 5.19361 
-53 0 0 -267.226 -1.79293 0.727297 0.762789 7.36625 -0.115406 7.36625 187.885 -3.29909 -0.115406 -3.29909 0.246913 
-56 0 0 -282.741 -1.27422 1.50669 0.645792 3.98044 -0.119474 3.98044 152.455 -1.66699 -0.119474 -1.66699 0.185628 
-62 6 -1 -312.612 30.9215 -5.35601 0.522294 1.79224 -6.51482 1.79224 28.8507 -100.126 -6.51482 -100.126 381.303 
-55 -6 0 -278.838 -34.7763 -0.417506 5.97851 42.2879 1.31488 42.2879 400.703 10.256 1.31488 10.256 9.53519 
-60 6 0 -302.692 32.7043 -1.43145 0.562809 -0.10789 -0.0178377 -0.10789 0.50746 0.0695706 -0.0178377 0.0695706 0.12224 
-58 1 0 -292.723 8.6713 -2.28583 0.440367 -0.190735 0.246559 -0.190735 0.95134 -0.348544 0.246559 -0.348544 0.578821 
-54 2 0 -272.043 11.3732 -0.478891 1.20753 -0.234722 -0.212397 -0.234722 2.85397 0.830296 -0.212397 0.830296 0.577897 
-50 5 0 -252.638 28.6124 0.350981 0.502892 -0.339562 -0.0162425 -0.339562 2.10149 -0.299469 -0.0162425 -0.299469 0.310873 
-66 1 0 -332.617 5.94036 -1.66627 0.626367 0.224831 -0.137162 0.224831 2.32909 -0.0134595 -0.137162 -0.0134595 0.50456 
-54 5 0 -273.063 28.8629 0.49945 1.09835 -0.661057 0.150245 -0.661057 2.83567 -0.426646 0.150245 -0.426646 0.53632 
-57 6 -1 -287.309 30.9747 -5.36862 0.483748 1.47969 -1.9645 1.47969 41.2979 -103.296 -1.9645 -103.296 291.441 
-55 0 0 -277.158 -1.4378 1.63783 0.673451 7.17445 -0.0152289 7.17445 188.623 -1.54372 -0.0152289 -1.54372 0.210527 
-55 5 0 -276.401 28.7888 0.545185 1.24485 0.443551 -0.249171 0.443551 2.83025 -0.282329 -0.249171 -0.282329 0.486256 
-53 8 0 -268.099 40.2738 2.34384 0.637505 -0.253049 -0.214626 -0.253049 3.88251 0.503686 -0.214626 0.503686 0.470597 
-56 -6 0 -280.417 -34.578 -0.183705 25.8613 61.2565 34.997 61.2565 267.933 143.928 34.997 143.928 83.4741 
-65 9 -1 -327.897 46.0892 -5.424 2.2768 1.86265 -20.4204 1.86265 3.87562 -2.57405 -20.4204 -2.57405 442.143 
-64 -8 0 -322.565 -42.4723 3.33666 402.176 -9.50729 -11.7579 -9.50729 0.700566 0.157741 -11.7579 0.157741 0.961226 
-63 1 0 -316.66 7.45851 -3.89876 0.499232 0.201507 -0.217827 0.201507 0.511715 -0.468324 -0.217827 -0.468324 1.48012 
-50 1 0 -252.66 8.52829 -3.36079 172.625 -64.6618 -9.86652 -64.6618 140.174 1.29793 -9.86652 1.29793 1.91826 
-64 -9 0 -322.573 -46.3403 4.12203 617.302 -19.4284 15.9744 -19.4284 1.63255 0.0898988 15.9744 0.0898988 3.25808 
-51 -6 1 -257.915 -32.1991 5.66775 0.579115 0.066927 0.531708 0.066927 0.802921 0.133212 0.531708 0.133212 3.70578 
