-53 -30 2 -268.083 -154.56 11.5515 0.896123 -5.0646 0.296846 -5.0646 60.9922 -19.5103 0.296846 -19.5103 14.1653 
-51 -30 2 -258.725 -152.037 10.7484 23.9031 4.66375 -39.8508 4.66375 60.7949 18.5081 -39.8508 18.5081 81.926 
-55 -30 2 -278.46 -151.801 10.9777 3.06813 -0.321069 -1.52171 -0.321069 1.2052 0.344745 -1.52171 0.344745 1.71607 
-52 -30 2 -263.155 -153.085 10.9349 1.69842 -0.642148 -0.483633 -0.642148 0.840889 0.501273 -0.483633 0.501273 1.494 
-53 -31 2 -268.317 -156.533 11.1021 2.40204 -0.662691 0.592017 -0.662691 1.25189 0.122032 0.592017 0.122032 0.921068 
-50 -32 2 -253.68 -161.782 12.0019 93.753 89.252 -4.58415 89.252 86.7702 -2.89407 -4.58415 -2.89407 3.36436 
-55 -31 2 -277.471 -157.998 11.5982 0.902772 -0.593719 0.233831 -0.593719 1.40787 -0.402573 0.233831 -0.402573 1.8385 
-50 -31 2 -251.562 -157.144 11.4297 10.9584 5.54255 -10.3004 5.54255 4.21426 -6.81491 -10.3004 -6.81491 12.6588 
-54 -31 2 -273.771 -157.128 11.1187 2.48431 -0.148536 -0.677634 -0.148536 0.663571 0.248246 -0.677634 0.248246 1.18392 
-63 -30 1 -317.95 -152.671 8.50212 10.6808 2.51541 -4.51615 2.51541 4.28346 -4.24275 -4.51615 -4.24275 5.58772 
-55 -32 1 -277.984 -160.731 8.78528 0.5312 -0.50562 -0.350478 -0.50562 9.40238 0.854235 -0.350478 0.854235 1.43642 
-51 -31 2 -256.138 -156.524 11.0338 4.42117 -2.93331 -4.81482 -2.93331 2.81647 2.02612 -4.81482 2.02612 11.2458 
-60 -30 1 -304.493 -151.788 6.99212 5.45106 -0.881815 -0.123878 -0.881815 1.80087 0.597921 -0.123878 0.597921 0.808034 
-52 -32 1 -261.771 -163.849 7.16592 187.191 151.834 29.9593 151.834 124.361 24.1956 29.9593 24.1956 5.14978 
-51 -30 1 -258.03 -150.63 6.48959 0.667273 -0.937473 0.220513 -0.937473 5.1618 -0.342274 0.220513 -0.342274 0.746214 
-54 -30 1 -274.331 -152.724 7.5683 0.61322 -0.184623 -0.0841587 -0.184623 0.580487 0.363915 -0.0841587 0.363915 0.975604 
-53 -31 0 -267.631 -158.042 2.38873 1.17561 -0.0229292 0.04024 -0.0229292 0.820518 0.110856 0.04024 0.110856 0.415615 
-56 -32 0 -282.389 -162.769 3.75481 2.03476 -0.435684 0.467384 -0.435684 1.10049 -0.0153149 0.467384 -0.0153149 1.1066 
-59 -30 0 -297.862 -152.151 3.82233 0.731217 -0.219264 -0.0153675 -0.219264 1.40475 0.0250608 -0.0153675 0.0250608 0.443002 
-50 -31 1 -251.786 -157.403 7.67947 0.639046 0.0246793 -0.143345 0.0246793 0.577331 -0.268294 -0.143345 -0.268294 1.0674 
-58 -30 0 -291.269 -152.157 -1.52184 2.03663 -0.0690134 0.477499 -0.0690134 0.850708 0.0951335 0.477499 0.0951335 0.32513 
-51 -33 0 -257.378 -165.936 -2.18121 21.7119 -12.331 3.46014 -12.331 13.1123 -2.16327 3.46014 -2.16327 1.1255 
-53 -32 0 -266.896 -161.033 3.08384 0.883522 -0.408563 0.0260616 -0.408563 6.01968 -2.28947 0.0260616 -2.28947 1.47802 
-57 -30 0 -286.198 -151.487 2.85528 1.08937 0.271647 -0.0952979 0.271647 1.42616 0.0957834 -0.0952979 0.0957834 0.289889 
-60 -30 0 -303.823 -151.317 0.108252 2.45292 1.63706 0.282482 1.63706 3.75965 0.120126 0.282482 0.120126 0.173376 
-51 -30 0 -256.986 -151.592 -1.4715 0.61564 -0.0340391 0.0769566 -0.0340391 0.560174 -0.0216696 0.0769566 -0.0216696 0.156035 
-50 -31 0 -252.464 -157.983 -2.4388 0.597351 -0.0528425 -0.0144843 -0.0528425 0.573972 0.216877 -0.0144843 0.216877 0.322778 
-54 -31 0 -273.401 -158.504 2.52939 2.15659 0.746253 -0.474411 0.746253 1.395 0.286253 -0.474411 0.286253 1.07443 
-50 -32 0 -252.765 -161.281 -0.363354 0.772719 0.398672 0.0470535 0.398672 1.01968 0.0626481 0.0470535 0.0626481 0.121394 
-61 -30 0 -305.539 -151.967 2.42021 52.5001 14.9029 -9.20609 14.9029 8.30449 -2.55289 -9.20609 -2.55289 1.70394 
-53 -32 2 -265.727 -160.17 11.2276 10.3865 -65.645 -6.70001 -65.645 469.422 45.3228 -6.70001 45.3228 5.04038 
-59 -31 1 -297.219 -156.423 5.743 13.3538 -2.75208 -4.97143 -2.75208 46.567 7.25957 -4.97143 7.25957 5.21926 
-51 -31 0 -257.603 -156.675 -0.734659 0.37593 0.16104 0.11891 0.16104 0.832164 0.289299 0.11891 0.289299 0.216091 
-50 -30 0 -252.64 -152.044 -1.9526 0.342707 0.0652241 0.0152575 0.0652241 0.815814 -0.517507 0.0152575 -0.517507 0.515451 
-55 -31 1 -276.577 -158.628 6.88334 0.873078 -0.300224 0.0738007 -0.300224 0.754218 0.100853 0.0738007 0.100853 0.589865 
-54 -32 0 -273.209 -160.403 3.41241 1.26464 1.491 -0.775173 1.491 7.63395 -1.01748 -0.775173 -1.01748 2.00752 
-53 -32 1 -265.659 -160.122 7.46841 176.646 48.5036 -25.8206 48.5036 213.398 -7.63701 -25.8206 -7.63701 4.28947 
-52 -31 0 -262.116 -158.116 1.41944 0.3422 0.0547501 0.075816 0.0547501 0.636909 0.114027 0.075816 0.114027 0.164728 
-52 -32 0 -262.709 -161.881 3.17427 38.5886 40.6564 4.19246 40.6564 43.3175 4.29823 4.19246 4.29823 0.591868 
-56 -30 1 -282.428 -151.787 7.08603 0.563567 -0.389293 0.129827 -0.389293 0.959909 -0.147785 0.129827 -0.147785 0.60792 
-53 -30 1 -268.239 -151.617 6.10999 5.86808 3.54438 0.488059 3.54438 6.10144 0.35545 0.488059 0.35545 1.16481 
-51 -32 0 -256.664 -162.753 -1.20667 0.577596 -0.151488 -0.108145 -0.151488 0.493658 -0.0922783 -0.108145 -0.0922783 0.268874 
-55 -33 1 -277.393 -168.049 7.3286 0.367547 0.181235 0.191094 0.181235 0.940875 0.956132 0.191094 0.956132 1.43994 
-59 -30 1 -298.016 -152.056 6.81116 0.618542 0.248431 0.0280847 0.248431 1.82869 -0.384303 0.0280847 -0.384303 1.18373 
-52 -30 0 -262.791 -151.45 1.04573 0.687414 -0.246521 0.0177671 -0.246521 1.02319 0.0696057 0.0177671 0.0696057 0.313439 
-55 -32 0 -276.355 -160.982 2.35563 17.0669 28.4436 7.25602 28.4436 49.5871 12.3808 7.25602 12.3808 3.19633 
-53 -31 1 -267.637 -157.928 7.67887 1.59925 0.207104 0.17827 0.207104 0.727554 -0.11826 0.17827 -0.11826 0.477642 
-56 -30 2 -282.112 -152.024 11.4285 1.96099 -1.55396 -0.973828 -1.55396 1.91629 0.709016 -0.973828 0.709016 0.937325 
-53 -30 0 -267.448 -152.01 0.944542 0.581046 -0.207539 0.013843 -0.207539 0.609178 0.0539605 0.013843 0.0539605 0.219172 
-55 -31 0 -276.513 -158.633 3.01387 0.626078 -0.044476 0.0495501 -0.044476 1.07803 -0.0689946 0.0495501 -0.0689946 0.343233 
-61 -30 1 -305.864 -151.757 7.16163 21.4282 -18.0933 3.84023 -18.0933 20.7214 -2.1107 3.84023 -2.1107 1.20072 
-57 -30 2 -286.008 -152.086 10.4936 8.8706 2.38058 1.13956 2.38058 1.03934 0.832764 1.13956 0.832764 3.68461 
-54 -30 0 -272.758 -151.718 1.1559 0.392912 -0.21683 0.0290441 -0.21683 0.762462 0.011079 0.0290441 0.011079 0.223463 
-56 -32 1 -281.744 -163.156 7.28995 41.6677 18.569 -22.1897 18.569 13.1543 -10.4946 -22.1897 -10.4946 12.0725 
-52 -31 1 -263.309 -157.693 7.05592 0.456458 0.400487 -0.139431 0.400487 2.22769 -1.39502 -0.139431 -1.39502 1.33844 
-55 -32 2 -278.261 -161.268 11.1425 0.464414 -7.18963 0.301816 -7.18963 214.444 -11.6293 0.301816 -11.6293 1.84919 
-54 -32 1 -273.168 -161.467 6.28942 1.98066 0.0949014 -0.758287 0.0949014 0.425534 0.0710155 -0.758287 0.0710155 1.31691 
-55 -30 0 -277.145 -151.531 1.65368 0.736391 0.282083 -0.0175861 0.282083 0.9257 -0.150411 -0.0175861 -0.150411 0.208198 
-51 -31 1 -257.727 -158.211 7.58257 0.685377 -1.01617 0.30127 -1.01617 3.44939 -0.783896 0.30127 -0.783896 0.721037 
-50 -32 1 -252.092 -161.057 6.88697 1.06304 -0.212559 -0.2803 -0.212559 2.08311 -0.0662678 -0.2803 -0.0662678 0.780944 
-56 -31 0 -283.284 -156.664 3.06796 1.19847 1.30504 -0.195585 1.30504 1.77009 -0.0853795 -0.195585 -0.0853795 1.03124 
-54 -31 1 -274.439 -158.005 7.90127 4.03673 0.128549 -0.168078 0.128549 0.585032 -0.117233 -0.168078 -0.117233 0.679511 
-55 -30 1 -277.902 -151.462 7.24501 0.451761 -0.0969898 0.323761 -0.0969898 0.633858 -0.0879073 0.323761 -0.0879073 0.720163 
-57 -31 0 -285.69 -155.75 3.29822 2.7405 7.31504 0.0119164 7.31504 37.6749 0.0541855 0.0119164 0.0541855 0.904943 
-56 -30 0 -282.274 -151.378 1.41658 0.459586 -0.297176 0.0113661 -0.297176 1.40895 0.162606 0.0113661 0.162606 0.174515 
-52 -30 1 -262.254 -152.395 7.80033 1.9175 -1.11029 0.0463891 -1.11029 1.43041 0.0166962 0.0463891 0.0166962 0.511782 
-57 -30 1 -286.411 -151.958 7.52143 0.831192 -0.0495609 -0.115318 -0.0495609 0.625948 0.0356409 -0.115318 0.0356409 0.420923 
