-69 12 0 -347.984 63.0987 1.59007 3.61626 -1.08506 -0.97315 -1.08506 1.23176 0.0323432 -0.97315 0.0323432 0.977931 
-61 13 0 -305.886 69.1069 -1.19604 6.60042 -1.38812 -0.225987 -1.38812 7.05205 -0.0268775 -0.225987 -0.0268775 0.325647 
-61 12 0 -306.348 62.34 -1.58366 89.2866 -0.934697 -1.30466 -0.934697 0.563406 0.0884758 -1.30466 0.0884758 0.354347 
-62 10 0 -313.123 53.1692 -1.78389 14.8178 1.74234 1.50537 1.74234 9.38142 0.3127 1.50537 0.3127 0.381833 
-60 10 0 -304.789 52.4172 -4.00698 262.395 0.48695 -65.1026 0.48695 0.4733 -1.11589 -65.1026 -1.11589 59.2007 
-69 12 -1 -347.864 61.4851 -5.16829 1.28023 -1.65227 -14.0909 -1.65227 6.04045 5.44337 -14.0909 5.44337 387.341 
-66 11 -1 -332.449 57.7909 -5.27312 0.615807 -0.237048 3.68816 -0.237048 1.33392 -10.3869 3.68816 -10.3869 137.213 
-64 10 -1 -323.908 53.2227 -5.15242 3.61635 0.113973 -25.3949 0.113973 0.447356 2.68031 -25.3949 2.68031 364.696 
-67 10 -1 -339.045 53.1087 -5.35053 2.93277 -2.84053 44.9112 -2.84053 7.04432 -88.6433 44.9112 -88.6433 1473.86 
-69 10 -1 -346.554 51.5513 -5.27204 97.2249 -61.8133 -89.4851 -61.8133 40.0152 57.7278 -89.4851 57.7278 119.141 
-64 10 0 -321.495 51.4006 -1.82585 6.56504 0.368789 1.21743 0.368789 1.7508 -0.417712 1.21743 -0.417712 1.25389 
-61 10 0 -306.59 52.4552 -2.37947 124.346 -2.91903 -0.512023 -2.91903 0.536623 0.0255399 -0.512023 0.0255399 0.638034 
-68 10 0 -343.865 52.2668 -4.46049 5.26822 -0.600498 1.01054 -0.600498 0.65385 1.3304 1.01054 1.3304 72.0971 
-69 14 0 -345.987 72.4647 -0.277779 13.502 -13.6964 -0.87265 -13.6964 37.1281 0.798784 -0.87265 0.798784 0.120785 
-64 11 0 -321.174 57.9481 -0.948959 28.0581 10.8679 -1.47472 10.8679 12.429 -1.06664 -1.47472 -1.06664 0.181969 
-61 11 0 -306.439 57.6455 -2.15989 138.17 -2.23936 -1.71181 -2.23936 0.488415 0.0460505 -1.71181 0.0460505 0.36977 
-68 10 -1 -342.099 52.2453 -5.34387 1.06139 -0.894061 5.37606 -0.894061 2.03727 -19.2192 5.37606 -19.2192 285.909 
-68 13 0 -342.635 66.5765 -4.87913 6.86717 15.0198 -28.065 15.0198 43.9038 -13.9254 -28.065 -13.9254 444.973 
-68 11 0 -342.701 57.2491 -4.07184 8.83822 -3.29207 0.597446 -3.29207 2.03083 -1.55752 0.597446 -1.55752 9.16496 
-67 13 0 -336.046 67.9027 -4.55518 162.249 -84.1466 -105.739 -84.1466 44.2499 52.7257 -105.739 52.7257 88.4363 
