-77 9 2 -389.232 46.6292 11.2827 2.44248 -0.879038 0.298401 -0.879038 0.876658 -0.138333 0.298401 -0.138333 0.951158 
-79 9 2 -397.041 46.1716 11.5904 32.15 -9.41228 -4.94589 -9.41228 5.50753 -0.565577 -4.94589 -0.565577 2.94982 
-81 9 2 -408.041 46.1138 10.6426 0.65645 -0.685631 0.205452 -0.685631 3.59678 0.575397 0.205452 0.575397 3.12172 
-87 9 2 -436.703 46.9101 11.5141 7.7635 2.01233 0.697607 2.01233 1.68204 -1.68971 0.697607 -1.68971 3.70176 
-89 9 2 -449.185 46.2577 11.7031 8.22156 -9.74272 4.60101 -9.74272 18.9337 -11.9366 4.60101 -11.9366 8.882 
-79 8 2 -396.875 42.9099 11.5529 4.04271 -1.34205 2.11521 -1.34205 1.29213 -1.24008 2.11521 -1.24008 2.22526 
-84 8 2 -420.665 43.2724 10.6572 6.1213 -0.433649 -0.608579 -0.433649 0.34898 -0.401296 -0.608579 -0.401296 3.60609 
-86 7 2 -433.467 39.7905 11.1355 27.6921 21.3027 12.415 21.3027 106.796 41.0848 12.415 41.0848 17.6869 
-83 6 2 -418.743 34.1659 10.8474 114.692 55.0258 24.4929 55.0258 27.0671 11.9506 24.4929 11.9506 7.84735 
-77 8 1 -389.421 43.1931 8.7582 96.6882 24.1769 5.72131 24.1769 7.26852 -0.532037 5.72131 -0.532037 4.19985 
-77 8 2 -389.466 43.0541 10.9746 477.162 148.755 -38.6709 148.755 47.5019 -12.9377 -38.6709 -12.9377 5.03854 
-89 7 1 -446.359 37.2374 6.99544 1.43583 0.458732 -0.543344 0.458732 2.60495 -2.06003 -0.543344 -2.06003 8.41537 
-84 8 1 -422.5 43.0791 7.67351 0.533212 0.232722 -0.707203 0.232722 0.811437 -0.986308 -0.707203 -0.986308 1.93692 
-76 9 1 -382.819 48.2844 7.33644 1.00596 -1.19669 -0.115419 -1.19669 2.72479 0.368869 -0.115419 0.368869 0.661272 
-75 9 1 -378.953 47.318 7.60532 38.9299 65.2429 4.16745 65.2429 110.722 7.40145 4.16745 7.40145 1.16019 
-79 9 1 -397.59 46.367 7.47811 2.27984 -0.531896 -0.843412 -0.531896 2.77138 1.01314 -0.843412 1.01314 1.27751 
-83 9 1 -418.253 46.3918 6.31468 2.49733 -3.11252 0.109516 -3.11252 5.51997 0.766275 0.109516 0.766275 0.890333 
-85 9 1 -426.134 49.0387 7.25956 22.4813 2.41584 -2.99328 2.41584 0.963056 -0.530732 -2.99328 -0.530732 0.924639 
-81 8 1 -406.69 43.8088 7.48404 1.47374 0.549524 0.629802 0.549524 1.18615 0.640831 0.629802 0.640831 0.992614 
-80 8 1 -400.979 42.1341 7.30265 10.1448 0.608535 -18.3656 0.608535 0.914232 -0.527894 -18.3656 -0.527894 35.1474 
-87 8 1 -438.64 42.2261 8.27407 4.79993 -9.8766 -1.63842 -9.8766 112.463 54.5098 -1.63842 54.5098 29.2183 
-74 8 1 -372.271 43.812 6.26284 0.432216 -0.215988 -0.154967 -0.215988 1.06867 0.0892402 -0.154967 0.0892402 1.11552 
-78 8 1 -393.741 41.2169 7.3272 4.0818 2.97407 -2.34045 2.97407 5.86348 -4.21736 -2.34045 -4.21736 4.44349 
-79 8 1 -397.013 42.57 7.87619 0.69437 0.281956 -0.202199 0.281956 0.665672 -0.211413 -0.202199 -0.211413 0.580188 
-85 8 1 -427.82 41.4416 6.87703 0.882831 0.193357 -0.0885232 0.193357 0.740821 0.069805 -0.0885232 0.069805 0.51956 
-86 8 1 -433.088 40.6868 7.42758 2.86745 -2.51253 0.0190788 -2.51253 4.67689 -0.243413 0.0190788 -0.243413 0.484127 
-88 8 1 -441.66 41.5516 7.14807 1.58304 -1.16293 -0.492051 -1.16293 2.90161 0.106232 -0.492051 0.106232 0.665759 
-74 7 1 -373.447 36.8566 6.21365 1.27869 0.728625 -0.783724 0.728625 1.74001 -0.935531 -0.783724 -0.935531 1.95897 
-75 7 1 -377.315 36.4795 5.72201 0.33947 0.0735058 -0.135582 0.0735058 0.509442 0.19738 -0.135582 0.19738 3.93395 
-83 7 1 -418.902 36.3262 6.71872 1.08066 -0.312717 0.125108 -0.312717 1.34407 0.41979 0.125108 0.41979 0.831277 
-84 7 1 -422.432 36.1167 6.72835 0.319525 0.100352 -0.0568687 0.100352 1.38619 0.318605 -0.0568687 0.318605 0.629722 
-85 7 1 -427.114 37.0986 6.75732 0.552817 0.247018 -0.0214183 0.247018 0.709262 -0.0141708 -0.0214183 -0.0141708 0.791717 
-86 7 1 -432.702 37.6264 6.81288 0.538028 0.0142735 -0.0790822 0.0142735 0.550459 0.0494854 -0.0790822 0.0494854 0.728589 
-88 7 1 -442.538 37.6316 6.90676 0.702687 0.109478 -0.0795846 0.109478 0.460511 -0.11369 -0.0795846 -0.11369 0.664061 
-77 6 1 -387.907 34.2719 6.78029 1.23895 -0.357511 -0.780743 -0.357511 8.54808 -1.71781 -0.780743 -1.71781 1.75567 
-74 -2 0 -371.855 -11.8969 1.52471 0.827113 -0.0589371 -0.207326 -0.0589371 0.479712 0.0330292 -0.207326 0.0330292 0.202879 
-85 -3 0 -428.098 -19.7243 -2.41019 0.726416 0.616627 -0.126101 0.616627 7.21422 2.26343 -0.126101 2.26343 1.88378 
-89 -2 0 -447.644 -12.182 -4.44046 0.43253 0.173881 2.87858 0.173881 1.39715 8.29745 2.87858 8.29745 139.591 
-77 2 -1 -387.417 12.3843 -5.60396 0.555771 -0.250423 -3.16467 -0.250423 1.62542 13.5032 -3.16467 13.5032 160.544 
-74 -3 0 -373.441 -17.0788 0.0843631 1.11887 -0.194316 -0.269107 -0.194316 0.686251 -0.0682002 -0.269107 -0.0682002 0.171293 
-84 0 -1 -423.469 3.09788 -5.02228 0.673609 -0.620284 -3.77878 -0.620284 0.990391 4.03414 -3.77878 4.03414 190.088 
-70 -4 0 -354.153 -22.2963 1.13563 2.01626 0.164503 -0.0921852 0.164503 0.691291 -0.271092 -0.0921852 -0.271092 0.263057 
-87 -4 0 -437.322 -21.4567 -3.23159 0.572311 0.154939 -0.340968 0.154939 0.784216 -0.473273 -0.340968 -0.473273 1.49331 
-81 -7 0 -406.232 -36.1929 -2.65702 3.87347 -7.01587 -1.26263 -7.01587 21.3347 1.39739 -1.26263 1.39739 3.60122 
-74 -4 0 -373.74 -22.5854 -2.12208 0.7039 0.0655059 -0.384513 0.0655059 0.882683 0.0490278 -0.384513 0.0490278 0.541214 
-71 -5 0 -357.686 -26.7817 0.64084 0.60692 0.0499527 -0.0668751 0.0499527 0.648256 0.0117386 -0.0668751 0.0117386 0.174983 
-89 8 1 -449.101 43.0742 6.48258 4.05729 2.92098 -0.177176 2.92098 3.44835 0.432157 -0.177176 0.432157 1.87941 
-73 -4 0 -367.705 -21.8815 -1.19903 1.32665 -0.0969925 0.141855 -0.0969925 0.409794 0.0982484 0.141855 0.0982484 0.178813 
-81 -5 0 -407.696 -28.1977 -0.143885 0.862054 0.207518 0.0188295 0.207518 0.795482 0.0767685 0.0188295 0.0767685 0.124281 
-76 9 -1 -383.454 46.6635 -5.08751 1.16436 0.938981 -11.1155 0.938981 1.74781 -11.9331 -11.1155 -11.9331 461.558 
-84 4 -1 -422.418 22.6898 -5.42565 0.599647 0.124102 6.89118 0.124102 0.683024 9.9205 6.89118 9.9205 438.617 
-89 9 -1 -447.346 47.1161 -5.19937 1.1179 1.5175 -17.2283 1.5175 4.71219 -47.5835 -17.2283 -47.5835 555.918 
-72 9 1 -362.931 47.9143 6.9998 0.866764 -0.375872 0.46731 -0.375872 1.31246 -0.233341 0.46731 -0.233341 0.853022 
-77 3 -1 -387.607 17.65 -5.94751 0.604617 0.461389 6.96642 0.461389 2.0595 26.3819 6.96642 26.3819 444.133 
-88 8 -1 -442.672 41.6805 -5.18521 2.05728 1.523 -20.435 1.523 1.946 -17.9153 -20.435 -17.9153 273.8 
-74 7 -1 -372.115 35.7172 -5.16368 0.944683 -2.49307 14.0219 -2.49307 13.5663 -62.955 14.0219 -62.955 427.229 
-85 7 -1 -427.251 37.1637 -5.35394 1.96693 -0.801167 14.1933 -0.801167 0.835876 -6.75851 14.1933 -6.75851 141.985 
-72 -5 -1 -362.048 -26.4032 -7.10171 5.91232 -1.71299 54.7887 -1.71299 1.36707 -21.0687 54.7887 -21.0687 631.435 
-75 7 -1 -377.753 36.0611 -5.09207 0.615374 0.566301 -3.83122 0.566301 1.91939 -9.54875 -3.83122 -9.54875 318.512 
-87 6 -1 -437.511 32.4958 -5.24206 0.464065 -0.0158004 -0.425102 -0.0158004 0.478573 2.89524 -0.425102 2.89524 448.555 
-86 2 -1 -432.5 12.5021 -5.2032 0.574582 0.0466197 6.78106 0.0466197 0.498878 3.21106 6.78106 3.21106 476.526 
-88 6 -1 -442.279 32.207 -5.21587 0.782705 0.077136 11.6498 0.077136 0.564883 4.59606 11.6498 4.59606 461.297 
-84 3 -1 -422.492 17.4953 -5.2699 0.539902 0.367607 5.56187 0.367607 2.56196 31.3012 5.56187 31.3012 470.679 
-82 0 0 -412.265 0.686309 -0.95795 0.565471 0.0127178 0.00861478 0.0127178 0.186881 0.0148789 0.00861478 0.0148789 0.259635 
-86 4 -1 -432.498 22.5 -5.23537 0.647177 0.179182 8.83486 0.179182 0.659921 9.42308 8.83486 9.42308 470.159 
-72 -1 0 -362.106 -6.86625 -0.826487 0.479147 0.0745489 0.161509 0.0745489 0.462329 -0.0395682 0.161509 -0.0395682 0.235872 
-87 4 -1 -437.445 22.568 -5.15761 0.631243 0.160043 8.12461 0.160043 0.60953 7.92335 8.12461 7.92335 458.689 
-73 -2 0 -366.32 -12.262 0.512218 0.57644 -0.00594977 0.044247 -0.00594977 0.695256 0.081254 0.044247 0.081254 0.112078 
-89 7 0 -447.195 37.8592 0.513398 0.451595 0.0923742 0.0555762 0.0923742 0.707967 0.0857678 0.0555762 0.0857678 0.137196 
-73 7 0 -368.436 37.6366 -0.367645 0.874374 0.0563069 0.0240707 0.0563069 0.600788 0.175476 0.0240707 0.175476 0.215696 
-85 4 -1 -427.504 22.4993 -5.32707 0.673216 0.218886 9.587 0.218886 0.732108 10.956 9.587 10.956 481.343 
-88 3 -1 -441.737 18.1957 -5.03521 0.733178 0.223108 3.79732 0.223108 0.815634 -5.41853 3.79732 -5.41853 457.044 
-84 9 1 -420.613 45.8067 6.84987 0.948418 0.435894 -0.0910033 0.435894 1.11056 0.348788 -0.0910033 0.348788 0.551948 
-72 -6 -1 -362.426 -33.6248 -7.02804 0.612672 -0.16623 0.961285 -0.16623 0.766434 0.796171 0.961285 0.796171 8.24702 
-84 2 -1 -422.458 12.54 -5.07651 0.491872 0.0176685 -0.550336 0.0176685 0.495053 0.388126 -0.550336 0.388126 474.78 
-87 2 -1 -436.23 12.639 -5.12012 2.52576 0.222251 16.1091 0.222251 0.464765 1.79612 16.1091 1.79612 440.452 
-82 1 -1 -412.489 9.856 -5.04403 0.736066 11.1977 2.21146 11.1977 438.107 -0.0565812 2.21146 -0.0565812 438.383 
-72 -3 0 -363.094 -16.516 -0.87885 1.10183 0.44063 -0.0081718 0.44063 0.817564 0.0686229 -0.0081718 0.0686229 0.191916 
-80 1 -1 -402.543 7.53713 -5.19037 0.587707 0.216722 6.88891 0.216722 0.988664 15.5003 6.88891 15.5003 472.104 
-85 1 -1 -428.229 7.6635 -5.13163 0.769405 0.0206618 -9.46994 0.0206618 0.58862 -5.26003 -9.46994 -5.26003 460.75 
-73 -1 0 -367.143 -6.97067 0.465635 0.530268 -0.136952 -0.0412742 -0.136952 0.686537 0.0868062 -0.0412742 0.0868062 0.146093 
-80 9 0 -402.144 45.5683 -3.17085 8.45759 4.38591 -0.629455 4.38591 3.8836 0.0999614 -0.629455 0.0999614 0.576687 
-86 1 -1 -432.449 7.52611 -5.16102 0.510587 0.0339096 2.49488 0.0339096 0.546606 5.9003 2.49488 5.9003 472.462 
-78 9 -1 -393.233 47.3117 -5.34474 0.649681 0.305514 -7.13927 0.305514 1.7397 -22.5771 -7.13927 -22.5771 405.014 
-88 7 -1 -442.34 37.4268 -5.25106 0.672112 0.19963 -9.8405 0.19963 0.719442 -8.24076 -9.8405 -8.24076 442.083 
-82 6 -1 -412.49 32.3857 -5.61694 0.481461 -0.0118518 -1.0455 -0.0118518 0.632932 8.33535 -1.0455 8.33535 475.235 
-71 2 -1 -357.381 12.2995 -6.28105 0.499366 0.0864298 1.53477 0.0864298 0.933674 9.28701 1.53477 9.28701 184.549 
-70 -7 -1 -352.769 -36.7386 -7.163 0.632921 0.37871 1.25673 0.37871 1.56984 1.53205 1.25673 1.53205 14.0034 
-85 0 -1 -427.937 2.04625 -5.07905 0.516669 0.0457428 -0.429077 0.0457428 0.603189 7.73906 -0.429077 7.73906 430.398 
-86 0 -1 -432.608 1.51157 -5.07811 0.607072 -0.014822 -0.252224 -0.014822 0.276028 3.66462 -0.252224 3.66462 212.395 
-78 0 -1 -392.337 2.98544 -5.08884 0.402493 -0.0524204 -3.63785 -0.0524204 0.77377 7.00295 -3.63785 7.00295 364.907 
-81 4 0 -406.053 23.4854 0.364045 2.76983 -2.4022 0.527009 -2.4022 9.67628 -2.41851 0.527009 -2.41851 0.674586 
-77 0 -1 -387.282 1.12939 -5.17515 0.946538 0.326188 7.96185 0.326188 0.329778 5.00146 7.96185 5.00146 155.347 
-71 9 -1 -357.62 47.4517 -5.35907 2.64671 -1.40939 29.7296 -1.40939 1.28923 -18.5301 29.7296 -18.5301 397.472 
-86 6 -1 -432.44 32.4167 -5.30647 0.724328 0.0608636 9.67446 0.0608636 0.483956 4.23729 9.67446 4.23729 425.258 
-83 1 -1 -418.632 8.69804 -5.01918 0.754177 -0.446886 -1.33202 -0.446886 0.829729 2.25528 -1.33202 2.25528 342.565 
-83 7 -1 -417.342 37.2246 -5.46095 0.579 -0.40392 2.68686 -0.40392 1.45607 -8.07464 2.68686 -8.07464 84.4472 
-80 9 -1 -402.036 46.7927 -5.35486 0.627409 0.117831 0.0626211 0.117831 0.479729 -2.69359 0.0626211 -2.69359 56.7868 
-81 9 -1 -407.94 46.8618 -5.36118 0.712119 -0.376717 1.60142 -0.376717 2.39809 -24.7387 1.60142 -24.7387 321.361 
-87 -1 0 -437.587 -7.68302 -4.88633 0.431833 0.0676837 2.99621 0.0676837 1.12422 14.6748 2.99621 14.6748 398.869 
-79 -1 0 -396.409 -6.17192 -3.77929 3.007 5.87565 -2.97132 5.87565 22.8137 -10.8367 -2.97132 -10.8367 8.97214 
-83 8 -1 -417.203 42.7768 -5.35669 0.482772 0.0981807 -0.546173 0.0981807 0.576943 -1.82598 -0.546173 -1.82598 39.1157 
-83 2 -1 -417.503 12.5093 -5.10334 0.756879 0.341529 11.5299 0.341529 0.897569 14.1044 11.5299 14.1044 477.283 
-76 6 0 -382.038 33.1142 1.46423 0.776615 0.362563 0.0640162 0.362563 1.06068 0.135753 0.0640162 0.135753 0.409367 
-70 8 -1 -352.437 42.3349 -5.691 0.637329 -0.320191 3.62593 -0.320191 0.958212 -10.2482 3.62593 -10.2482 237.77 
-72 8 -1 -362.272 42.1515 -5.21095 4.40112 -1.78105 40.552 -1.78105 1.23954 -18.4525 40.552 -18.4525 431.462 
-81 8 -1 -407.152 42.1904 -5.4608 0.660603 -0.146067 -0.40924 -0.146067 0.555283 -0.333658 -0.40924 -0.333658 19.8863 
-77 0 1 -387.336 1.31956 5.82673 0.355123 0.00211071 0.0387465 0.00211071 0.224 -0.0176613 0.0387465 -0.0176613 2.21491 
-88 -2 0 -443.225 -12.0704 -4.5217 2.32147 -2.14183 6.96525 -2.14183 3.87273 -0.593586 6.96525 -0.593586 74.4418 
-89 8 -1 -447.54 42.6306 -5.42943 0.505546 -0.0405281 0.485731 -0.0405281 0.555887 -3.36097 0.485731 -3.36097 126.638 
-88 -3 0 -442.358 -18.4854 -4.56788 0.763804 0.579101 -6.27749 0.579101 1.60565 -4.55723 -6.27749 -4.55723 437.985 
-79 7 -1 -397.521 37.9033 -5.63563 0.511799 -0.0457254 -0.512425 -0.0457254 0.534678 0.794479 -0.512425 0.794479 47.6096 
-80 7 -1 -402.403 37.7462 -5.53926 0.658415 -0.0290489 -0.549431 -0.0290489 0.492259 -0.0742891 -0.549431 -0.0742891 20.7888 
-84 7 -1 -422.575 37.4506 -5.48897 0.5076 0.17513 -1.11793 0.17513 0.719266 -2.52963 -1.11793 -2.52963 50.8939 
-81 0 0 -407.324 -0.245115 -2.82039 0.398074 0.069107 0.122305 0.069107 0.165182 0.0697392 0.122305 0.0697392 0.34533 
-88 0 -1 -441.458 2.29025 -5.04569 2.61742 0.190402 3.57893 0.190402 0.121608 0.851836 3.57893 0.851836 103.625 
-86 5 -1 -432.52 27.4138 -5.21031 0.810077 0.203871 12.5431 0.203871 0.609526 7.50585 12.5431 7.50585 476.514 
-85 6 -1 -427.52 32.5274 -5.41694 0.692755 0.251792 9.86268 0.251792 0.712677 10.576 9.86268 10.576 448.885 
-73 6 -1 -367.449 32.5662 -5.67033 0.582527 -0.499634 6.42295 -0.499634 3.14944 -34.5014 6.42295 -34.5014 440.347 
-84 9 -1 -422.019 47.3567 -5.09703 3.1335 -2.72927 32.3937 -2.72927 3.307 -34.029 32.3937 -34.029 482.88 
-75 0 -1 -377.646 0.452862 -5.63431 1.24867 0.250902 7.83563 0.250902 0.195284 2.57031 7.83563 2.57031 82.5505 
-84 9 0 -422.425 47.7768 -0.932573 0.43019 -0.136367 -0.0862486 -0.136367 0.778832 0.199916 -0.0862486 0.199916 0.163348 
-83 8 2 -419.529 43.4375 11.2493 24.4573 0.733066 -2.35208 0.733066 0.899326 -0.210231 -2.35208 -0.210231 0.928443 
-70 3 -1 -352.616 17.4738 -6.51928 0.504443 -0.0105027 1.02437 -0.0105027 0.496234 0.144585 1.02437 0.144585 37.1861 
-78 8 -1 -392.347 42.0998 -5.42853 0.752902 -0.0210381 -0.757646 -0.0210381 0.410295 -1.03821 -0.757646 -1.03821 31.1802 
-82 7 -1 -412.697 37.6568 -5.55179 0.504285 -0.0356881 -0.0703876 -0.0356881 0.489802 -1.43976 -0.0703876 -1.43976 40.9494 
-71 1 -1 -357.444 7.48913 -6.29861 0.628153 -0.288015 8.33553 -0.288015 1.12051 -16.9338 8.33553 -16.9338 448.063 
-79 1 0 -396.191 5.65924 1.69089 1.10921 -0.230437 -0.0355355 -0.230437 2.28728 -0.141755 -0.0355355 -0.141755 0.221818 
-87 7 -1 -437.927 36.6428 -5.12866 1.23748 1.23493 -15.7903 1.23493 2.20575 -22.1854 -15.7903 -22.1854 390.608 
-87 5 -1 -437.498 27.435 -5.13455 0.512608 -0.141111 -3.557 -0.141111 1.09413 17.0016 -3.557 17.0016 465.643 
-85 3 -1 -427.566 17.4862 -5.26729 0.481496 -0.0294706 -0.611707 -0.0294706 0.618619 5.75767 -0.611707 5.75767 227.863 
-72 0 -1 -362.144 1.30727 -5.94093 0.534216 0.0717619 -0.0469684 0.0717619 0.197349 -0.20277 -0.0469684 -0.20277 4.75802 
-71 -2 -1 -357.685 -12.2711 -7.02691 1.10647 -0.517878 16.8289 -0.517878 1.11935 -16.4449 16.8289 -16.4449 486.073 
-78 4 -1 -392.456 22.6115 -5.96584 0.534973 0.0709964 2.85174 0.0709964 0.536302 2.02233 2.85174 2.02233 156.65 
-71 -4 1 -358.264 -22.7217 5.8432 0.692776 -0.0896113 0.061811 -0.0896113 0.455108 0.0545361 0.061811 0.0545361 1.79911 
-72 -2 0 -363.33 -12.9852 -0.231898 1.22307 0.010525 0.231616 0.010525 0.651784 0.0251033 0.231616 0.0251033 0.198381 
-85 9 2 -425.545 49.4003 11.1752 169.695 -79.7304 -6.57287 -79.7304 61.5312 5.29493 -6.57287 5.29493 1.67059 
-72 0 0 -362.436 0.72444 -0.825773 0.523286 0.122651 0.0403703 0.122651 0.193765 0.020625 0.0403703 0.020625 0.170041 
-86 -3 0 -432.598 -19.4488 -2.9604 0.490581 0.298362 0.156228 0.298362 2.15157 1.16318 0.156228 1.16318 1.46791 
-80 5 -1 -402.494 27.4365 -5.70547 0.530697 0.00660022 4.95933 0.00660022 0.485611 0.208843 4.95933 0.208843 476.757 
-78 -1 0 -393.109 -6.62334 -3.26212 1.6086 1.62121 1.21118 1.62121 2.87587 2.12872 1.21118 2.12872 7.64808 
-78 6 -1 -392.37 32.5895 -5.68829 0.446458 0.0848144 -2.03466 0.0848144 0.563301 -7.58404 -2.03466 -7.58404 377.343 
-81 -2 0 -406.45 -12.409 -4.09964 1.27942 0.779722 -1.49061 0.779722 10.5311 -14.1501 -1.49061 -14.1501 20.2304 
-71 9 0 -356.116 47.9848 -1.74056 1.45333 -1.99731 -0.0252458 -1.99731 8.16401 0.538346 -0.0252458 0.538346 0.31693 
-77 5 -1 -387.477 27.4033 -5.90477 0.539551 -0.137597 4.91045 -0.137597 0.873067 -13.7118 4.91045 -13.7118 447.089 
-80 3 -1 -402.566 17.4067 -5.66043 0.658987 0.509984 8.80578 0.509984 2.09864 26.7857 8.80578 26.7857 438.249 
-88 9 -1 -444.155 46.3186 -5.10604 15.5477 10.721 -63.3816 10.721 9.63619 -47.5281 -63.3816 -47.5281 678.56 
-89 5 -1 -446.817 28.3071 -5.02691 0.654758 0.0797269 2.65646 0.0797269 0.333672 1.46179 2.65646 1.46179 312.627 
-74 -4 -1 -374.148 -21.9435 -5.9143 1.63173 -0.231884 2.48354 -0.231884 0.573908 0.129575 2.48354 0.129575 8.51669 
-82 8 -1 -412.531 41.802 -5.57155 0.587431 -0.115224 1.07687 -0.115224 0.477319 -0.93802 1.07687 -0.93802 38.0004 
-81 -1 0 -406.736 -7.22828 -2.25759 0.4654 0.0628309 0.154775 0.0628309 0.937336 0.0391985 0.154775 0.0391985 0.361462 
-73 -3 -1 -367.726 -17.0363 -6.41428 0.361379 0.0483016 0.217527 0.0483016 0.543101 -0.798114 0.217527 -0.798114 9.21884 
-71 -8 -1 -357.186 -43.2849 -7.94568 0.542694 0.206215 1.53351 0.206215 0.573888 0.826516 1.53351 0.826516 41.8933 
-78 0 1 -392.874 2.08566 5.7524 0.525694 0.000820181 -0.350743 0.000820181 0.244974 -0.148539 -0.350743 -0.148539 2.97998 
-81 1 -1 -407.362 7.6187 -5.08841 0.90596 0.43087 13.01 0.43087 0.875663 12.9337 13.01 12.9337 457.875 
-74 0 -1 -372.325 1.36322 -5.83246 0.46357 -0.0464699 0.108109 -0.0464699 0.146981 -0.238068 0.108109 -0.238068 6.80911 
-86 -2 0 -433.125 -11.4395 -4.80591 1.901 0.949656 -1.72722 0.949656 1.40393 5.97181 -1.72722 5.97181 616.216 
-81 3 0 -407.902 15.7224 -4.31704 0.792189 -0.161088 -0.0178375 -0.161088 2.691 0.66611 -0.0178375 0.66611 7.49721 
-77 8 -1 -386.932 42.3551 -5.25845 0.507953 -0.0137404 -2.6034 -0.0137404 0.394431 2.34461 -2.6034 2.34461 91.5324 
-73 -4 -1 -367.062 -21.4231 -6.14053 3.17312 0.837721 1.75595 0.837721 0.986029 -0.258824 1.75595 -0.258824 3.8479 
-71 8 -1 -357.217 41.9451 -5.54616 1.00825 -0.322587 13.1546 -0.322587 0.703122 -9.79223 13.1546 -9.79223 302.09 
-74 -9 0 -370.757 -46.2958 2.63865 5.16126 3.07408 0.469119 3.07408 2.66433 0.351272 0.469119 0.351272 0.815822 
-88 1 -1 -441.054 7.73012 -5.04209 2.28946 0.142035 2.71952 0.142035 0.501022 -1.32052 2.71952 -1.32052 484.921 
-87 3 0 -437.815 16.1622 -4.12293 0.555612 -0.405038 0.251725 -0.405038 2.13696 0.0122537 0.251725 0.0122537 2.77047 
-83 8 1 -419.066 44.3203 7.95852 0.810236 0.970311 0.590359 0.970311 10.7557 3.15726 0.590359 3.15726 1.51284 
-73 5 -1 -367.425 27.584 -6.0336 0.781388 -0.772372 11.6767 -0.772372 2.37044 -29.38 11.6767 -29.38 460.207 
-74 -2 -1 -373.109 -12.1713 -6.03872 0.529184 -0.100825 0.897948 -0.100825 0.486342 -0.13368 0.897948 -0.13368 6.64695 
-88 8 2 -441.332 41.3145 11.0839 5.29455 -17.043 -5.31443 -17.043 71.4306 19.1377 -5.31443 19.1377 7.34586 
-73 -2 -1 -366.408 -12.1039 -6.36462 0.803759 0.177109 -0.414412 0.177109 0.529755 0.517249 -0.414412 0.517249 6.47462 
-84 8 -1 -422.639 42.4876 -5.34203 0.926583 -0.753584 12.9471 -0.753584 1.85468 -23.26 12.9471 -23.26 407.618 
-80 1 0 -402.727 6.07287 -3.89944 0.647794 -0.0227374 -0.132071 -0.0227374 0.462811 0.139404 -0.132071 0.139404 0.645488 
-85 -2 0 -429.262 -12.3504 -3.93511 55.7866 0.847716 -45.3902 0.847716 0.839491 -1.67758 -45.3902 -1.67758 42.02 
-80 4 -1 -402.547 22.4407 -5.75643 0.541596 0.0334356 2.27115 0.0334356 0.500472 1.46162 2.27115 1.46162 76.9053 
-74 -2 1 -370.512 -14.5338 5.8059 8.53711 -6.53069 -8.77099 -6.53069 24.9089 28.0671 -8.77099 28.0671 41.9825 
-73 -6 -1 -367.926 -32.1761 -6.09291 1.13055 -0.0490649 -0.220598 -0.0490649 0.497083 0.232001 -0.220598 0.232001 3.04138 
-72 4 -1 -362.406 22.5775 -6.40993 0.535501 -0.0634586 3.11814 -0.0634586 0.581576 -3.11218 3.11814 -3.11218 154.725 
-73 9 1 -367.418 48.0258 6.53043 0.956548 -1.05612 0.855364 -1.05612 1.77897 -1.35832 0.855364 -1.35832 2.18906 
-73 -9 -1 -366.344 -48.1573 -7.07136 7.16377 0.386603 38.6459 0.386603 0.815042 2.01756 38.6459 2.01756 237.117 
-77 2 0 -387.943 14.4129 -4.61748 2.23772 -16.6587 5.21763 -16.6587 188.394 -18.8785 5.21763 -18.8785 33.0275 
-87 3 -1 -437.428 17.548 -5.11204 0.785331 0.224928 11.803 0.224928 0.656631 8.06767 11.803 8.06767 477.675 
-79 7 0 -397.128 37.2372 0.529467 0.890533 -0.226179 0.0466493 -0.226179 1.08882 0.315715 0.0466493 0.315715 0.286562 
-83 3 0 -417.64 16.2052 -4.28727 0.498361 0.477211 -0.195851 0.477211 6.80129 -0.857824 -0.195851 -0.857824 6.07024 
-70 4 -1 -352.53 22.5136 -6.58518 0.473199 -0.00905188 1.17173 -0.00905188 0.475792 -2.2379 1.17173 -2.2379 463.3 
-79 2 -1 -397.648 12.6025 -5.50545 0.627395 0.417127 8.91699 0.417127 1.53732 21.3172 8.91699 21.3172 447.331 
-86 7 -1 -432.298 35.8855 -5.14672 0.853616 -2.36532 12.7962 -2.36532 16.2567 -75.2653 12.7962 -75.2653 464.599 
-83 9 -1 -417.168 46.9049 -5.16384 0.572309 0.357985 -0.94147 0.357985 1.26525 -8.21017 -0.94147 -8.21017 170.795 
-79 5 -1 -397.468 27.4348 -5.74795 0.505055 0.00133168 0.845269 0.00133168 0.510102 -1.02134 0.845269 -1.02134 100.251 
-71 4 -1 -357.385 22.3613 -6.38799 0.530993 -0.0165831 -0.446849 -0.0165831 0.474916 0.27092 -0.446849 0.27092 8.2372 
-74 -5 0 -372.322 -26.6809 -0.837884 0.476738 -0.149803 -0.167638 -0.149803 0.587339 0.0183799 -0.167638 0.0183799 0.15717 
-81 7 0 -408.5 38.3851 -0.972356 1.10464 -0.352196 -0.0744577 -0.352196 1.01142 -0.0498573 -0.0744577 -0.0498573 0.187567 
-70 -1 -1 -352.594 -7.53625 -6.9386 0.594546 -0.0212516 0.765834 -0.0212516 0.521053 -0.288823 0.765834 -0.288823 19.9117 
-73 3 0 -365.692 16.7121 -4.03307 17.0525 0.000446197 -1.00864 0.000446197 2.23769 2.4294 -1.00864 2.4294 6.13057 
-71 -6 -1 -356.911 -33.5592 -6.53076 6.68793 2.24587 0.590596 2.24587 3.98586 1.28148 0.590596 1.28148 1.73616 
-81 4 -1 -407.423 22.4706 -5.65765 0.475326 0.00127746 -0.373061 0.00127746 0.52067 0.730649 -0.373061 0.730649 49.7487 
-79 7 1 -397.255 37.9865 6.02348 0.846229 0.0149405 -0.209884 0.0149405 0.411746 -0.261611 -0.209884 -0.261611 0.814787 
-70 1 -1 -352.283 7.41874 -6.41651 0.478821 -0.0395083 0.098306 -0.0395083 0.470049 -0.325383 0.098306 -0.325383 25.5758 
-84 -1 0 -421.878 -7.41001 -2.63224 2.73126 -1.26311 -0.529818 -1.26311 1.01987 0.484182 -0.529818 0.484182 1.31919 
-70 -2 -1 -352.75 -12.6452 -7.17584 0.499867 -0.114813 1.34622 -0.114813 0.541188 -0.968442 1.34622 -0.968442 25.2793 
-74 6 1 -373.001 33.9832 5.87926 1.28244 -0.403684 1.13202 -0.403684 1.28799 -0.0766915 1.13202 -0.0766915 5.61469 
-71 -9 -1 -356.925 -47.1935 -7.62547 0.870149 -0.0380039 -1.05594 -0.0380039 0.394833 -0.106028 -1.05594 -0.106028 7.47283 
-70 -6 -1 -352.169 -32.2045 -6.85236 0.403821 -0.00120836 -0.116536 -0.00120836 0.476462 -0.36617 -0.116536 -0.36617 3.27837 
-83 -4 0 -416.703 -21.24 -2.46505 4.06067 0.663697 -1.85894 0.663697 3.74176 0.791602 -1.85894 0.791602 2.87586 
-71 -3 0 -356.865 -18.0248 -0.569222 1.06273 -0.112137 -0.278084 -0.112137 0.703349 0.160839 -0.278084 0.160839 0.327652 
-72 9 -1 -361.316 46.518 -5.0792 6.76295 -3.93538 52.0665 -3.93538 3.16827 -33.8746 52.0665 -33.8746 632.432 
-81 7 -1 -407.892 37.9527 -5.52016 0.559436 0.0805932 0.918559 0.0805932 0.758933 -2.92132 0.918559 -2.92132 46.6445 
-89 0 0 -447.333 3.11721 -3.97261 4.10685 0.870789 0.769458 0.870789 0.422403 -0.543407 0.769458 -0.543407 5.75942 
-73 -5 -1 -368.49 -27.2878 -6.24233 1.26047 -0.0582255 0.0753772 -0.0582255 0.542933 -0.154307 0.0753772 -0.154307 5.15399 
-71 -5 -1 -356.106 -26.3669 -6.47521 1.21984 -0.661453 -0.670147 -0.661453 1.20096 0.0115339 -0.670147 0.0115339 2.51469 
-82 4 -1 -412.543 22.5192 -5.59979 0.504192 0.0629687 2.23276 0.0629687 0.490865 1.64321 2.23276 1.64321 111.189 
-70 9 -1 -352.187 46.6779 -5.56144 0.509346 0.0866965 -3.21034 0.0866965 0.596303 -8.19056 -3.21034 -8.19056 428.101 
-72 -8 -1 -363.278 -42.2539 -7.08671 2.40966 -1.1777 1.72975 -1.1777 1.10278 -1.02147 1.72975 -1.02147 4.63121 
-77 7 -1 -387.419 37.2738 -5.41633 0.806784 0.261816 -7.20267 0.261816 0.727422 -7.57598 -7.20267 -7.57598 192.695 
-88 3 0 -442.362 16.5339 -4.19 0.746262 0.366135 -0.210075 0.366135 1.15882 0.405936 -0.210075 0.405936 1.49547 
-70 -3 -1 -352.182 -17.3184 -7.03344 0.434385 0.06168 -0.324853 0.06168 0.461954 0.395186 -0.324853 0.395186 3.23291 
-87 1 0 -438.33 7.36058 -4.80153 1.89572 -0.268859 -1.10366 -0.268859 0.764876 3.83208 -1.10366 3.83208 54.568 
-87 7 0 -437.729 37.3737 -0.0154909 0.435483 -0.0683697 -0.00894169 -0.0683697 0.708063 0.132816 -0.00894169 0.132816 0.149545 
-83 7 0 -417.712 37.6658 0.46086 0.570559 -0.338641 -0.0585436 -0.338641 0.808029 0.143098 -0.0585436 0.143098 0.168746 
-84 -4 0 -422.647 -21.1699 -1.7767 266.981 -20.9387 -15.8324 -20.9387 4.80106 0.969904 -15.8324 0.969904 3.40465 
-83 9 0 -417.608 46.9581 0.0375083 0.480294 0.0113882 0.0115727 0.0113882 0.731517 0.0188217 0.0115727 0.0188217 0.102646 
-81 9 1 -408.469 46.4227 7.85357 1.29193 0.536578 -0.24299 0.536578 2.26881 0.0686677 -0.24299 0.0686677 0.518475 
-75 4 -1 -377.535 22.4857 -6.19117 0.52238 -0.0249462 3.36166 -0.0249462 0.4903 -2.12464 3.36166 -2.12464 260.925 
-87 -3 0 -436.846 -18.1554 -3.80848 0.351331 -0.0495547 -0.167117 -0.0495547 1.93111 2.40404 -0.167117 2.40404 4.78555 
-77 9 1 -389.209 47.2107 7.58999 2.77577 -2.11907 -1.07256 -2.11907 4.30349 1.51999 -1.07256 1.51999 1.22099 
-71 -3 -1 -357.745 -17.6436 -7.19726 0.837556 -0.0631654 10.2905 -0.0631654 0.608487 -7.07083 10.2905 -7.07083 346.377 
-73 -3 0 -367.271 -17.059 1.28724 0.498345 -0.124754 0.0177527 -0.124754 0.61226 -0.0955095 0.0177527 -0.0955095 0.129239 
-81 2 0 -408.433 12.2831 -2.77599 1.79192 -1.0663 0.225912 -1.0663 1.0432 0.195844 0.225912 0.195844 0.695507 
-73 2 -1 -367.516 12.7564 -6.03303 0.503274 -0.0326834 1.03816 -0.0326834 0.580503 -1.93079 1.03816 -1.93079 35.5325 
-72 -2 -1 -363.011 -13.071 -6.24993 0.747569 0.0612968 0.583646 0.0612968 0.684613 0.186941 0.583646 0.186941 3.01071 
-70 -5 -1 -353.387 -27.2302 -6.83404 1.29077 0.102271 0.494702 0.102271 0.435172 -0.502304 0.494702 -0.502304 4.21319 
-79 1 -1 -397.488 7.47047 -5.28495 0.77861 0.463888 11.8908 0.463888 1.23543 18.9952 11.8908 18.9952 485.891 
-80 8 -1 -402.639 42.2289 -5.48844 0.56559 0.14082 -1.23672 0.14082 0.415514 -0.745081 -1.23672 -0.745081 24.4139 
-70 -4 -1 -353.552 -22.9743 -6.72095 1.45377 -0.655645 -0.435834 -0.655645 0.735041 0.708116 -0.435834 0.708116 3.72446 
-82 5 -1 -412.6 27.3122 -5.54564 0.523599 0.00515133 4.00954 0.00515133 0.505289 4.93097 4.00954 4.93097 420.202 
-82 -5 1 -414.591 -28.2659 6.81354 81.8168 -47.793 -21.7768 -47.793 36.2465 16.6723 -21.7768 16.6723 8.49197 
-87 -2 0 -437.078 -11.8664 -4.49682 0.360757 -0.252016 0.0454189 -0.252016 1.88041 4.06866 0.0454189 4.06866 11.7571 
-71 0 -1 -357.804 -0.633682 -6.13447 0.712672 -0.00588076 0.571229 -0.00588076 0.150397 0.151274 0.571229 0.151274 3.93185 
-76 0 -1 -382.315 0.92051 -5.37716 0.68008 0.252573 4.79666 0.252573 0.393046 5.81526 4.79666 5.81526 132.595 
-88 4 0 -443.962 21.6828 -3.83354 3.26863 1.56258 -0.660424 1.56258 3.18608 -1.27545 -0.660424 -1.27545 0.619492 
-85 5 -1 -427.579 27.4731 -5.30806 0.649465 0.14431 8.84252 0.14431 0.584232 6.66136 8.84252 6.66136 466.811 
-79 8 -1 -397.478 42.6508 -5.50625 0.510578 -0.111631 -1.18448 -0.111631 0.419686 0.00893477 -1.18448 0.00893477 37.7235 
-76 5 -1 -382.484 27.3848 -5.91719 0.482046 -0.0693377 1.88043 -0.0693377 1.06962 -16.6136 1.88043 -16.6136 437.854 
-79 9 -1 -397.776 47.07 -5.43595 0.505584 0.147231 -2.09367 0.147231 1.85567 -16.1935 -2.09367 -16.1935 223.007 
-83 0 0 -417.517 0.420779 -2.56363 0.700969 0.0163767 -0.314852 0.0163767 0.144167 -0.0336412 -0.314852 -0.0336412 0.618935 
-76 6 1 -382.162 34.0177 5.44497 14.9495 36.8789 34.0452 36.8789 92.344 85.2303 34.0452 85.2303 89.5853 
-74 9 1 -371.07 47.3618 7.51474 20.0169 -11.6427 -14.1873 -11.6427 8.23943 9.52864 -14.1873 9.52864 11.605 
-73 -2 1 -366.781 -13.8825 5.60767 0.531897 -1.37988 0.133958 -1.37988 7.46053 1.90812 0.133958 1.90812 8.22769 
-71 -1 -1 -357.749 -6.76287 -6.45963 0.824008 0.101251 0.798503 0.101251 0.728175 -1.01068 0.798503 -1.01068 5.63184 
-71 -2 0 -358.744 -11.0764 -2.79255 2.9889 -0.0379839 1.09356 -0.0379839 2.59209 0.517903 1.09356 0.517903 1.51438 
-73 4 -1 -367.496 22.5059 -6.32907 0.511571 -0.0467998 3.0597 -0.0467998 0.539184 -4.21067 3.0597 -4.21067 276.687 
-71 3 -1 -357.299 17.592 -6.44081 0.526532 0.000766308 1.21447 0.000766308 0.558644 0.558733 1.21447 0.558733 33.9216 
-71 -3 1 -357.312 -19.6134 6.12194 0.385032 -0.588681 0.305817 -0.588681 10.744 -3.45908 0.305817 -3.45908 3.08085 
-77 9 -1 -387.659 46.5778 -5.23948 0.596961 0.171128 -4.2969 0.171128 0.897344 -8.40883 -4.2969 -8.40883 216.364 
-78 9 1 -390.415 47.185 7.81718 47.1087 16.6482 16.1266 16.6482 7.28164 5.87497 16.1266 5.87497 6.2861 
-84 3 0 -422.53 16.04 -3.92436 0.665488 -0.950074 0.143856 -0.950074 7.26093 1.49843 0.143856 1.49843 1.3569 
-72 -1 -1 -361.844 -7.224 -6.13833 0.38432 -0.0293849 -0.0255652 -0.0293849 0.612771 -0.514485 -0.0255652 -0.514485 3.13994 
-80 -4 0 -403.454 -22.0447 -2.3867 0.7905 0.165112 -0.487143 0.165112 1.63751 0.754 -0.487143 0.754 2.35155 
-80 6 -1 -402.499 32.4542 -5.63906 0.491478 -0.0186538 3.00414 -0.0186538 0.421306 -0.633401 3.00414 -0.633401 416.59 
-76 6 -1 -382.406 32.4509 -5.55931 0.536609 0.445397 -5.2264 0.445397 4.08222 -40.9712 -5.2264 -40.9712 468.589 
-70 5 -1 -352.444 27.4372 -6.40788 0.500829 0.334595 -4.22865 0.334595 2.80529 -31.9384 -4.22865 -31.9384 440.977 
-86 8 0 -432.67 41.5875 -1.01049 0.667242 -0.150259 0.038187 -0.150259 0.471487 0.0515535 0.038187 0.0515535 0.117147 
-72 2 -1 -362.532 12.5749 -6.14888 0.524919 -0.0315348 1.15049 -0.0315348 0.538738 -1.67756 1.15049 -1.67756 49.2315 
-78 9 2 -392.179 47.3343 11.1621 52.5525 30.2061 32.2521 30.2061 18.7357 18.4059 32.2521 18.4059 20.9433 
-72 7 -1 -362.804 37.2074 -5.41615 3.50252 -2.77874 36.6959 -2.77874 3.00063 -33.7519 36.6959 -33.7519 449.47 
-74 0 0 -372.429 -0.220781 -0.426512 0.688242 -0.200864 -0.10532 -0.200864 0.332564 0.131278 -0.10532 0.131278 0.184922 
-74 2 -1 -372.523 12.597 -5.94754 0.550121 -0.026662 0.45156 -0.026662 0.530753 -1.71783 0.45156 -1.71783 35.6705 
-87 1 -1 -436.658 7.55949 -5.1144 1.11855 0.00298792 15.5055 0.00298792 0.499588 -0.938476 15.5055 -0.938476 489.461 
-75 2 -1 -377.402 12.5829 -5.86989 0.580457 -0.0423869 4.60676 -0.0423869 0.469793 -0.640149 4.60676 -0.640149 184.354 
-86 6 1 -432.469 33.6573 6.03305 0.657292 -0.368465 0.155087 -0.368465 2.04654 -0.366583 0.155087 -0.366583 2.09665 
-89 4 -1 -446.504 24.0982 -5.0215 1.63109 1.33196 15.6478 1.33196 4.02367 26.4925 15.6478 26.4925 1020 
-72 6 0 -362.049 31.0873 -3.03901 4.86372 0.0281232 0.917096 0.0281232 5.56249 -0.00508523 0.917096 -0.00508523 2.3087 
-81 0 -1 -407.228 4.05729 -5.01829 1.11369 -0.496642 4.89778 -0.496642 2.81094 11.078 4.89778 11.078 911.837 
-80 -5 0 -401.145 -27.1591 -1.86018 543.837 -18.5549 -82.93 -18.5549 1.19146 2.87869 -82.93 2.87869 35.2367 
-81 6 -1 -407.398 32.2544 -5.61537 0.473229 -0.0414722 0.769199 -0.0414722 0.473301 0.605275 0.769199 0.605275 429.588 
-74 -1 -1 -373.297 -7.52379 -5.93196 0.496846 -0.171326 0.591717 -0.171326 0.471028 -0.335559 0.591717 -0.335559 4.7707 
-79 0 -1 -396.991 3.05982 -5.10439 1.11662 0.813698 13.0203 0.813698 1.62964 20.5396 13.0203 20.5396 501.816 
-75 7 0 -377.27 36.9259 -1.40927 0.547103 -0.129717 -0.0767345 -0.129717 0.584103 0.0974089 -0.0767345 0.0974089 0.172346 
-71 -5 1 -358.37 -26.4413 6.13201 1.07017 -0.803981 0.907326 -0.803981 1.71201 -0.81626 0.907326 -0.81626 5.07641 
-71 5 -1 -357.456 27.4484 -6.38441 0.496838 -0.00561611 0.0905134 -0.00561611 0.586693 -1.21626 0.0905134 -1.21626 20.9387 
-74 0 1 -372.055 -1.58119 5.76456 1.95927 -0.799585 -0.682635 -0.799585 1.91555 0.618181 -0.682635 0.618181 4.21577 
-73 3 -1 -367.363 17.4193 -6.0896 0.541183 0.0319188 -0.947658 0.0319188 0.627552 0.298816 -0.947658 0.298816 11.7368 
-73 -3 1 -369.033 -16.1104 5.97076 2.98537 -1.35857 2.55657 -1.35857 2.76261 -1.89872 2.55657 -1.89872 4.53887 
-71 7 -1 -357.369 37.4268 -5.74786 1.24675 -0.703235 13.1304 -0.703235 1.09635 -11.816 13.1304 -11.816 216.723 
-78 5 -1 -392.519 27.5097 -5.81521 0.624439 -0.206811 7.86159 -0.206811 0.771347 -10.7941 7.86159 -10.7941 393.756 
-82 -6 0 -410.996 -32.6055 -1.02973 2.53561 1.90977 -1.20229 1.90977 4.00509 -0.970026 -1.20229 -0.970026 0.804963 
-77 4 -1 -387.69 22.5239 -6.01722 0.527731 -0.00585355 1.85412 -0.00585355 0.479018 0.562842 1.85412 0.562842 46.8614 
-81 3 -1 -407.479 17.4535 -5.54212 0.534258 0.16967 2.2821 0.16967 1.15793 9.25348 2.2821 9.25348 132.676 
-74 4 -1 -372.503 22.5053 -6.26525 0.550208 -0.0342958 4.62699 -0.0342958 0.492237 -2.36516 4.62699 -2.36516 324.344 
-75 9 0 -378.847 48.3194 -0.925203 0.733067 0.173558 0.0816024 0.173558 1.18762 -0.0711468 0.0816024 -0.0711468 0.138485 
-82 2 -1 -412.499 12.5037 -5.18475 0.589646 0.319737 7.1627 0.319737 1.43903 21.4312 7.1627 21.4312 481.673 
-72 3 -1 -362.513 17.7387 -5.98072 0.547041 -0.0506031 0.217595 -0.0506031 0.681988 -0.358341 0.217595 -0.358341 5.27755 
-89 1 0 -447.397 9.04979 -3.43136 0.481379 -0.0148585 -0.0124493 -0.0148585 0.377277 -0.164677 -0.0124493 -0.164677 1.54874 
-83 5 -1 -417.496 27.3611 -5.49839 0.573582 0.248662 6.77122 0.248662 0.805415 10.496 6.77122 10.496 414.731 
-83 -5 1 -417.624 -27.5088 6.79193 0.897652 0.0918425 0.187429 0.0918425 0.953285 0.244098 0.187429 0.244098 0.723336 
-77 6 -1 -387.485 32.4645 -5.65024 0.531176 0.161814 -3.47923 0.161814 1.59275 -21.9349 -3.47923 -21.9349 409.894 
-75 6 -1 -377.566 32.5263 -5.51342 0.471054 -0.183601 1.52948 -0.183601 7.14075 -55.3104 1.52948 -55.3104 458.944 
-75 5 -1 -377.468 27.3769 -5.94716 0.577194 -0.274368 5.19651 -0.274368 1.7604 -24.4859 5.19651 -24.4859 463.113 
-74 -5 -1 -373.406 -27.0968 -5.87203 0.425587 -0.23022 1.02258 -0.23022 0.69139 -0.913105 1.02258 -0.913105 8.74115 
-88 8 0 -442.569 42.3649 -0.362473 0.914372 -0.0328867 0.0206954 -0.0328867 0.760808 0.134778 0.0206954 0.134778 0.134996 
-72 6 -1 -362.527 32.2539 -5.84193 0.738994 -0.393641 6.23636 -0.393641 1.26336 -10.5742 6.23636 -10.5742 147.342 
-84 6 -1 -422.345 32.2621 -5.5214 0.822574 0.302991 10.6383 0.302991 0.78854 12.4064 10.6383 12.4064 417.466 
-72 5 -1 -362.545 27.5467 -6.16905 0.501322 0.00529584 1.54428 0.00529584 0.479081 -0.835144 1.54428 -0.835144 63.0114 
-71 6 -1 -357.401 32.4853 -6.02101 0.463312 -0.0443268 0.277443 -0.0443268 0.630571 -2.47677 0.277443 -2.47677 41.1365 
-82 9 1 -410.505 46.4074 7.87762 67.6079 -1.03003 -21.6749 -1.03003 8.35943 4.40307 -21.6749 4.40307 9.20842 
-73 -6 0 -367.246 -31.5917 -0.670913 0.970173 -0.133167 -0.0426827 -0.133167 0.65485 -0.0649309 -0.0426827 -0.0649309 0.143834 
-70 6 -1 -352.556 32.2012 -6.05394 0.388341 -0.0183544 0.557252 -0.0183544 0.539147 -1.69613 0.557252 -1.69613 27.2916 
-78 7 1 -391.693 37.5771 6.46608 0.970287 0.44544 -0.18773 0.44544 0.941182 -0.332083 -0.18773 -0.332083 1.24496 
-76 3 -1 -382.537 17.4729 -6.01657 0.593808 0.394485 7.12846 0.394485 2.00487 27.017 7.12846 27.017 487.939 
-73 -9 0 -368.762 -46.2782 2.6796 17.3693 -3.33 18.597 -3.33 1.32005 -3.27828 18.597 -3.27828 20.9145 
-74 6 -1 -372.49 32.7081 -5.56666 0.880472 -1.61274 13.5034 -1.61274 6.3856 -50.3706 13.5034 -50.3706 431.768 
-85 9 0 -426.909 47.464 -1.36813 1.16747 -0.262217 0.0382423 -0.262217 0.482702 -0.0508283 0.0382423 -0.0508283 0.0993429 
-76 1 -1 -382.672 7.55812 -5.5881 1.74825 0.741862 23.8673 0.741862 0.883657 13.2748 23.8673 13.2748 441.494 
-72 1 0 -364.355 5.68642 -0.88372 6.15109 2.4675 0.248589 2.4675 5.45989 -0.212446 0.248589 -0.212446 0.287371 
-72 -3 -1 -362.486 -16.8667 -6.57887 1.08776 0.00830052 1.88956 0.00830052 0.753348 -0.708935 1.88956 -0.708935 7.44177 
-89 -1 0 -447.76 -7.73824 -4.43307 0.785551 -0.0358814 4.3847 -0.0358814 0.521269 -1.03686 4.3847 -1.03686 61.9126 
-73 1 -1 -367.7 7.49228 -6.06073 0.586948 0.0547351 2.2032 0.0547351 0.477383 0.736107 2.2032 0.736107 35.3692 
-73 -1 1 -366.152 -6.05016 5.59917 7.39267 -8.09065 1.72181 -8.09065 10.5552 -4.3529 1.72181 -4.3529 11.8823 
-70 1 0 -351.284 6.62618 -3.49653 36.1751 -30.2876 -0.971742 -30.2876 98.2334 0.948168 -0.971742 0.948168 2.54941 
-75 1 -1 -377.502 7.51139 -5.79778 0.954684 0.183052 15.075 0.183052 0.548638 5.70502 15.075 5.70502 473.158 
-78 3 -1 -392.399 17.5939 -5.88432 0.537342 0.0582004 1.41414 0.0582004 0.644746 2.88791 1.41414 2.88791 66.2478 
-77 1 -1 -387.39 7.87977 -5.32755 0.589318 0.150815 2.68462 0.150815 0.553201 1.97697 2.68462 1.97697 86.3582 
-89 5 0 -447.636 27.1375 -4.91251 0.621385 0.348059 7.56719 0.348059 1.1294 15.2545 7.56719 15.2545 443.596 
-78 1 -1 -392.41 7.65437 -5.33105 0.509069 -0.230638 -2.96409 -0.230638 1.72088 17.2946 -2.96409 17.2946 237.959 
-84 6 0 -421.78 33.0551 2.72923 0.581884 0.23143 -0.0134125 0.23143 0.589766 0.167746 -0.0134125 0.167746 0.611759 
-76 2 -1 -382.688 12.4785 -5.68713 1.02084 0.207764 8.41984 0.207764 0.602199 3.39585 8.41984 3.39585 128.901 
-89 7 -1 -447.219 37.8586 -5.34277 0.954421 0.3795 -10.401 0.3795 0.838985 -2.59813 -10.401 -2.59813 299.632 
-81 8 0 -407.822 41.9075 -1.93754 1.00879 -0.270343 0.196293 -0.270343 0.417124 -0.0815075 0.196293 -0.0815075 0.197011 
-80 2 -1 -402.43 12.6166 -5.4016 0.645508 0.318065 8.39579 0.318065 1.19326 18.082 8.39579 18.082 446.128 
-76 7 -1 -382.521 37.1766 -5.2048 0.557466 0.0386929 -4.29651 0.0386929 0.472085 -2.99245 -4.29651 -2.99245 176.561 
-70 2 -1 -352.658 12.3915 -6.50344 0.620008 0.0522933 1.73969 0.0522933 0.502068 0.861289 1.73969 0.861289 32.3561 
-89 6 -1 -447.57 32.1414 -5.12674 0.5987 0.329983 6.54655 0.329983 1.51184 21.2337 6.54655 21.2337 410.653 
-77 7 1 -387.189 38.0512 6.68278 0.679006 -0.283053 -0.108343 -0.283053 0.646389 0.00372213 -0.108343 0.00372213 0.641196 
-73 7 -1 -367.191 36.5205 -5.2159 1.21936 -2.00611 14.2536 -2.00611 5.93826 -39.8897 14.2536 -39.8897 315.255 
-84 5 -1 -422.395 27.5639 -5.40956 0.614094 0.137276 7.91596 0.137276 0.689432 9.68138 7.91596 9.68138 416.886 
-84 -5 1 -421.202 -27.5041 6.51445 2.1511 0.575018 0.249643 0.575018 1.79103 0.770891 0.249643 0.770891 0.992211 
-83 3 -1 -417.413 17.6443 -5.37595 0.798194 0.811919 11.5669 0.811919 2.92842 33.7872 11.5669 33.7872 467.673 
-79 6 -1 -397.484 32.2644 -5.6769 0.505802 -0.0205873 4.06932 -0.0205873 0.507854 -1.75942 4.06932 -1.75942 469.563 
-85 2 -1 -427.471 12.6745 -5.08325 0.424239 -0.0387322 -3.01905 -0.0387322 0.469548 1.65434 -3.01905 1.65434 391.421 
-82 3 -1 -412.522 17.5372 -5.46235 0.512055 0.218658 3.30022 0.218658 1.67623 16.982 3.30022 16.982 245.421 
-79 4 -1 -397.444 22.43 -5.80435 0.483957 0.00608036 0.343384 0.00608036 0.547437 0.944417 0.343384 0.944417 28.3925 
-78 7 -1 -392.433 37.6036 -5.48104 0.550663 0.0741016 -1.27496 0.0741016 0.509382 -1.84799 -1.27496 -1.84799 43.0447 
-73 9 0 -367.673 47.5625 -1.54757 0.575743 0.0899963 -0.0278051 0.0899963 0.574263 -0.00482514 -0.0278051 -0.00482514 0.140171 
-74 -3 -1 -373.399 -17.3038 -5.94223 0.507284 -0.145305 0.791151 -0.145305 0.488012 -0.253562 0.791151 -0.253562 5.11997 
-72 1 -1 -362.442 7.57056 -6.23855 0.510688 -0.0538483 2.98862 -0.0538483 0.80646 -12.2017 2.98862 -12.2017 461.591 
-86 -1 0 -432.63 -7.01869 -4.86769 0.513425 0.00681896 -2.07982 0.00681896 0.828011 0.116327 -2.07982 0.116327 44.1217 
-74 1 -1 -372.394 7.6595 -5.95522 0.602179 -0.071868 5.82379 -0.071868 0.443578 -0.919128 5.82379 -0.919128 281.289 
-81 5 -1 -407.447 27.4557 -5.60804 0.517239 0.0584048 2.79073 0.0584048 0.600142 6.41905 2.79073 6.41905 318.031 
-81 -5 1 -407.762 -28.5171 6.31651 1.80459 -0.148247 0.0434819 -0.148247 2.68329 0.0852982 0.0434819 0.0852982 1.39932 
-74 5 -1 -372.352 27.3963 -5.99551 0.469799 -0.0177375 0.968361 -0.0177375 1.94103 -25.2004 0.968361 -25.2004 446.773 
-88 -1 0 -442.279 -7.14742 -4.77671 1.21791 0.310505 11.5165 0.310505 0.793862 8.01169 11.5165 8.01169 191.65 
-74 6 0 -372.855 33.6818 1.87649 0.643786 -0.328553 -0.0147993 -0.328553 1.34782 0.221677 -0.0147993 0.221677 0.322183 
-71 -1 0 -358.51 -6.82036 -2.40822 1.28343 -0.174856 0.324037 -0.174856 0.4675 -0.13857 0.324037 -0.13857 0.464549 
-82 -5 0 -412.518 -27.5262 -2.64799 0.488754 0.140572 -0.0456466 0.140572 1.26523 -0.597308 -0.0456466 -0.597308 1.78235 
-86 0 0 -431.172 -3.04318 -4.53925 0.880023 -0.140705 -1.5853 -0.140705 1.01011 -1.21532 -1.5853 -1.21532 10.4374 
-81 2 -1 -407.503 12.4984 -5.28582 0.709418 0.440186 10.5148 0.440186 1.3068 19.8135 10.5148 19.8135 474.984 
-75 8 0 -376.935 42.5001 -2.31611 0.788705 0.3372 -0.0979567 0.3372 0.56266 -0.134315 -0.0979567 -0.134315 0.195415 
-83 -1 0 -417.644 -7.39532 -2.30271 0.829091 0.100224 -0.15145 0.100224 0.466747 -0.102304 -0.15145 -0.102304 0.360316 
-79 4 0 -396.711 21.9809 -4.86668 1.15991 0.50438 -1.84738 0.50438 7.81837 -8.92175 -1.84738 -8.92175 99.5771 
-74 9 0 -372.476 46.5973 -0.25294 0.455506 -0.0442825 -0.0100001 -0.0442825 0.544036 0.0584025 -0.0100001 0.0584025 0.143911 
-76 9 2 -383.135 47.3478 10.5743 0.892012 -0.980853 0.427081 -0.980853 1.76217 -0.284216 0.427081 -0.284216 2.80562 
-80 0 -1 -402.491 4.94158 -5.07214 0.599217 7.1404 4.44015 7.1404 437.215 -0.0725947 4.44015 -0.0725947 437.287 
-74 -1 0 -372.574 -7.66248 -1.28774 0.408537 -0.00415288 -0.100715 -0.00415288 0.414094 0.155474 -0.100715 0.155474 0.281461 
-87 8 2 -437.389 42.7236 11.1877 2.9397 -2.89281 1.29819 -2.89281 3.20697 -1.12927 1.29819 -1.12927 1.48757 
-88 0 0 -442.146 1.52918 -4.27359 1.24088 -0.103361 0.043328 -0.103361 0.136044 -0.501765 0.043328 -0.501765 3.96878 
-79 0 0 -397.207 1.08813 -0.636843 0.535332 0.0361653 -0.145442 0.0361653 0.199103 -0.0886736 -0.145442 -0.0886736 0.219174 
-87 0 -1 -436.923 1.16645 -5.09231 0.630163 -0.099105 -0.0226442 -0.099105 0.257278 2.90533 -0.0226442 2.90533 190.736 
-76 0 0 -383.251 1.0984 -0.0925664 0.789843 0.0593235 0.0315671 0.0593235 0.172417 -0.0510854 0.0315671 -0.0510854 0.181437 
-73 -5 0 -368.354 -27.7951 0.435598 1.46023 0.438262 0.23845 0.438262 0.551775 0.0661871 0.23845 0.0661871 0.157639 
-89 3 0 -447.646 17.0695 -4.59279 0.526416 -0.00341998 -0.411524 -0.00341998 0.631469 0.680988 -0.411524 0.680988 7.01039 
-88 6 0 -441.958 33.6404 3.36869 0.504721 0.193975 0.229933 0.193975 1.54483 0.246023 0.229933 0.246023 1.07129 
-75 0 0 -377.675 -0.0632816 -2.37315 0.617229 0.0872237 0.0266385 0.0872237 0.173065 -0.0193991 0.0266385 -0.0193991 0.614705 
-73 0 0 -367.277 1.14798 0.0194858 0.568778 -0.0653346 -0.0719358 -0.0653346 0.150142 0.041956 -0.0719358 0.041956 0.157415 
-71 0 0 -358.138 -1.03754 -1.31474 0.832601 0.0695598 0.14595 0.0695598 0.253712 0.0229958 0.14595 0.0229958 0.225742 
-79 0 1 -395.844 1.89955 5.31297 2.32812 0.249901 -0.460907 0.249901 0.560813 0.436396 -0.460907 0.436396 16.4903 
-85 2 0 -427.977 13.2437 -4.02193 0.557571 -0.0644037 0.366739 -0.0644037 0.643578 -0.314465 0.366739 -0.314465 2.33899 
-83 4 -1 -417.451 22.5232 -5.51094 0.732216 0.199379 9.56554 0.199379 0.587496 7.75095 9.56554 7.75095 439.24 
-78 0 0 -392.391 0.939064 0.0584877 0.47994 -0.0219397 0.0454347 -0.0219397 0.142359 -0.0632756 0.0454347 -0.0632756 0.165624 
-78 9 0 -390.813 47.9409 -0.346669 0.570198 0.3454 -0.0559039 0.3454 1.26751 -0.00698676 -0.0559039 -0.00698676 0.131552 
-86 3 -1 -432.505 17.4978 -5.21726 0.611754 0.0141153 7.77922 0.0141153 0.479003 1.01874 7.77922 1.01874 475.916 
-77 0 0 -387.462 0.940146 0.377835 0.445949 -0.00186732 -0.0148709 -0.00186732 0.144701 -0.041882 -0.0148709 -0.041882 0.183171 
-84 0 0 -422.523 0.709425 -2.57267 0.424207 -0.00437339 0.000484125 -0.00437339 0.141134 0.0410612 0.000484125 0.0410612 0.582014 
-72 -4 0 -361.721 -22.8929 0.92842 0.639091 -0.12509 0.120897 -0.12509 0.574051 -0.141243 0.120897 -0.141243 0.215954 
-71 -4 -1 -357.761 -23.1207 -6.59074 0.679891 0.473397 0.452224 0.473397 1.30442 1.06143 0.452224 1.06143 2.66688 
-80 0 0 -402.374 0.829739 -1.75355 0.564779 -0.0545199 -0.0656956 -0.0545199 0.176323 0.0144812 -0.0656956 0.0144812 0.443126 
-88 1 0 -442.64 8.66646 -3.17506 0.729977 -0.0772239 0.206571 -0.0772239 0.516576 -0.221781 0.206571 -0.221781 0.584545 
-84 1 0 -423.039 7.49511 -3.11716 0.887515 -0.275213 0.00114509 -0.275213 0.563042 -0.0261819 0.00114509 -0.0261819 0.653598 
-83 1 0 -417.22 7.72762 -1.42851 0.582377 0.0136312 -0.167353 0.0136312 0.576005 -0.00644353 -0.167353 -0.00644353 0.376571 
-72 -4 -1 -361.591 -22.1686 -7.01213 5.70212 -0.653492 46.5561 -0.653492 0.969031 -13.1097 46.5561 -13.1097 627.083 
-82 1 0 -412.293 7.70072 -0.827724 0.526424 0.0179537 -0.0288423 0.0179537 0.545796 0.0103028 -0.0288423 0.0103028 0.270879 
-87 8 -1 -439.487 40.6779 -5.05787 279.637 -17.5209 -849.71 -17.5209 15.2455 -123.93 -849.71 -123.93 7803.44 
-81 1 0 -409.192 7.63789 -1.62099 1.91539 0.0854124 0.186619 0.0854124 0.525289 -0.10599 0.186619 -0.10599 0.485705 
-72 9 0 -362.753 47.2092 -1.42108 0.641052 -0.0221097 -0.0291303 -0.0221097 0.51789 0.0627135 -0.0291303 0.0627135 0.116581 
-74 1 0 -370.4 5.17581 -3.89853 14.0805 -13.6973 -2.31675 -13.6973 53.6045 3.93022 -2.31675 3.93022 1.83338 
-85 1 0 -428.007 8.01367 -4.43972 0.486925 -0.369586 -0.0275572 -0.369586 1.66622 0.0423711 -0.0275572 0.0423711 6.69864 
-76 1 0 -383.786 5.6072 -1.55826 2.38435 -0.774342 0.391036 -0.774342 7.55237 0.103032 0.391036 0.103032 0.964063 
-77 1 0 -387.922 6.0769 0.506422 0.711513 0.269422 0.157738 0.269422 1.33366 0.13423 0.157738 0.13423 0.353063 
-74 3 -1 -372.498 17.474 -6.15455 0.484063 0.00412394 0.620874 0.00412394 0.613569 2.64194 0.620874 2.64194 49.6369 
-74 -3 1 -370.844 -15.9179 6.18977 4.50514 1.61017 -2.2553 1.61017 1.77307 -0.972117 -2.2553 -0.972117 2.81712 
-75 2 0 -377.352 14.2458 -3.3562 14.2616 1.67021 -0.16 1.67021 14.4428 2.92109 -0.16 2.92109 1.46208 
-79 3 -1 -397.505 17.5166 -5.77086 0.743339 0.605559 10.6888 0.605559 1.97205 26.4113 10.6888 26.4113 463.59 
-88 2 0 -442.525 12.0707 -2.56485 0.594296 0.0178365 0.107546 0.0178365 0.744095 0.244738 0.107546 0.244738 0.556542 
-87 2 0 -437.942 13.2855 -4.10591 1.04169 0.110197 -0.358608 0.110197 0.56306 -0.366509 -0.358608 -0.366509 1.75496 
-84 2 0 -422.253 12.9226 -3.37416 0.55989 -0.0109727 0.0105428 -0.0109727 0.541352 0.0686973 0.0105428 0.0686973 0.717431 
-88 4 -1 -442.133 22.9765 -5.06668 0.728575 0.391042 8.45759 0.391042 0.929053 12.4255 8.45759 12.4255 418.391 
-83 2 0 -417.973 11.7378 -2.68549 0.641319 0.140551 -0.161632 0.140551 0.679232 0.261841 -0.161632 0.261841 0.551819 
-89 2 0 -446.449 12.4926 -3.34931 0.78932 0.0153444 -0.515263 0.0153444 0.788875 0.503324 -0.515263 0.503324 1.76249 
-85 3 0 -427.687 16.0326 -4.4635 0.443925 -0.439894 0.0192497 -0.439894 4.43875 -2.22713 0.0192497 -2.22713 6.35867 
-87 9 1 -436.158 45.6946 7.40814 2.97554 0.166774 -0.303253 0.166774 0.932058 -0.329512 -0.303253 -0.329512 0.606664 
-86 2 0 -430.245 12.5662 -3.91101 26.1152 -0.774434 -2.20132 -0.774434 1.23838 0.634203 -2.20132 0.634203 2.5035 
-76 7 1 -382.468 37.4715 6.04784 0.401152 -0.202038 0.0956202 -0.202038 0.788753 -0.0132345 0.0956202 -0.0132345 1.01947 
-78 2 0 -392.583 14.2653 -3.58988 2.32753 -1.22345 0.149191 -1.22345 19.8897 -4.31978 0.149191 -4.31978 1.94764 
-72 2 0 -362.129 13.8169 -3.27904 66.5204 23.8166 -2.34993 23.8166 553.261 1.88228 -2.34993 1.88228 1.29198 
-80 2 0 -403.256 14.4456 -4.33121 0.896541 -1.29202 -0.879165 -1.29202 16.4908 2.57353 -0.879165 2.57353 9.07706 
-70 -3 0 -354.168 -19.5306 1.75881 8.28382 3.76461 -1.48423 3.76461 6.82721 -1.447 -1.48423 -1.447 0.666341 
-73 2 0 -367.7 14.4231 -4.65046 1.49 11.7127 -8.32517 11.7127 162.484 -95.0751 -8.32517 -95.0751 103.305 
-80 3 0 -403.105 16.1591 -4.60335 9.47997 10.4403 -8.40087 10.4403 13.0973 -10.0725 -8.40087 -10.0725 21.199 
-72 3 0 -363.073 18.5225 -4.82097 0.4967 -0.361005 -1.39069 -0.361005 7.74264 30.7624 -1.39069 30.7624 268.833 
-78 1 0 -392.669 6.20347 1.49518 0.523857 0.151417 0.107964 0.151417 1.31894 -0.00182124 0.107964 -0.00182124 0.255805 
-89 4 0 -448.126 22.4077 -4.92749 0.882859 0.370719 12.5703 0.370719 0.876629 12.3124 12.5703 12.3124 508.272 
-75 8 1 -375.714 42.5879 7.03592 1.93165 -0.215484 -0.373417 -0.215484 0.541497 -0.0594302 -0.373417 -0.0594302 0.855203 
-82 4 0 -412.709 21.6901 -4.75494 10.9541 18.0464 3.55535 18.0464 30.258 3.65108 3.55535 3.65108 129.749 
-73 8 1 -368.223 43.005 7.11485 1.14425 -0.0143483 -0.561417 -0.0143483 0.72484 0.155894 -0.561417 0.155894 1.56152 
-88 5 0 -443.541 26.4326 -3.23022 1.03195 -0.130725 0.0695365 -0.130725 1.80348 -0.0361575 0.0695365 -0.0361575 0.141032 
-72 5 0 -360.37 25.1593 -3.45476 153.513 -3.7456 8.77083 -3.7456 883.029 9.78393 8.77083 9.78393 1.8883 
-81 5 0 -405.854 26.062 -1.88737 92.1798 14.6703 -0.071203 14.6703 21.3662 1.04895 -0.071203 1.04895 0.254661 
-84 -5 0 -421.569 -27.3113 1.82869 0.954013 -0.149964 -0.0602281 -0.149964 0.858071 -0.139535 -0.0602281 -0.139535 0.256101 
-82 3 0 -412.16 16.0245 -4.25299 0.653242 -0.132328 0.385038 -0.132328 1.17664 0.739137 0.385038 0.739137 7.57616 
-89 6 0 -445.891 34.0056 2.83474 4.1724 -0.493733 -1.46846 -0.493733 6.19352 -2.79125 -1.46846 -2.79125 2.22594 
-70 6 0 -354.14 32.9246 -4.76833 11.1651 -3.30572 10.4489 -3.30572 2.2106 7.38555 10.4489 7.38555 146.529 
-87 6 0 -437.441 33.7645 2.66008 0.428992 0.0485057 -0.0418457 0.0485057 1.4739 0.321142 -0.0418457 0.321142 0.359659 
-70 7 0 -351.966 37.7381 -4.83588 3.9304 -1.23802 -16.3065 -1.23802 0.769971 0.946011 -16.3065 0.946011 183.661 
-84 7 0 -422.579 37.2551 0.229306 0.352618 0.0741704 -0.0449221 0.0741704 0.721554 0.0475747 -0.0449221 0.0475747 0.151262 
-73 -1 -1 -367.707 -6.82439 -6.11703 0.469911 0.00853875 0.164361 0.00853875 0.551412 -0.373 0.164361 -0.373 5.30829 
-70 -1 0 -352.768 -8.51466 -3.55513 427.742 -88.4795 -11.6334 -88.4795 350.082 -47.2624 -11.6334 -47.2624 47.3821 
-85 0 0 -427.867 -1.54636 -4.28269 0.495891 -0.0238307 0.11261 -0.0238307 0.758729 0.322143 0.11261 0.322143 3.53903 
-88 7 0 -442.82 37.8876 -0.322719 0.539078 -0.0627424 -0.0235266 -0.0627424 0.654801 0.0974185 -0.0235266 0.0974185 0.156571 
-84 5 0 -420.505 29.5425 2.90953 40.2836 -2.40038 32.3634 -2.40038 28.5198 30.3689 32.3634 30.3689 115.003 
-73 1 0 -366.681 5.46801 -0.778987 0.858649 -0.639079 -0.22199 -0.639079 9.48613 0.0174955 -0.22199 0.0174955 0.22632 
-76 7 0 -381.994 37.2602 -0.757144 0.529883 -0.0978532 -0.0585052 -0.0978532 0.435376 -0.00916085 -0.0585052 -0.00916085 0.13378 
-89 9 1 -447.322 46.1871 9.35199 5.27884 -5.67772 -0.45163 -5.67772 8.50522 2.42808 -0.45163 2.42808 11.9087 
-86 7 0 -432.811 37.6801 -0.0354023 0.46807 -0.00771949 -0.00061237 -0.00771949 0.601423 0.0359111 -0.00061237 0.0359111 0.136509 
-78 8 2 -394.152 43.1307 11.0033 83.1049 107.553 67.0124 107.553 142.99 88.4383 67.0124 88.4383 56.0557 
-83 6 -1 -417.639 32.4281 -5.62909 0.538848 0.135023 4.79528 0.135023 0.749332 11.77 4.79528 11.77 413.752 
-80 7 0 -401.951 37.7138 -2.12267 0.984036 0.210066 0.0524482 0.210066 1.21657 -0.491606 0.0524482 -0.491606 0.52593 
-85 7 0 -427.739 37.6134 -0.556788 0.492636 -0.136681 -0.0655731 -0.136681 0.85606 0.127596 -0.0655731 0.127596 0.161433 
-78 7 0 -392.175 37.3248 -1.06364 0.451108 0.13822 0.0434214 0.13822 0.895913 0.164638 0.0434214 0.164638 0.255297 
-77 7 0 -386.825 37.8854 0.876076 0.901901 -0.109086 0.11585 -0.109086 0.407716 0.00589077 0.11585 0.00589077 0.169843 
-77 8 0 -386.828 40.9688 -1.88792 1.05779 0.493587 -0.043186 0.493587 0.735965 0.0174283 -0.043186 0.0174283 0.227313 
-74 7 0 -372.472 37.6126 -0.28338 0.481798 -0.0862352 0.00521911 -0.0862352 0.675337 0.129079 0.00521911 0.129079 0.144436 
-71 7 0 -358.175 36.9718 -2.91241 4.79191 -1.24053 -0.58356 -1.24053 9.38526 -0.124522 -0.58356 -0.124522 1.42796 
-84 -6 0 -422.7 -32.7986 1.99254 1.26033 1.21841 0.787056 1.21841 2.4801 1.18908 0.787056 1.18908 0.794399 
-82 7 0 -412.174 38.3709 -0.367799 0.36905 0.282312 0.0793651 0.282312 1.048 0.0348766 0.0793651 0.0348766 0.176098 
-78 2 -1 -392.522 12.4427 -5.57674 0.554884 0.0948206 2.34046 0.0948206 0.625853 4.52666 2.34046 4.52666 118.284 
-78 1 1 -391.993 5.82378 5.63901 0.901157 -0.0581436 0.123956 -0.0581436 3.69889 -0.985499 0.123956 -0.985499 5.09305 
-87 8 0 -437.352 42.2342 -0.811007 0.592895 -0.121672 -0.037177 -0.121672 0.544829 0.0524499 -0.037177 0.0524499 0.1272 
-85 8 0 -428.244 42.27 -0.598633 0.652241 0.148262 0.0114244 0.148262 0.551262 0.0582971 0.0114244 0.0582971 0.120479 
-83 8 0 -417.231 43.4233 -0.305558 0.451449 0.104049 0.0393539 0.104049 0.662555 -0.0397724 0.0393539 -0.0397724 0.149663 
-77 -1 0 -386.81 -7.22045 -3.54743 0.226987 -0.0761982 -0.00727979 -0.0761982 1.25035 3.50358 -0.00727979 3.50358 17.7398 
-82 8 0 -412.42 42.6913 -0.594041 0.708018 -0.121687 0.140825 -0.121687 0.453378 -0.064416 0.140825 -0.064416 0.188088 
-74 -6 -1 -372.874 -31.8908 -5.88691 0.337904 0.337362 -0.0458808 0.337362 1.45913 0.133523 -0.0458808 0.133523 5.36321 
-76 8 0 -382.897 41.0401 -3.24754 0.762702 0.728671 0.465165 0.728671 1.70424 0.749862 0.465165 0.749862 0.926165 
-70 0 -1 -352.475 0.125124 -6.66785 0.456659 0.0297783 -0.538204 0.0297783 0.136631 -0.944654 -0.538204 -0.944654 34.3109 
-74 8 0 -372.001 42.2715 -0.882872 0.583531 0.0408047 0.0044315 0.0408047 0.443852 -0.0303512 0.0044315 -0.0303512 0.110939 
-73 8 0 -368.052 41.9505 -2.37025 0.550706 -0.0987184 0.0620541 -0.0987184 0.50395 -0.00545335 0.0620541 -0.00545335 0.142628 
-83 6 0 -418.517 33.2042 2.59188 1.19346 -0.278938 -0.0411995 -0.278938 0.60909 0.136663 -0.0411995 0.136663 0.565116 
-86 3 0 -432.732 16.0044 -4.2334 0.388412 -0.258761 0.171753 -0.258761 5.28567 0.352216 0.171753 0.352216 4.59266 
-72 8 0 -363.167 42.9935 -0.990498 0.78412 0.0765769 -0.0778036 0.0765769 0.67887 0.0209596 -0.0778036 0.0209596 0.230665 
-84 8 0 -423.454 41.8176 -0.177064 0.686029 0.00701234 0.0655903 0.00701234 0.421673 0.0830556 0.0655903 0.0830556 0.204013 
-78 8 0 -392.801 43.0073 -1.16876 0.676858 -0.121369 0.0161341 -0.121369 0.771711 0.107384 0.0161341 0.107384 0.219522 
-82 2 0 -412.384 10.8706 -1.72696 0.567894 0.0317747 -0.0302035 0.0317747 2.32211 0.463397 -0.0302035 0.463397 0.37171 
-70 7 -1 -352.735 37.0484 -5.94954 0.464269 0.0246584 -0.054878 0.0246584 0.579715 -2.75688 -0.054878 -2.75688 81.5204 
-79 8 0 -397.555 41.9434 -1.65987 0.440789 0.0231491 0.0606435 0.0231491 1.1545 0.182156 0.0606435 0.182156 0.249977 
-89 8 0 -448.599 42.939 0.226357 0.844533 0.118506 -0.0301606 0.118506 0.512573 0.0494282 -0.0301606 0.0494282 0.146842 
-88 9 0 -442.326 47.869 -2.32146 0.546919 0.0685735 0.00243521 0.0685735 0.642076 -0.057847 0.00243521 -0.057847 0.14777 
-77 9 0 -389.122 47.2906 -1.2891 1.77688 0.69457 0.1138 0.69457 1.03779 0.00210334 0.1138 0.00210334 0.151112 
-87 7 1 -437.328 36.8043 6.90425 0.958181 -0.57267 -0.335727 -0.57267 0.843702 0.0342196 -0.335727 0.0342196 0.767136 
-82 9 0 -412.297 46.7715 -1.59301 0.418056 -0.0459603 -0.0359333 -0.0459603 0.678327 0.141854 -0.0359333 0.141854 0.23255 
-82 8 1 -412.661 43.4406 6.38484 3.66127 3.74689 3.61925 3.74689 9.30515 8.23613 3.61925 8.23613 7.71545 
-81 9 0 -408.805 46.6903 -0.635711 0.945579 0.197545 0.041933 0.197545 1.43036 0.0684967 0.041933 0.0684967 0.159641 
-73 0 -1 -367.767 1.17691 -5.94043 0.436943 -0.0241593 0.327132 -0.0241593 0.132483 -0.345167 0.327132 -0.345167 5.45462 
-89 9 0 -447.459 48.0846 -1.0634 0.498469 0.175978 0.0277048 0.175978 0.671688 -0.0109776 0.0277048 -0.0109776 0.146726 
-84 1 -1 -422.333 8.02029 -5.0437 0.534851 0.0932838 -3.39315 0.0932838 0.618711 3.69207 -3.39315 3.69207 417.056 
-76 9 0 -381.612 48.9025 -0.57439 0.490868 0.0207244 0.0188099 0.0207244 3.94888 -0.179561 0.0188099 -0.179561 0.156694 
-79 9 0 -398.223 47.9811 0.459819 8.48768 -2.70009 -1.12695 -2.70009 6.88564 1.56689 -1.12695 1.56689 0.541494 
-76 4 -1 -382.548 22.6328 -6.11138 0.562806 -0.0671975 5.0123 -0.0671975 0.544317 -5.3931 5.0123 -5.3931 317.88 
-70 -5 0 -353.97 -26.3335 1.07989 2.8047 0.160487 -0.0649362 0.160487 1.74477 0.423355 -0.0649362 0.423355 0.408317 
-83 -5 0 -417.468 -27.1571 0.154842 0.447155 -0.0152946 0.0258663 -0.0152946 0.972231 -0.105565 0.0258663 -0.105565 0.105717 
-88 -4 0 -442.544 -20.8919 -4.35203 2.51273 -8.09875 18.485 -8.09875 30.0759 -70.4723 18.485 -70.4723 286.161 
-76 0 1 -384.182 1.76055 5.99322 2.63528 0.377297 0.594316 0.377297 0.582768 -0.309136 0.594316 -0.309136 3.56779 
-71 -6 0 -356.611 -30.5149 2.85735 1.08282 0.9706 -0.698926 0.9706 10.8009 -4.31121 -0.698926 -4.31121 4.01471 
-86 -4 0 -432.781 -20.871 -2.90584 0.412868 0.210986 0.363073 0.210986 1.17988 1.40794 0.363073 1.40794 3.28514 
-74 2 0 -372.539 14.8349 -4.61711 0.624463 3.94876 -0.163365 3.94876 187.875 -48.0193 -0.163365 -48.0193 39.1816 
-81 -4 0 -406.391 -21.9418 -2.43455 1.93874 0.825844 1.56087 0.825844 1.35688 0.87453 1.56087 0.87453 1.83728 
-76 8 -1 -382.858 41.646 -5.13255 0.742057 0.368889 -3.2555 0.368889 1.10747 -6.62135 -3.2555 -6.62135 200.142 
-71 -4 0 -358.006 -22.7606 0.651879 0.664571 -0.176162 -0.0647059 -0.176162 0.635526 -0.0771987 -0.0647059 -0.0771987 0.18158 
-82 -3 0 -412.877 -16.5694 -2.07879 1.9531 0.191616 -0.131455 0.191616 1.83069 0.163523 -0.131455 0.163523 0.292023 
-81 -3 0 -406.176 -17.642 -2.97184 3.39194 -2.00763 -0.71355 -2.00763 2.3972 0.75027 -0.71355 0.75027 0.662213 
-83 -3 0 -416.735 -17.0116 -2.37189 1.4418 -0.372103 0.542843 -0.372103 0.810254 0.106641 0.542843 0.106641 0.696554 
-80 -3 0 -403.542 -17.566 -2.59374 1.60717 -0.681579 -0.0356871 -0.681579 1.23462 0.227929 -0.0356871 0.227929 0.643284 
-80 8 0 -401.908 41.5568 -0.804591 0.667876 0.106661 -0.0132694 0.106661 0.473982 0.0550724 -0.0132694 0.0550724 0.202353 
-83 -2 0 -416.341 -11.6746 -2.88253 1.32243 -0.0963327 1.69467 -0.0963327 0.583593 0.106172 1.69467 0.106172 4.21256 
-80 -1 0 -403.335 -7.26535 -2.22101 1.20799 -0.118837 -0.138055 -0.118837 0.615972 0.0987449 -0.138055 0.0987449 0.637341 
-86 9 0 -432.939 47.0424 -1.98366 0.422771 0.0103383 0.0239833 0.0103383 0.637501 0.0478834 0.0239833 0.0478834 0.227844 
-81 -6 0 -408.764 -32.0903 -2.04089 2.17091 -0.0962799 -0.704182 -0.0962799 0.913936 -0.226284 -0.704182 -0.226284 0.705512 
-88 5 -1 -442.494 27.4922 -5.09938 0.855532 0.498078 8.49387 0.498078 0.981924 12.6747 8.49387 12.6747 269.702 
-88 6 1 -441.629 33.5312 6.53313 0.671315 0.230865 -0.0509818 0.230865 0.963748 0.097359 -0.0509818 0.097359 0.899531 
-89 -4 0 -448.606 -23.0331 -2.76733 5.10493 11.5136 0.125209 11.5136 36.3423 1.63931 0.125209 1.63931 3.94488 
-82 -4 0 -412.955 -20.9032 -0.583676 3.43811 -0.366517 -0.203816 -0.366517 9.33243 -0.897337 -0.203816 -0.897337 0.246068 
-76 -2 0 -382.918 -12.336 -3.10714 2.9915 45.0499 -3.21398 45.0499 1319.6 -60.8507 -3.21398 -60.8507 14.1868 
-71 -7 -1 -357.419 -37.5224 -7.91889 5.67865 0.454119 27.1103 0.454119 0.44411 3.67103 27.1103 3.67103 396.155 
-83 -6 0 -416.969 -31.6418 -2.37601 4.40661 1.50243 6.23543 1.50243 1.29118 2.06317 6.23543 2.06317 11.7892 
-74 -6 0 -372.874 -31.6138 -3.30293 0.252616 -0.102607 -0.0574578 -0.102607 0.884303 0.119506 -0.0574578 0.119506 0.459504 
-84 -3 0 -422.636 -18.0583 -1.99298 18.4069 0.165663 -4.25706 0.165663 0.653562 0.462195 -4.25706 0.462195 3.90013 
-80 -2 0 -402.735 -12.0782 -2.12646 5.2262 0.456545 0.500233 0.456545 0.465029 0.147203 0.500233 0.147203 2.59458 
-80 -7 0 -404.327 -37.2003 -2.33657 28.0287 9.35289 -19.4022 9.35289 3.63212 -6.3101 -19.4022 -6.3101 19.7135 
-84 -2 0 -422.441 -12.6702 -1.93786 598.284 -20.5761 -1.52089 -20.5761 1.42504 0.228173 -1.52089 0.228173 4.90221 
-86 6 0 -432.47 33.4207 2.4795 0.502978 -0.113771 0.0140401 -0.113771 1.41103 0.227059 0.0140401 0.227059 0.45165 
-75 6 0 -377.787 32.774 1.75826 0.45065 -0.0301498 0.0155706 -0.0301498 0.551094 0.0785634 0.0155706 0.0785634 0.316046 
-87 9 0 -437.272 46.7795 -1.87765 0.596466 0.232405 0.00589475 0.232405 0.548843 0.0800862 0.00589475 0.0800862 0.129189 
-72 -5 0 -361.288 -26.0435 1.57636 1.68603 0.776284 -0.257073 0.776284 1.29175 -0.0877665 -0.257073 -0.0877665 0.261528 
-85 6 0 -427.946 33.4319 2.2239 0.617319 -0.162307 -0.15123 -0.162307 1.60938 0.107691 -0.15123 0.107691 0.470951 
-82 9 -1 -412.978 46.9468 -5.23444 0.774699 -0.794019 8.50791 -0.794019 3.30229 -30.1397 8.50791 -30.1397 360.284 
-73 6 0 -369.479 34.5067 0.903497 22.4088 -20.9139 0.956665 -20.9139 25.7129 -0.842253 0.956665 -0.842253 0.249065 
-82 -1 0 -411.776 -7.16767 -0.526694 0.625509 -0.0487673 -0.051526 -0.0487673 0.729521 0.0732464 -0.051526 0.0732464 0.243029 
-72 -4 1 -360.501 -21.6006 5.95744 13.6385 -13.3925 2.82644 -13.3925 19.4996 -3.01897 2.82644 -3.01897 2.75927 
-72 -7 -1 -361.186 -37.1017 -6.75439 50.0896 -8.68399 1.61117 -8.68399 2.41244 0.133277 1.61117 0.133277 1.52493 
-82 -2 0 -412.298 -12.8752 -2.98333 0.962292 -0.648573 0.396455 -0.648573 3.76101 -4.73982 0.396455 -4.73982 6.57346 
-75 3 -1 -377.559 17.3559 -6.06957 0.538347 0.101118 1.69054 0.101118 0.692743 4.17491 1.69054 4.17491 74.2066 
-77 6 0 -386.41 33.7192 1.05102 1.18221 0.436981 0.205217 0.436981 1.56269 -0.0145725 0.205217 -0.0145725 0.966364 
-85 -6 0 -426.62 -31.4102 1.61155 0.990963 -0.142051 0.157329 -0.142051 1.27209 0.0257842 0.157329 0.0257842 0.83676 
-85 8 -1 -426.343 41.6298 -5.14645 6.40184 -4.12928 47.1567 -4.12928 3.34112 -34.0761 47.1567 -34.0761 441.405 
-79 6 0 -397.363 34.295 2.70924 2.2542 1.04678 0.196885 1.04678 6.19763 -0.763948 0.196885 -0.763948 0.910437 
-70 -4 1 -354.473 -21.2385 5.90724 5.13254 5.79774 7.67954 5.79774 33.9204 32.1285 7.67954 32.1285 36.1463 
-72 -2 1 -364.775 -13.6128 5.36926 39.5141 12.5801 36.2798 12.5801 14.4014 9.04442 36.2798 9.04442 70.6024 
-73 0 1 -367.431 -1.98608 5.59039 0.884273 -0.0855118 0.649514 -0.0855118 0.303911 0.256088 0.649514 0.256088 5.26476 
-77 1 1 -387.062 5.08911 5.55867 0.700057 9.62317 0.769892 9.62317 307.579 8.31732 0.769892 8.31732 7.31141 
-83 6 1 -419.298 32.776 6.22418 5.70418 2.0724 -3.02953 2.0724 1.46875 -1.51326 -3.02953 -1.51326 2.61351 
-75 6 1 -377.601 33.4901 6.09093 0.475182 -0.17005 -0.247138 -0.17005 0.953756 -0.136788 -0.247138 -0.136788 1.77084 
-87 6 1 -437.792 33.1192 6.23158 0.556979 0.0296714 0.18437 0.0296714 0.819924 0.0643717 0.18437 0.0643717 0.934775 
-84 6 1 -422.063 32.911 6.04588 0.678839 0.23772 -0.0302621 0.23772 0.722258 -0.0495836 -0.0302621 -0.0495836 1.33134 
-85 6 1 -427.222 34.1723 6.55658 0.520796 0.153364 -0.289208 0.153364 2.85039 -0.146061 -0.289208 -0.146061 0.895099 
