-82 11 2 -412.906 58.249 12.0842 20.7679 43.4919 5.54449 43.4919 145.765 33.2617 5.54449 33.2617 10.299 
-88 11 2 -442.855 56.7073 11.512 113.387 -22.3219 -19.437 -22.3219 5.65042 4.01806 -19.437 4.01806 4.54443 
-87 10 2 -437.104 50.4172 10.8488 7.1624 -35.0579 -8.22826 -35.0579 255.155 63.8482 -8.22826 63.8482 18.0537 
-88 13 1 -440.153 68.5645 6.04832 112.14 -95.1644 -6.46034 -95.1644 1095.27 -24.2432 -6.46034 -24.2432 2.3566 
-86 12 1 -430.406 61.6882 6.87746 71.491 -21.0602 -11.0994 -21.0602 117.83 28.1163 -11.0994 28.1163 7.66305 
-80 12 1 -402.503 60.8216 7.87801 71.5196 -31.2561 5.7275 -31.2561 116.049 3.06253 5.7275 3.06253 1.1312 
-79 11 1 -397.791 58.7449 7.09143 158.537 98.339 -31.4131 98.339 237.084 -10.1109 -31.4131 -10.1109 7.04661 
-84 11 1 -420.428 56.6796 6.50585 330.589 -388.337 196.382 -388.337 581.721 -260.85 196.382 -260.85 125.047 
-83 11 1 -418.908 56.1612 7.22556 50.9702 -81.3482 -8.207 -81.3482 131.415 13.2844 -8.207 13.2844 1.81825 
-85 10 1 -429.154 53.8665 7.07928 14.5179 -7.31665 -0.558928 -7.31665 6.72765 0.366828 -0.558928 0.366828 0.495492 
-76 11 1 -381.878 56.2165 7.03948 224.427 -4.42433 -49.9346 -4.42433 248.904 -2.68161 -49.9346 -2.68161 11.4268 
-74 10 1 -371.897 53.099 7.18007 1.00377 0.404894 -0.0508281 0.404894 3.31754 0.610162 -0.0508281 0.610162 0.878898 
-78 10 1 -390.785 53.4844 6.72978 235.94 202.664 9.14678 202.664 481.547 -14.3604 9.14678 -14.3604 2.56502 
-87 10 1 -437.225 50.8573 8.11241 3.90919 3.70377 -0.00457319 3.70377 9.08699 0.822695 -0.00457319 0.822695 0.632682 
-77 10 1 -388.938 51.3915 7.27312 1.7705 0.227656 0.0795002 0.227656 5.23226 0.554786 0.0795002 0.554786 0.380528 
-83 17 0 -417.429 86.7528 1.20468 2.24294 1.5997 -1.83262 1.5997 4.48187 -4.46145 -1.83262 -4.46145 5.42381 
-80 16 0 -401.162 81.2214 0.233335 4.87742 1.05217 -2.47505 1.05217 42.8003 -168.84 -2.47505 -168.84 701.06 
-86 15 0 -432.661 77.796 1.56716 11.8075 -0.265551 -0.229552 -0.265551 2.26127 -2.31748 -0.229552 -2.31748 2.84127 
-87 15 0 -437.686 76.611 1.79234 1.66376 1.15386 0.479857 1.15386 3.33442 -0.977143 0.479857 -0.977143 1.02026 
-73 13 0 -367.978 66.8682 1.29278 62.0714 87.1992 -49.7174 87.1992 137.971 -64.6131 -49.7174 -64.6131 42.2399 
-76 12 0 -382.182 61.6703 -0.200049 0.557078 0.879391 0.0511387 0.879391 3.52101 0.256342 0.0511387 0.256342 0.155022 
-83 11 0 -418.648 56.574 -1.01485 0.457418 -0.146125 0.0844963 -0.146125 0.816613 0.0899145 0.0844963 0.0899145 0.125953 
-89 14 0 -447.113 73.0531 -1.62402 8.25577 10.6263 -52.9244 10.6263 14.7653 -71.3769 -52.9244 -71.3769 355.944 
-74 13 0 -370.892 68.3806 0.20565 322.902 230.787 -284.785 230.787 167.734 -217.747 -284.785 -217.747 371.04 
-72 13 0 -362.017 67.5282 -4.24964 4.72471 -3.41621 33.2516 -3.41621 3.37954 -25.1604 33.2516 -25.1604 247.735 
-82 13 0 -410.409 67.3899 0.0927659 49.1931 1.77264 -1.6876 1.77264 1.94124 -0.312957 -1.6876 -0.312957 0.255453 
-89 11 0 -446.864 57.4599 -2.81868 0.543858 -0.027375 -0.0389084 -0.027375 0.39489 0.0331572 -0.0389084 0.0331572 0.213485 
-89 13 1 -448.575 68.0639 7.31879 89.0663 79.3342 7.01158 79.3342 346.403 18.9186 7.01158 18.9186 1.50575 
-73 10 0 -368.141 52.0353 -1.00046 0.826441 0.463482 0.098178 0.463482 1.10571 0.00412113 0.098178 0.00412113 0.180628 
-70 11 0 -352.735 58.8261 0.794499 0.969052 0.677914 1.00341 0.677914 2.44466 1.68114 1.00341 1.68114 1.69539 
-70 13 0 -352.785 65.5196 -0.220448 2.67158 0.265443 -0.3185 0.265443 10.1523 -0.188789 -0.3185 -0.188789 0.148183 
-70 12 0 -352.631 63.5458 -3.52467 1.17639 -0.537913 -0.302611 -0.537913 0.660951 0.212263 -0.302611 0.212263 0.206287 
-78 12 0 -393.779 61.0769 -1.13905 0.913557 -0.307801 0.129433 -0.307801 0.723222 0.0935528 0.129433 0.0935528 0.17607 
-83 15 0 -417.349 78.0105 -1.40128 1.85438 4.45505 -21.6139 4.45505 14.2851 -68.5626 -21.6139 -68.5626 339.093 
-72 11 0 -363.118 57.3577 -3.58596 0.80107 -0.349604 -0.236011 -0.349604 1.13686 0.487758 -0.236011 0.487758 0.473202 
-81 11 0 -407.62 57.7502 -3.25794 0.592397 -0.086737 0.161811 -0.086737 0.556969 0.00539229 0.161811 0.00539229 0.325897 
-77 11 0 -387.794 56.5443 -1.23862 1.91595 1.10535 -0.0738585 1.10535 2.8201 0.116184 -0.0738585 0.116184 0.12197 
-71 12 0 -356.247 62.0423 2.58795 11.0819 -4.82032 2.11022 -4.82032 3.46192 -1.25049 2.11022 -1.25049 0.539266 
-71 10 1 -357.58 53.2961 6.06526 77.467 10.8309 -95.7644 10.8309 1.86292 -13.0642 -95.7644 -13.0642 121.378 
-79 11 0 -397.68 57.9396 -1.58891 1.15908 0.639773 0.0471687 0.639773 0.952905 -0.132349 0.0471687 -0.132349 0.161812 
-89 13 2 -448.908 67.7224 12.4148 200.52 73.4217 27.0476 73.4217 195.326 27.2842 27.0476 27.2842 5.72417 
-85 14 0 -427.618 72.6624 -0.668322 0.637973 0.16643 0.45994 0.16643 0.714416 -0.12307 0.45994 -0.12307 0.685786 
-87 13 0 -437.527 67.1058 -1.74528 2.23103 5.33215 -25.0994 5.33215 17.5523 -81.1834 -25.0994 -81.1834 384.855 
-71 11 0 -358.708 56.0355 -1.38254 5.69404 -6.206 -0.374069 -6.206 7.47941 0.476235 -0.374069 0.476235 0.13073 
-83 13 0 -418.274 67.0063 -2.70989 3.79672 1.85472 -2.83773 1.85472 1.54826 -1.62971 -2.83773 -1.62971 2.92468 
-88 15 0 -442.132 76.244 -0.270764 7.365 3.73349 -35.6162 3.73349 3.07264 -20.5578 -35.6162 -20.5578 181.363 
-70 10 -1 -353.038 52.3511 -5.39806 1.08398 0.688874 7.07277 0.688874 2.39257 -12.5862 7.07277 -12.5862 305.071 
-76 10 0 -383.214 52.6907 -4.86866 1.6421 1.05022 -9.6665 1.05022 2.37981 -27.9358 -9.6665 -27.9358 459.557 
-84 15 0 -422.5 77.7025 -1.27547 0.711214 -0.0769621 0.193965 -0.0769621 0.50923 0.0254037 0.193965 0.0254037 3.88979 
-83 10 0 -417.089 52.2117 -3.75317 0.768258 -0.113938 -0.169489 -0.113938 0.526332 0.176054 -0.169489 0.176054 0.341832 
-89 10 0 -447.28 52.1326 -3.03223 0.555191 -0.0187729 -0.0661339 -0.0187729 0.447531 0.0396496 -0.0661339 0.0396496 0.156045 
-71 10 0 -358.03 53.1098 1.33835 1.04244 0.700228 -0.176589 0.700228 1.00894 -0.213209 -0.176589 -0.213209 0.215937 
-82 15 0 -411.995 76.9167 -1.17348 2.16324 2.81569 -18.4212 2.81569 6.76044 -46.9054 -18.4212 -46.9054 352.782 
-76 14 0 -383.937 72.046 -2.10012 36.0842 -24.6748 15.9686 -24.6748 17.7227 -10.9767 15.9686 -10.9767 7.78895 
-80 10 0 -403.128 52.9923 -3.84803 0.468127 -0.0929552 0.117276 -0.0929552 1.78697 -0.436951 0.117276 -0.436951 0.479269 
-77 11 1 -387.094 56.084 6.52533 194.387 -359.566 -31.7333 -359.566 762.124 59.4126 -31.7333 59.4126 6.14878 
-77 10 0 -389.169 52.5908 -1.30504 2.85691 0.993762 0.303871 0.993762 2.7732 0.330765 0.303871 0.330765 0.159112 
-88 13 0 -441.918 67.7159 -1.25091 0.694082 -0.0320253 -0.341366 -0.0320253 0.824546 -0.295958 -0.341366 -0.295958 0.683926 
-73 11 0 -367.833 56.3801 -1.50032 0.515235 -0.098475 0.0781146 -0.098475 1.38793 -0.0311676 0.0781146 -0.0311676 0.147023 
-77 10 -1 -388.035 50.6566 -5.04858 1.53859 3.74468 -0.375204 3.74468 14.7825 -29.6122 -0.375204 -29.6122 403.639 
-83 12 0 -417.27 61.8395 -3.42066 0.698363 -0.788803 0.134647 -0.788803 1.4871 -0.0745067 0.134647 -0.0745067 3.08856 
-84 10 0 -422.876 51.3973 -2.88125 0.799658 -0.163269 0.197884 -0.163269 0.572598 0.0454724 0.197884 0.0454724 0.262484 
-78 13 0 -392.007 69.1563 -0.50412 1.64848 -0.609779 0.134783 -0.609779 1.05128 -0.253583 0.134783 -0.253583 0.229212 
-86 11 0 -432.392 57.0782 -3.26735 0.552284 -0.408547 2.59278 -0.408547 5.00955 -28.3134 2.59278 -28.3134 185.883 
-82 11 0 -413.325 58.3946 -1.49274 0.572336 0.163931 0.0422525 0.163931 0.674121 -0.154814 0.0422525 -0.154814 0.18709 
-80 14 0 -402.2 71.9237 -1.7943 2.53083 -0.303682 -10.2007 -0.303682 22.7094 -91.8957 -10.2007 -91.8957 443.655 
-78 11 0 -392.366 57.3116 -4.31194 0.648662 -0.2714 0.475409 -0.2714 0.524939 -0.0650321 0.475409 -0.0650321 3.64964 
-81 12 0 -407.308 61.8806 -3.63622 0.738462 -0.478462 3.35312 -0.478462 6.33615 -37.1896 3.35312 -37.1896 227.273 
-79 14 0 -396.809 72.5873 -1.46605 9.91368 -8.81174 29.4051 -8.81174 9.00024 -30.3719 29.4051 -30.3719 109.888 
-84 11 0 -422.212 56.5433 -2.68211 0.351949 0.0738639 -0.0573644 0.0738639 0.673646 0.0875306 -0.0573644 0.0875306 0.249069 
-80 12 0 -402.366 61.0142 -0.264348 2.13664 -1.1119 -0.296828 -1.1119 4.92477 0.0801493 -0.296828 0.0801493 0.172667 
-87 10 0 -437.455 51.7152 -1.28353 1.00056 -0.26467 -0.0364935 -0.26467 0.855878 0.0872519 -0.0364935 0.0872519 0.13869 
-79 12 0 -397.083 62.1093 -3.66265 0.439821 0.294391 -1.58608 0.294391 12.2508 -68.7963 -1.58608 -68.7963 401.014 
-85 10 2 -429.023 52.9237 11.6407 25.9495 -21.8933 -6.84333 -21.8933 19.2178 6.2552 -6.84333 6.2552 3.05568 
-82 10 0 -412.728 53.3223 -3.49335 0.616378 0.162122 0.081445 0.162122 0.724095 -0.0780655 0.081445 -0.0780655 0.28718 
-81 10 0 -408.321 52.8315 -2.5242 0.447059 -0.0400416 0.066291 -0.0400416 0.725015 -0.133099 0.066291 -0.133099 0.182779 
-78 10 0 -391.322 52.9816 -1.54896 0.604887 0.0837655 -0.120956 0.0837655 3.39509 -0.148568 -0.120956 -0.148568 0.12028 
-88 11 0 -442.865 57.57 -1.19733 0.793725 0.0551305 0.0187507 0.0551305 0.99538 -0.119084 0.0187507 -0.119084 0.138268 
-75 13 0 -376.045 67.2632 -0.133022 30.5113 4.82877 0.419295 4.82877 6.2442 -0.102004 0.419295 -0.102004 0.138209 
-88 10 0 -442.276 52.7091 -2.74252 0.527804 -0.0981027 -0.115407 -0.0981027 0.593646 0.0175913 -0.115407 0.0175913 0.207416 
-71 10 -1 -356.523 52.0838 -5.22493 3.03294 -1.71005 28.7373 -1.71005 1.45653 -17.9097 28.7373 -17.9097 355.223 
-76 11 0 -382.943 56.3197 -0.72126 10.5327 -7.14735 -0.970463 -7.14735 14.9975 0.810241 -0.970463 0.810241 0.210944 
-80 10 -1 -402.944 50.9792 -5.06735 0.652955 -0.83433 5.59348 -0.83433 4.98638 -26.0072 5.59348 -26.0072 494.799 
-77 12 0 -386.898 62.8964 -3.96912 2.21254 -3.16843 24.7226 -3.16843 7.03187 -44.1988 24.7226 -44.1988 330.802 
-88 11 1 -443.019 57.8093 7.06593 28.0093 7.25264 -0.908529 7.25264 66.8631 5.51614 -0.908529 5.51614 1.03135 
-85 13 0 -427.949 66.7344 -2.14793 2.43611 -0.520583 5.64778 -0.520583 0.452321 -1.28189 5.64778 -1.28189 19.1842 
-74 10 0 -372.472 52.9121 -0.702719 1.70676 0.497905 -0.0935228 0.497905 1.40481 -0.151375 -0.0935228 -0.151375 0.152396 
-79 10 0 -397.754 53.3533 -4.84691 0.470592 -0.727283 4.43194 -0.727283 6.95844 -46.0799 4.43194 -46.0799 376.11 
-85 11 0 -427.483 57.7459 -3.28085 0.415553 -0.0526563 0.232795 -0.0526563 0.658027 -0.338244 0.232795 -0.338244 2.32792 
-75 11 0 -379.254 57.6514 -0.601213 117.982 0.716533 -8.70107 0.716533 117.835 9.6407 -8.70107 9.6407 1.55924 
-80 13 0 -403.167 67.193 -0.372952 1.45857 0.661113 -0.0114934 0.661113 0.583397 -0.0504784 -0.0114934 -0.0504784 0.170563 
-89 12 0 -447.637 62.2607 -2.61457 0.546221 -0.0768318 0.0178678 -0.0768318 0.551218 -0.0737138 0.0178678 -0.0737138 0.292355 
-82 12 0 -411.546 62.856 -2.70445 19.3751 7.30182 0.792369 7.30182 3.23995 0.054779 0.792369 0.054779 0.73777 
-84 14 1 -423.665 71.2649 8.22421 169.862 -50.2084 -2.57782 -50.2084 225.399 33.8136 -2.57782 33.8136 5.58874 
-87 11 0 -438.111 56.9873 -2.42058 0.479277 0.0034217 0.16554 0.0034217 0.791464 0.108611 0.16554 0.108611 0.322481 
-72 10 0 -362.251 52.5009 -2.78561 0.560172 0.0622923 -0.0816656 0.0622923 0.750576 -0.153544 -0.0816656 -0.153544 0.145761 
-77 15 0 -387.289 77.419 -1.1049 14.2693 10.4292 26.4694 10.4292 41.7848 -51.8882 26.4694 -51.8882 201.381 
-82 11 1 -413.595 58.8494 7.32287 103.565 43.2002 -9.70313 43.2002 19.1854 -4.20643 -9.70313 -4.20643 1.42047 
-86 13 0 -432.648 67.4405 -1.12975 0.642128 0.187407 0.119985 0.187407 0.399029 0.0997815 0.119985 0.0997815 0.526686 
-88 12 0 -442.317 62.6386 -2.90357 2.00646 2.30825 -15.4289 2.30825 3.75047 -21.9383 -15.4289 -21.9383 144.696 
-87 12 0 -437.289 62.6158 -1.80738 0.427197 -0.0421348 0.0307214 -0.0421348 0.675798 -0.189374 0.0307214 -0.189374 0.412198 
-85 12 0 -427.75 62.2337 -2.56254 1.54131 0.885902 0.752969 0.885902 0.977156 0.400029 0.752969 0.400029 0.939925 
-84 13 0 -421.792 68.1141 -2.78803 0.916565 -1.11551 4.9845 -1.11551 2.45725 -9.91192 4.9845 -9.91192 51.2271 
-84 14 0 -423.534 71.9814 0.772125 4.82471 5.20973 0.450399 5.20973 9.39533 0.367064 0.450399 0.367064 0.21516 
-70 15 0 -351.667 76.8666 -1.5317 11.7465 -15.2869 -3.40935 -15.2869 51.1906 9.85364 -3.40935 9.85364 2.21706 
-74 14 0 -372.155 70.8697 0.192356 10.8328 7.62067 -1.53106 7.62067 6.01842 -1.09781 -1.53106 -1.09781 0.473895 
-86 10 0 -432.549 52.1232 -2.16717 0.469191 0.068019 0.0404858 0.068019 0.347492 0.00199178 0.0404858 0.00199178 0.193901 
-86 12 0 -432.321 62.0761 -0.993754 0.600825 -0.317266 -0.208217 -0.317266 0.870788 0.135431 -0.208217 0.135431 0.288452 
-89 13 0 -448.26 67.4456 -0.671309 1.20955 0.125689 0.0496782 0.125689 1.1172 -0.234905 0.0496782 -0.234905 0.22288 
-82 14 0 -412.573 71.888 -1.98998 1.59435 1.92506 -15.7815 1.92506 3.7681 -31.2682 -15.7815 -31.2682 292.494 
-81 14 0 -407.8 72.4476 -1.63174 0.567425 -0.609378 2.23961 -0.609378 3.11867 -12.6548 2.23961 -12.6548 60.1365 
-70 11 -1 -352.764 57.4505 -5.20239 2.03957 -2.35908 16.068 -2.35908 3.82536 -15.1446 16.068 -15.1446 312.308 
-84 16 0 -421.4 80.9527 0.335464 9.55688 -4.1061 -0.56016 -4.1061 97.8036 7.93721 -0.56016 7.93721 1.22509 
-83 14 0 -417.71 73.8835 -2.0958 12.2997 15.3268 -29.114 15.3268 22.0333 -59.6243 -29.114 -59.6243 310.311 
-74 14 1 -371.471 70.3562 5.90472 178.991 56.116 -65.9264 56.116 102.013 -25.8303 -65.9264 -25.8303 26.3986 
-84 12 0 -423.849 63.0488 -2.73793 3.27205 -1.41314 1.25271 -1.41314 1.76108 -0.441088 1.25271 -0.441088 1.93225 
-88 14 0 -442.095 71.7687 -1.09738 8.74389 13.4265 -59.4338 13.4265 22.7666 -97.5507 -59.4338 -97.5507 429.9 
-77 13 0 -387.889 66.2816 -0.171151 4.63319 -0.872351 0.261745 -0.872351 1.15424 0.0405536 0.261745 0.0405536 0.201193 
-80 15 0 -402.63 75.9206 -0.934337 1.06861 3.11412 -13.9789 3.11412 19.398 -88.9792 -13.9789 -88.9792 427.403 
-87 14 0 -437.643 71.7671 -0.709178 0.719499 2.63343 -10.9567 2.63343 22.3351 -91.1142 -10.9567 -91.1142 381.036 
-75 10 0 -376.626 52.4848 -0.145142 6.26959 -2.23889 -0.0890935 -2.23889 7.08744 2.81114 -0.0890935 2.81114 1.40526 
-74 10 2 -372.233 52.9351 11.6601 6.947 -4.21088 -0.140054 -4.21088 4.44435 -0.260767 -0.140054 -0.260767 0.808413 
-81 13 0 -407.48 66.8823 -2.57799 0.416324 0.160703 -0.543407 0.160703 0.423004 -0.764106 -0.543407 -0.764106 3.83012 
-73 10 1 -368.349 51.7641 8.24453 0.483887 0.270789 -0.104428 0.270789 1.03718 -0.291435 -0.104428 -0.291435 1.05421 
-86 14 0 -432.389 72.7386 -0.635849 3.95747 -7.20732 31.6493 -7.20732 15.1196 -67.4153 31.6493 -67.4153 322.387 
-82 16 0 -412.487 82.786 0.173813 3.87194 -3.21508 4.64983 -3.21508 3.88445 -5.9697 4.64983 -5.9697 10.6743 
-79 13 0 -397.68 67.0456 -2.7846 0.600364 0.391817 -4.49578 0.391817 22.27 -75.5867 -4.49578 -75.5867 340.158 
-88 10 2 -442.572 53.3173 13.9497 30.9557 12.9506 3.20836 12.9506 28.7162 30.9988 3.20836 30.9988 40.7904 
-85 10 0 -428.22 52.6283 -1.15411 1.13009 0.723798 0.0190246 0.723798 0.882261 -0.0996365 0.0190246 -0.0996365 0.163514 
-75 12 0 -378.47 61.4783 0.373285 0.879839 0.143303 0.0696393 0.143303 1.11205 -0.0921011 0.0696393 -0.0921011 0.0745966 
-80 11 0 -402.632 57.2658 -4.03221 0.454834 0.0524876 -0.0841138 0.0524876 0.522106 -0.288393 -0.0841138 -0.288393 0.73124 
-83 16 0 -416.538 81.8959 -0.555067 1.1742 2.99338 -12.3779 2.99338 17.2529 -70.5294 -12.3779 -70.5294 293.955 
