-95 8 3 -478.813 43.6517 15.873 3.42392 -3.1371 -4.14736 -3.1371 19.9048 8.64679 -4.14736 8.64679 8.26375 
-107 7 3 -538.728 39.2389 15.8663 2.78476 2.08337 -1.21447 2.08337 8.89295 0.143965 -1.21447 0.143965 1.64647 
-96 9 2 -482.045 45.4909 13.1863 117.42 -0.75333 144.134 -0.75333 13.847 -2.20116 144.134 -2.20116 178.506 
-105 9 2 -525.67 49.2925 12.708 4.4315 0.267213 -0.793328 0.267213 8.02245 3.26443 -0.793328 3.26443 2.16974 
-98 8 2 -494.473 42.7173 11.6379 2.13835 -0.417834 -0.28905 -0.417834 0.998621 -0.467857 -0.28905 -0.467857 1.44096 
-106 9 2 -534.101 48.6572 11.0227 31.6403 -21.4889 7.6427 -21.4889 23.7934 -5.65718 7.6427 -5.65718 2.43741 
-91 9 2 -457.682 47.3299 12.5993 0.64012 1.48245 0.994974 1.48245 7.08335 3.15628 0.994974 3.15628 2.36631 
-107 9 2 -535.751 48.7841 11.2459 4.3311 -0.301416 0.19875 -0.301416 1.92279 0.0876069 0.19875 0.0876069 0.960847 
-103 9 2 -518.552 46.4884 12.2108 1.35218 5.22864 0.25795 5.22864 179.746 19.9039 0.25795 19.9039 2.66883 
-109 9 2 -549.052 47.853 12.1147 201.924 -124.928 -29.8381 -124.928 77.7187 18.5669 -29.8381 18.5669 4.88454 
-92 9 2 -460.993 47.2519 11.4498 1.11065 -0.0834351 0.254129 -0.0834351 3.22323 -0.484656 0.254129 -0.484656 0.804438 
-99 9 2 -495.802 45.7152 12.321 11.5598 1.64541 -0.915432 1.64541 14.7584 -0.341343 -0.915432 -0.341343 0.580832 
-100 9 2 -502.777 45.8719 11.7641 56.6564 32.9735 -0.771644 32.9735 28.3793 -0.101773 -0.771644 -0.101773 0.615108 
-96 8 2 -481.532 43.3626 11.1384 13.4537 -14.7354 7.86529 -14.7354 16.3949 -8.79897 7.86529 -8.79897 11.822 
-109 8 2 -546.728 41.6 11.7273 4.60606 3.56945 0.111543 3.56945 11.1144 0.948737 0.111543 0.948737 0.967322 
-97 8 2 -486.19 41.1799 11.5018 1.23746 1.26991 0.216077 1.26991 4.71311 1.12373 0.216077 1.12373 1.03367 
-107 8 2 -538.495 40.9599 11.4245 17.982 5.3368 4.90089 5.3368 2.11712 1.69225 4.90089 1.69225 2.38804 
-95 7 2 -477.682 38.0139 10.8928 0.798794 0.714995 0.680202 0.714995 3.49837 2.60073 0.680202 2.60073 3.52166 
-102 7 2 -512.525 37.7611 11.2468 9.13074 -7.45288 -8.72103 -7.45288 6.50696 7.12978 -8.72103 7.12978 9.15249 
-99 6 2 -496.809 33.5858 11.7294 79.6881 54.9091 4.1025 54.9091 39.8945 3.23293 4.1025 3.23293 1.13773 
-92 6 2 -462.479 32.1147 11.4358 0.938867 -0.645871 -0.542853 -0.645871 1.39232 0.696807 -0.542853 0.696807 1.25998 
-98 6 2 -492.394 32.8454 10.4203 92.6622 1.29874 -56.1092 1.29874 1.45899 -1.2032 -56.1092 -1.2032 39.5339 
-108 6 2 -541.441 33.448 11.2769 151.88 -5.12568 -114.592 -5.12568 0.452411 4.0438 -114.592 4.0438 87.5554 
-102 8 1 -514.832 41.0175 8.25424 234.455 15.9069 -5.02851 15.9069 5.70156 -0.444725 -5.02851 -0.444725 1.77939 
-91 5 1 -459.039 29.4589 6.67876 33.1399 11.3182 37.6609 11.3182 11.1601 7.16067 37.6609 7.16067 57.9105 
-90 8 1 -454.003 43.2541 7.21507 1.75127 0.893543 -0.47848 0.893543 1.36876 -0.781006 -0.47848 -0.781006 2.05046 
-106 7 1 -531.539 37.9363 7.82785 2.70413 -1.50343 -0.823946 -1.50343 1.22688 0.311922 -0.823946 0.311922 1.39246 
-108 7 1 -542.198 36.5832 6.94117 0.945967 -0.296207 0.530267 -0.296207 1.09273 0.412675 0.530267 0.412675 2.02028 
-98 -4 1 -493.023 -23.4433 6.2787 0.914704 0.664723 7.3887 0.664723 2.77066 22.2658 7.3887 22.2658 198.014 
-100 -4 1 -501.543 -22.6159 6.07452 6.98817 -4.16003 -16.1574 -4.16003 2.6932 7.60835 -16.1574 7.60835 104.415 
-97 -5 1 -487.242 -25.2056 6.009 0.740078 9.41399 -0.892847 9.41399 535.49 -99.1358 -0.892847 -99.1358 57.0547 
-94 -5 1 -473.04 -27.4157 5.74665 0.882224 0.0746054 5.7094 0.0746054 0.71702 4.56227 5.7094 4.56227 201.521 
-105 9 1 -526.015 48.8552 8.62842 3.63157 1.97674 -0.236264 1.97674 2.49163 0.173228 -0.236264 0.173228 0.595858 
-98 9 1 -492.271 47.2411 7.21953 1.54891 -0.270908 -0.176728 -0.270908 2.21607 0.318677 -0.176728 0.318677 0.545739 
-107 7 2 -537.45 37.0668 11.9425 0.72429 0.0693774 0.0848012 0.0693774 0.617875 0.195843 0.0848012 0.195843 0.775293 
-98 9 2 -491.783 46.8163 11.4222 112.913 -85.1269 -32.8444 -85.1269 83.0244 29.7763 -32.8444 29.7763 11.8976 
-103 9 1 -518.591 46.7944 7.10596 79.9177 42.8673 2.20236 42.8673 171.128 5.0451 2.20236 5.0451 0.582453 
-107 9 1 -536.328 48.4221 7.30912 1.08358 0.071267 -0.146966 0.071267 1.18469 0.122299 -0.146966 0.122299 0.341539 
-99 9 1 -496.209 46.0162 7.31564 17.7336 -9.85475 -1.50269 -9.85475 36.2507 2.19975 -1.50269 2.19975 0.69978 
-100 9 1 -502.971 46.2786 7.20728 30.1768 -22.4332 -0.389064 -22.4332 19.1345 0.551918 -0.389064 0.551918 0.468501 
-106 9 1 -533.91 47.7108 6.35749 2.77894 0.262106 -0.015646 0.262106 0.854452 -0.472067 -0.015646 -0.472067 0.878568 
-109 9 1 -549.22 46.7555 7.12948 2.4741 -0.889014 0.618545 -0.889014 6.45379 -2.36461 0.618545 -2.36461 1.40142 
-109 8 1 -547.199 41.9671 6.89069 1.98574 -0.714051 0.196572 -0.714051 2.86475 0.0272344 0.196572 0.0272344 0.68236 
-100 8 1 -504.266 41.1406 6.76038 1.14655 0.728683 0.349418 0.728683 6.52384 1.09936 0.349418 1.09936 0.74707 
-101 7 2 -506.282 38.155 12.8644 1.71764 -0.517784 -0.0821092 -0.517784 0.653487 -0.0386415 -0.0821092 -0.0386415 0.81974 
-91 8 1 -457.279 42.4688 6.24142 0.480403 0.176634 0.0636883 0.176634 0.833471 -0.174033 0.0636883 -0.174033 1.91755 
-94 8 1 -473.095 41.4517 6.85222 1.24721 -0.544789 0.0801971 -0.544789 2.7638 -0.410228 0.0801971 -0.410228 0.464528 
-96 8 1 -482.928 41.5613 6.25675 0.264565 -0.0631157 -0.0572258 -0.0631157 0.517232 0.0856706 -0.0572258 0.0856706 0.719484 
-103 8 1 -515.748 41.3966 6.82267 2.21851 0.015957 0.0946041 0.015957 0.819766 0.1148 0.0946041 0.1148 0.659147 
-107 8 1 -537.813 40.8581 6.6714 1.52036 0.346547 0.0416949 0.346547 2.93027 0.0819043 0.0416949 0.0819043 0.565436 
-109 7 1 -547.188 37.5034 6.58947 0.707286 0.238486 -0.202298 0.238486 0.941044 0.664032 -0.202298 0.664032 1.41713 
-97 7 1 -487.443 37.4491 7.64279 0.510988 -0.142425 -0.189145 -0.142425 0.552318 0.0642928 -0.189145 0.0642928 0.532761 
-91 7 1 -458.499 37.3521 6.09611 1.05636 0.104573 0.504897 0.104573 0.901972 -0.557792 0.504897 -0.557792 2.93278 
-96 7 1 -482.011 36.4078 5.69828 0.548008 0.0393747 -0.402636 0.0393747 0.58817 -0.531549 -0.402636 -0.531549 2.94108 
-98 7 1 -492.163 36.8711 6.99671 0.752454 -0.0330214 -0.0394965 -0.0330214 0.94326 0.0937083 -0.0394965 0.0937083 0.544321 
-97 6 2 -487.39 34.398 11.481 30.4306 -0.520629 17.6556 -0.520629 2.03573 -0.0455168 17.6556 -0.0455168 10.9956 
-99 7 1 -498.035 37.3832 6.96126 0.644215 0.228153 0.0901913 0.228153 0.58448 -0.173208 0.0901913 -0.173208 0.513732 
-101 6 2 -506.71 33.1459 12.6718 14.2656 1.06497 -11.4045 1.06497 2.43298 0.580948 -11.4045 0.580948 10.7807 
-101 7 1 -507.075 37.4907 6.55116 0.975161 -0.371385 -0.133186 -0.371385 0.692138 -0.0498225 -0.133186 -0.0498225 0.575437 
-102 7 1 -513.854 36.8405 6.87667 0.990227 0.129597 -0.0432994 0.129597 0.67693 -0.235084 -0.0432994 -0.235084 0.616334 
-103 7 1 -516.686 37.1879 6.25158 1.04751 -0.22152 0.130187 -0.22152 0.455334 -0.123875 0.130187 -0.123875 0.699224 
-98 7 2 -493.89 36.9139 10.8966 31.1132 23.7056 6.04719 23.7056 19.0537 2.95436 6.04719 2.95436 7.59389 
-105 7 1 -528.344 36.8995 7.21942 1.65414 0.512333 0.535627 0.512333 0.832853 -0.123152 0.535627 -0.123152 0.871669 
-99 6 1 -497.194 33.5004 6.37418 0.863401 0.1789 0.177734 0.1789 1.48475 0.275528 0.177734 0.275528 0.851773 
-92 7 1 -462.454 37.1034 6.53738 0.583137 -0.0819049 0.352049 -0.0819049 0.50107 -0.000236287 0.352049 -0.000236287 1.14522 
-102 6 1 -512.704 33.8963 6.11386 0.55036 0.715739 0.176094 0.715739 2.51949 0.168053 0.176094 0.168053 1.07831 
-91 6 1 -458.239 33.0849 6.2007 1.27541 -0.57549 0.884541 -0.57549 0.866283 -0.201686 0.884541 -0.201686 2.28052 
-92 6 1 -462.407 32.7009 7.49363 0.565052 0.109938 0.309052 0.109938 0.584214 0.170655 0.309052 0.170655 0.715584 
-93 6 1 -467.225 32.5335 6.65163 1.23782 -0.119325 -0.516802 -0.119325 0.561868 -0.0846074 -0.516802 -0.0846074 0.675447 
-104 5 0 -522.375 27.4351 -2.97933 0.791471 -0.761199 12.3374 -0.761199 2.25766 -28.0179 12.3374 -28.0179 452.511 
-94 7 1 -472.983 36.6879 7.03862 0.365429 0.00502937 -0.173422 0.00502937 0.629545 -0.235408 -0.173422 -0.235408 0.913058 
-98 5 0 -492.428 27.4797 -3.80211 0.815584 -0.357425 12.443 -0.357425 0.956102 -13.9891 12.443 -13.9891 438.402 
-93 2 0 -468.383 11.799 -2.21708 0.809485 0.0635679 0.358149 0.0635679 0.633477 0.27318 0.358149 0.27318 0.983173 
-95 -6 1 -477.968 -32.154 5.93985 0.546612 -0.0652716 1.15969 -0.0652716 0.503552 0.421216 1.15969 0.421216 44.3023 
-92 9 1 -460.533 47.1813 7.51372 3.60774 -0.546594 -0.0621397 -0.546594 2.28155 0.116962 -0.0621397 0.116962 0.489021 
-107 5 0 -537.019 27.5784 -1.78671 0.564213 -0.0336507 -0.0876099 -0.0336507 0.628532 -0.156321 -0.0876099 -0.156321 0.315808 
-104 4 0 -522.667 22.4553 -3.03538 0.8592 0.212266 13.3822 0.212266 0.622283 7.79998 13.3822 7.79998 496.42 
-93 7 1 -467.473 38.2698 6.8425 0.617832 -0.220641 0.137312 -0.220641 0.684628 -0.20236 0.137312 -0.20236 0.697852 
-97 3 0 -487.078 16.5104 -1.5784 0.671868 -0.0911802 -0.157832 -0.0911802 0.970205 0.374423 -0.157832 0.374423 0.453618 
-99 7 2 -497.188 37.6044 11.1207 0.739077 -0.253283 -0.479349 -0.253283 0.705265 0.056313 -0.479349 0.056313 2.94836 
-103 3 0 -517.801 17.5879 -2.13441 0.540575 0.142701 0.2812 0.142701 1.09568 0.750992 0.2812 0.750992 1.70905 
-97 2 0 -487.463 12.6222 -0.40031 0.49865 -0.0324703 -0.058343 -0.0324703 0.476089 -0.0170357 -0.058343 -0.0170357 0.539213 
-90 -4 0 -452.153 -23.2765 -1.59091 1.34448 1.11508 1.34698 1.11508 2.64857 1.72927 1.34698 1.72927 2.89433 
-106 8 1 -530.863 40.3393 6.85252 2.02049 1.81336 0.318237 1.81336 22.0257 0.207187 0.318237 0.207187 0.956794 
-90 -5 0 -453.745 -27.0967 -2.67046 1.72489 17.9307 0.59789 17.9307 308.679 -14.942 0.59789 -14.942 6.82024 
-92 5 1 -463.307 28.6444 8.20567 0.751829 -0.397329 -0.00601401 -0.397329 1.69201 0.339814 -0.00601401 0.339814 0.780731 
-99 7 0 -497.554 37.3258 0.325992 0.509208 -0.0608721 -0.00294453 -0.0608721 0.536666 0.0489746 -0.00294453 0.0489746 0.123426 
-94 -7 1 -473.963 -36.3289 5.80017 7.68461 17.6084 11.4179 17.6084 58.6968 27.8265 11.4179 27.8265 46.9703 
-100 6 0 -502.548 32.5209 1.15064 0.529636 -0.0497862 0.0110065 -0.0497862 0.496252 -0.0044804 0.0110065 -0.0044804 0.130742 
-98 4 0 -492.488 22.472 -3.83213 0.697852 0.202294 10.8835 0.202294 0.63166 7.12095 10.8835 7.12095 400.987 
-95 7 1 -477.993 37.2764 7.06555 0.442285 0.0367296 -0.030805 0.0367296 0.466674 -0.0775212 -0.030805 -0.0775212 0.456 
-106 6 2 -531.822 32.9892 12.331 3.35125 -1.77218 0.601068 -1.77218 1.5208 -0.630803 0.601068 -0.630803 1.13453 
-101 5 0 -507.457 27.4146 -3.17982 0.483716 -0.0422055 -0.0600747 -0.0422055 0.524638 -0.193927 -0.0600747 -0.193927 0.660499 
-95 6 1 -478.071 34.0142 6.68087 0.681447 -0.119879 -0.108941 -0.119879 2.29935 0.0941712 -0.108941 0.0941712 0.39062 
-101 4 0 -507.368 22.5831 -3.45779 0.752264 0.155233 9.17201 0.155233 0.542134 3.85878 9.17201 3.85878 282.893 
-95 6 0 -477.218 33.3687 -0.0941524 0.567206 0.0106173 -0.0315953 0.0106173 0.924766 -0.19989 -0.0315953 -0.19989 0.128462 
-100 3 0 -502.549 16.599 -0.588579 0.460246 -0.070225 -0.00419461 -0.070225 0.991317 0.262197 -0.00419461 0.262197 0.247898 
-99 3 0 -497.505 16.7294 -2.58483 0.482207 0.0786299 0.086707 0.0786299 1.35713 0.853382 0.086707 0.853382 1.55515 
-102 5 0 -512.453 27.474 -3.27295 0.869664 -0.753088 13.4229 -0.753088 1.95071 -25.5626 13.4229 -25.5626 442.808 
-108 8 0 -543.18 42.6389 -1.2119 0.550056 -0.0304178 0.162166 -0.0304178 0.500091 0.0791364 0.162166 0.0791364 0.424638 
-96 6 0 -482.574 33.5154 0.293915 0.523589 0.0199295 -0.0217743 0.0199295 1.01541 -0.242013 -0.0217743 -0.242013 0.152146 
-100 7 0 -502.292 37.3897 0.256 0.513631 0.0805239 -0.0132722 0.0805239 0.617268 0.073937 -0.0132722 0.073937 0.157112 
-97 6 1 -489.124 34.0462 6.89743 2.5811 -1.48927 -0.192896 -1.48927 4.88126 0.679652 -0.192896 0.679652 0.458999 
-96 8 0 -482.697 42.8229 -1.4555 0.430754 -0.0680949 0.0536383 -0.0680949 0.414291 -0.0380777 0.0536383 -0.0380777 0.114779 
-97 7 0 -487.761 37.575 0.0885247 0.404885 -0.0523238 0.020387 -0.0523238 0.531138 0.0149337 0.020387 0.0149337 0.138181 
-109 8 0 -547.491 42.1413 0.817452 0.775657 -0.145334 0.0266864 -0.145334 0.652224 -0.0725188 0.0266864 -0.0725188 0.236434 
-97 6 0 -487.718 33.1829 -1.07042 0.437157 0.00390562 0.0655049 0.00390562 0.750865 -0.160192 0.0655049 -0.160192 0.129109 
-95 5 0 -477.489 27.5035 -4.24507 0.703732 -0.0897478 10.2548 -0.0897478 0.504319 -3.93718 10.2548 -3.93718 469.618 
-96 4 0 -482.388 22.4705 -4.05803 0.437421 -0.010255 -0.362475 -0.010255 0.547818 1.29316 -0.362475 1.29316 40.8801 
-99 6 0 -497.835 32.9828 0.488367 0.515228 -0.0598524 0.0138943 -0.0598524 0.74343 -0.0703646 0.0138943 -0.0703646 0.128027 
-106 5 0 -532.371 27.7981 0.34282 0.596925 0.0162736 -0.0196076 0.0162736 0.74233 -0.0995237 -0.0196076 -0.0995237 0.103647 
-100 4 0 -502.609 22.5345 -3.56894 0.663442 0.158779 9.66659 0.158779 0.604485 7.34255 9.66659 7.34255 458.64 
-108 5 0 -542.363 27.6006 -2.40724 0.402043 -0.00728452 -0.0410856 -0.00728452 0.765783 -2.83996 -0.0410856 -2.83996 33.5129 
-106 6 0 -532.356 32.6873 0.0683099 0.593286 -0.272981 0.0382461 -0.272981 0.653712 -0.0520345 0.0382461 -0.0520345 0.111535 
-104 8 0 -522.686 42.4378 -2.46778 0.507886 -0.101644 -0.00796563 -0.101644 0.505173 -0.190625 -0.00796563 -0.190625 1.57767 
-92 2 0 -461.626 12.9392 -2.56022 0.762736 -0.0712399 -0.427947 -0.0712399 0.403077 -0.0174433 -0.427947 -0.0174433 1.02739 
-97 5 0 -487.958 27.3507 -2.77337 0.540081 -0.00404188 0.171938 -0.00404188 0.639773 0.0328103 0.171938 0.0328103 0.236565 
-109 -1 0 -548.105 -6.81675 -1.90978 7.73791 -1.28962 18.9836 -1.28962 0.550598 -1.01235 18.9836 -1.01235 305.289 
-108 6 1 -542.177 32.7865 7.28413 0.925895 0.267246 0.394512 0.267246 0.56518 0.212236 0.394512 0.212236 1.32617 
-95 4 0 -477.753 22.4033 -4.12564 0.570512 0.0540501 1.40492 0.0540501 0.577749 0.854535 1.40492 0.854535 15.5013 
-90 1 0 -452.435 9.58029 -1.35189 0.670886 0.41648 0.00492138 0.41648 8.25972 0.542243 0.00492138 0.542243 0.39917 
-97 8 0 -487.207 42.1158 -0.600234 0.410345 0.146291 -0.00877059 0.146291 0.541764 0.0359258 -0.00877059 0.0359258 0.127139 
-95 9 0 -477.228 47.252 -2.6312 0.472966 -0.106487 -0.017711 -0.106487 0.449285 0.0578882 -0.017711 0.0578882 0.198278 
-95 8 0 -478.43 42.7102 -0.675918 0.752334 0.209355 0.0746581 0.209355 0.60969 0.0168747 0.0746581 0.0168747 0.108651 
-100 6 2 -502.54 32.8706 10.404 3.01123 1.80586 0.980143 1.80586 1.50728 0.750805 0.980143 0.750805 14.5378 
-93 8 0 -467.428 41.8434 -0.873942 1.14462 0.882745 0.000772548 0.882745 1.21531 0.0507512 0.000772548 0.0507512 0.196375 
-96 6 1 -482.373 34.4548 5.70885 0.887889 1.67407 -0.30055 1.67407 12.8171 -2.61392 -0.30055 -2.61392 3.73415 
-91 1 0 -457.083 9.90721 -3.00431 0.596035 1.99819 -0.224015 1.99819 42.0949 2.04326 -0.224015 2.04326 2.4748 
-104 9 0 -522.104 47.0145 -1.23289 0.666369 0.274142 -0.138491 0.274142 0.764064 0.123653 -0.138491 0.123653 0.371515 
-92 1 0 -462.088 9.90384 -3.26801 0.521928 0.0364007 -0.0449093 0.0364007 6.96763 0.968869 -0.0449093 0.968869 4.67048 
-92 4 0 -462.594 22.4836 -4.5958 0.823014 0.273114 12.9018 0.273114 0.707339 9.84858 12.9018 9.84858 450.756 
-104 6 0 -522.61 32.7507 -2.84085 0.781177 -0.421509 10.8034 -0.421509 1.64307 -20.3262 10.8034 -20.3262 395.911 
-101 9 0 -507.34 47.063 -1.46609 0.627539 -0.19634 -0.0952571 -0.19634 0.633102 0.00853241 -0.0952571 0.00853241 0.245578 
-90 -1 0 -450.756 -7.31975 -3.37531 3.4063 9.30266 4.03185 9.30266 239.857 60.2579 4.03185 60.2579 17.7882 
-92 9 -1 -462.67 47.3096 -5.17535 0.643307 0.193968 3.06612 0.193968 1.26013 -13.5185 3.06612 -13.5185 305.247 
-103 9 0 -517.743 47.2501 -0.33936 0.61635 -0.0391643 0.0339174 -0.0391643 0.856294 0.13546 0.0339174 0.13546 0.168321 
-91 3 0 -457.398 16.5508 -2.7641 0.485925 -0.0377036 -0.0743437 -0.0377036 0.972182 0.441227 -0.0743437 0.441227 0.550634 
-93 7 -1 -467.292 38.5263 -5.08843 0.8699 0.151354 13.5924 0.151354 1.51081 6.04863 13.5924 6.04863 497.544 
-102 4 0 -512.486 22.5047 -3.31093 0.958588 0.225396 15.0795 0.225396 0.586617 7.1848 15.0795 7.1848 474.687 
-101 2 1 -506.429 14.0931 5.37268 2.56131 1.507 -3.86776 1.507 2.63353 -3.82723 -3.86776 -3.82723 11.3975 
-100 5 0 -502.697 28.1477 -1.25676 0.584747 -0.00469638 0.0441932 -0.00469638 0.732846 -0.179573 0.0441932 -0.179573 0.131759 
-93 8 -1 -467.539 42.4106 -5.13486 0.72421 0.166871 8.96577 0.166871 0.4632 4.09952 8.96577 4.09952 381.216 
-100 6 1 -502.869 32.6198 7.15317 0.574891 -0.000395753 0.00414437 -0.000395753 0.495719 0.0597948 0.00414437 0.0597948 0.488251 
-98 7 0 -492.21 37.313 0.217332 0.614023 0.0138593 -0.0329867 0.0138593 0.581321 0.059152 -0.0329867 0.059152 0.153891 
-90 9 2 -452.973 46.1331 11.2135 0.739899 0.489447 0.0845177 0.489447 1.76322 -0.0282725 0.0845177 -0.0282725 1.34225 
-105 4 0 -527.427 22.5452 -2.90027 0.82005 0.142382 12.3751 0.142382 0.588581 6.4764 12.3751 6.4764 420.869 
-104 3 0 -522.413 17.6863 -2.07529 0.487788 -0.00981516 -0.0658512 -0.00981516 0.902886 0.663116 -0.0658512 0.663116 1.803 
-94 8 0 -473.252 41.6924 -2.22694 0.708222 -0.0414167 0.0617534 -0.0414167 0.674364 0.112561 0.0617534 0.112561 0.1289 
-90 3 0 -453.168 16.5978 -2.88836 0.705386 0.0257479 0.276179 0.0257479 0.815815 0.301708 0.276179 0.301708 0.465441 
-90 9 0 -452.922 47.5275 -1.67486 0.638205 0.22089 0.166234 0.22089 0.69753 0.178311 0.166234 0.178311 0.164833 
-103 7 0 -517.328 37.0558 0.450951 0.699495 0.047148 -0.0101728 0.047148 0.477328 0.0423894 -0.0101728 0.0423894 0.098549 
-94 4 0 -472.554 22.4693 -4.33744 0.57557 0.0826228 2.68429 0.0826228 0.545016 2.15989 2.68429 2.15989 82.7174 
-90 9 1 -454.299 47.2497 7.61947 2.56292 0.232157 -0.541584 0.232157 1.67869 0.253769 -0.541584 0.253769 0.755719 
-107 7 0 -537.531 38.2759 0.0646376 0.794213 -0.105095 -0.0573973 -0.105095 0.67492 -0.148535 -0.0573973 -0.148535 0.198259 
-93 3 0 -467.485 17.4244 -4.20782 0.458482 -0.0211316 0.361373 -0.0211316 0.613925 1.29118 0.361373 1.29118 13.4377 
-91 8 -1 -457.31 42.5147 -5.38129 0.704863 0.0240289 5.17218 0.0240289 0.493826 2.6731 5.17218 2.6731 160.789 
-94 3 0 -472.501 17.1116 -3.72761 0.578652 0.0309175 0.108383 0.0309175 0.604546 0.34765 0.108383 0.34765 1.25148 
-93 4 0 -467.452 22.5897 -4.47765 0.658058 0.269918 8.91457 0.269918 0.710229 9.27365 8.91457 9.27365 411.313 
-95 -4 1 -476.658 -24.0347 5.90511 2.87768 2.46403 -1.97788 2.46403 7.85798 -57.0947 -1.97788 -57.0947 689.06 
-107 7 1 -537.295 38.369 6.84577 0.85809 0.125545 -0.0614518 0.125545 0.615637 -0.0735992 -0.0614518 -0.0735992 0.506068 
-94 6 0 -472.3 33.2443 0.646918 0.484361 0.132725 -0.0522111 0.132725 0.987477 -0.204744 -0.0522111 -0.204744 0.126194 
-94 8 -1 -470.647 42.6383 -5.03566 2.66082 0.133141 10.5067 0.133141 0.439449 1.37828 10.5067 1.37828 429.755 
-93 6 0 -467.718 32.4638 1.15598 0.743971 0.155404 0.0159909 0.155404 0.460828 0.0104976 0.0159909 0.0104976 0.104084 
-98 8 0 -492.293 41.9248 -1.32626 0.350193 0.0563312 0.00131363 0.0563312 0.598568 0.0345689 0.00131363 0.0345689 0.168633 
-96 5 0 -482.642 27.4042 -4.06319 0.985417 -0.186333 12.209 -0.186333 0.58348 -4.00562 12.209 -4.00562 308.826 
-90 4 0 -452.489 22.5007 -4.82464 0.714707 0.247388 10.4901 0.247388 0.759078 11.4918 10.4901 11.4918 483.436 
-94 6 1 -473.423 34.1809 6.51851 0.397081 0.0570936 0.273619 0.0570936 4.9833 -0.944205 0.273619 -0.944205 1.04127 
-92 9 0 -460.855 47.589 0.0309256 1.82863 0.706647 -0.0231749 0.706647 1.71652 0.197552 -0.0231749 0.197552 0.122338 
-105 7 2 -529.65 37.8149 11.9256 8.56966 -10.0832 -6.94937 -10.0832 21.339 14.92 -6.94937 14.92 11.0007 
-109 9 0 -547.064 47.1145 -0.840957 0.613973 0.327191 -0.220738 0.327191 0.958212 -0.461216 -0.220738 -0.461216 2.85145 
-90 6 -1 -452.261 32.5696 -5.09706 0.678747 0.563423 8.24487 0.563423 1.93677 24.3283 8.24487 24.3283 445.092 
-95 2 0 -478.758 12.5145 -1.15259 0.99503 0.0809369 0.449035 0.0809369 0.447988 0.112983 0.449035 0.112983 0.567595 
-98 6 0 -492.381 33.3713 0.407581 0.519691 -0.107732 0.0192941 -0.107732 0.813908 -0.119751 0.0192941 -0.119751 0.103006 
-103 6 0 -517.195 32.6844 -1.21094 0.598866 -0.0188547 -0.059272 -0.0188547 0.779854 -0.241747 -0.059272 -0.241747 0.187701 
-106 0 0 -532.901 1.12047 -1.6369 0.352454 0.0635199 0.24563 0.0635199 0.097635 0.0249739 0.24563 0.0249739 1.34975 
-91 6 -1 -456.05 33.2734 -5.04477 1.12005 1.28277 6.84718 1.28277 3.84588 25.558 6.84718 25.558 586.934 
-103 4 0 -517.455 22.5371 -3.17242 0.786252 0.195529 12.078 0.195529 0.631816 8.03168 12.078 8.03168 469.97 
-91 7 0 -459.131 36.3099 0.156432 1.6635 -0.453028 -0.195214 -0.453028 1.06611 0.249371 -0.195214 0.249371 0.212095 
-107 8 0 -536.939 41.5519 1.19946 1.25542 -0.0574588 -0.0820959 -0.0574588 0.916914 0.118973 -0.0820959 0.118973 0.193358 
-90 8 -1 -452.735 43.1571 -5.46659 0.513142 -0.0522099 -0.113697 -0.0522099 0.681406 -1.30872 -0.113697 -1.30872 103.72 
-101 3 0 -507.313 16.6989 -0.171033 0.637627 0.0210623 -0.0249912 0.0210623 0.898501 0.182374 -0.0249912 0.182374 0.20972 
-91 4 0 -457.509 22.5259 -4.71196 0.780172 0.287802 11.9844 0.287802 0.753616 11.4476 11.9844 11.4476 478.205 
-107 6 2 -536.936 33.0323 13.2347 0.929591 0.104719 -0.727911 0.104719 0.445672 -0.422995 -0.727911 -0.422995 3.00615 
-92 8 -1 -462.326 42.3294 -5.24373 1.63361 0.349798 19.7676 0.349798 0.515579 6.54136 19.7676 6.54136 405.292 
-92 7 -1 -462.426 38.3281 -5.20325 0.840409 0.337793 12.2655 0.337793 0.941041 9.34333 12.2655 9.34333 406.437 
-97 4 0 -487.298 22.5455 -3.98159 0.678341 0.250247 9.06961 0.250247 0.669006 8.47934 9.06961 8.47934 422.222 
-91 9 -1 -457.584 47.0287 -5.18969 0.528084 -0.0180391 0.187947 -0.0180391 3.99943 -41.0211 0.187947 -41.0211 524.763 
-93 5 2 -465.508 29.175 10.6445 4.345 1.91293 3.04643 1.91293 2.34987 1.63082 3.04643 1.63082 8.25094 
-95 -5 1 -477.88 -27.0638 5.89037 0.77759 0.275108 1.40465 0.275108 0.566723 1.37396 1.40465 1.37396 23.6008 
-93 5 0 -467.256 27.8695 -2.84218 0.605547 0.0222062 -0.100478 0.0222062 0.573671 -0.192571 -0.100478 -0.192571 0.198884 
-91 8 0 -457.104 43.1883 1.73058 0.951906 -0.423277 0.178435 -0.423277 0.876515 -0.0150916 0.178435 -0.0150916 0.21609 
-96 1 0 -482.4 9.45701 -0.0842133 0.498186 -0.167378 -0.0487495 -0.167378 10.5848 -1.59022 -0.0487495 -1.59022 1.73779 
-105 1 0 -527.534 7.30566 -2.64265 1.40911 0.232146 -1.20269 0.232146 0.54136 -1.4285 -1.20269 -1.4285 14.0108 
-93 9 -1 -466.827 47.0672 -5.13028 1.07619 -0.802998 14.1933 -0.802998 1.49813 -19.4489 14.1933 -19.4489 451.678 
-90 9 -1 -452.623 47.1239 -5.21564 0.788555 -1.07446 10.0626 -1.07446 4.85346 -44.7029 10.0626 -44.7029 478.195 
-91 5 0 -457.643 27.5593 -4.25821 0.506128 0.00875417 0.152205 0.00875417 0.517607 -0.137198 0.152205 -0.137198 0.376147 
-98 3 0 -492.591 16.8774 -3.00598 0.473319 0.0105019 0.146566 0.0105019 0.8552 0.64851 0.146566 0.64851 1.80582 
-109 5 0 -547.485 27.4955 -2.2918 1.17793 -1.13681 15.422 -1.13681 2.54611 -27.4548 15.422 -27.4548 379.879 
-91 9 0 -456.766 48.1926 -0.685654 0.533986 -0.313933 -0.103145 -0.313933 1.34134 0.352821 -0.103145 0.352821 0.191712 
-90 5 0 -452.487 27.3607 -4.83707 0.654763 0.400226 9.24134 0.400226 1.35535 20.3442 9.24134 20.3442 472.079 
-108 9 0 -543.325 47.6405 -1.38168 0.966611 -0.192738 0.876664 -0.192738 0.764058 -0.195864 0.876664 -0.195864 3.96833 
-91 6 0 -457.764 32.216 0.345255 0.456349 -0.144198 0.0153412 -0.144198 0.572968 -0.0541999 0.0153412 -0.0541999 0.0568953 
-90 6 0 -453.418 31.1484 -3.84472 0.767262 0.877517 -0.171352 0.877517 4.55553 -1.39425 -0.171352 -1.39425 0.545316 
-96 9 0 -482.898 47.4522 -3.32698 0.469005 -0.0635824 0.138703 -0.0635824 0.363011 0.121153 0.138703 0.121153 0.678702 
-105 3 0 -527.356 17.2582 -1.97015 0.536633 0.0271349 0.0688265 0.0271349 0.814036 0.746114 0.0688265 0.746114 2.24594 
-96 2 0 -482.388 12.514 -0.193394 0.487149 0.00977372 -0.000224367 0.00977372 0.448971 -0.0177954 -0.000224367 -0.0177954 0.406502 
-108 0 0 -543.16 2.76652 -2.12615 1.97482 0.864234 11.5137 0.864234 1.04626 -2.14696 11.5137 -2.14696 250.263 
-95 7 0 -477.386 37.6129 -0.335331 0.460003 0.00921817 0.0285516 0.00921817 0.601013 0.100848 0.0285516 0.100848 0.111214 
-94 7 0 -472.764 37.3867 -0.0750859 0.511793 0.0808443 0.0418019 0.0808443 0.57482 0.0998613 0.0418019 0.0998613 0.117762 
-93 7 0 -467.415 37.5722 0.413437 0.53928 -0.0757928 -0.0269564 -0.0757928 0.400658 0.0250579 -0.0269564 0.0250579 0.169499 
-108 7 2 -541.255 36.0426 12.2829 5.10513 12.763 -11.7579 12.763 64.6264 -70.6636 -11.7579 -70.6636 80.3145 
-100 7 1 -502.739 37.194 7.19052 0.56496 0.0136398 0.206254 0.0136398 0.522279 -0.110456 0.206254 -0.110456 0.519756 
-99 2 0 -496.849 13.9713 -2.72472 1.25301 0.792203 1.91576 0.792203 8.92226 8.20857 1.91576 8.20857 14.1137 
-99 8 1 -498.085 41.6222 6.50608 1.64682 -1.68804 0.823707 -1.68804 3.35402 -0.960787 0.823707 -0.960787 1.29571 
-92 3 0 -462.253 17.2071 -3.8455 0.530169 0.0152611 -0.239736 0.0152611 0.758089 0.594018 -0.239736 0.594018 1.45066 
-92 6 0 -462.527 31.8316 0.877996 0.487005 0.0288906 0.026217 0.0288906 0.451278 0.032947 0.026217 0.032947 0.0783592 
-96 7 0 -482.923 37.0731 0.259503 0.530318 0.0662292 -0.00862243 0.0662292 0.574056 0.118483 -0.00862243 0.118483 0.134025 
-102 6 0 -512.398 33.1979 0.740951 0.497081 0.00726798 -0.036518 0.00726798 0.93282 -0.184133 -0.036518 -0.184133 0.149693 
-102 3 0 -512.607 17.506 -2.37951 0.600505 0.147275 0.163488 0.147275 1.13004 0.838237 0.163488 0.838237 2.11866 
-95 -3 1 -477.388 -19.1793 5.58944 0.557699 0.932533 0.4316 0.932533 53.5469 -10.4461 0.4316 -10.4461 35.0005 
-99 4 0 -497.702 22.6825 -3.70289 0.641174 0.159288 9.34997 0.159288 0.723735 8.61984 9.34997 8.61984 431.734 
-90 8 0 -450.955 43.2545 0.250882 0.536628 0.00246929 0.0241953 0.00246929 0.42192 0.0420492 0.0241953 0.0420492 0.177031 
-93 5 1 -465.98 28.6714 8.53639 1.95165 0.361149 -0.648179 0.361149 1.34278 0.0744293 -0.648179 0.0744293 1.02185 
-95 -7 1 -477.323 -36.1527 5.92784 0.655273 10.3127 -0.075465 10.3127 352.129 -7.11031 -0.075465 -7.11031 51.8734 
-90 7 0 -451.565 39.0535 -1.93379 0.74302 0.203829 -0.176434 0.203829 0.955164 -0.000220477 -0.176434 -0.000220477 0.102095 
-93 6 2 -466.383 32.0829 10.8111 4.50273 0.0496363 1.84207 0.0496363 0.781118 -0.122968 1.84207 -0.122968 3.50335 
-102 7 0 -512.202 36.7771 0.586772 0.901565 0.0288469 -0.139547 0.0288469 0.681571 0.0792425 -0.139547 0.0792425 0.219815 
-99 5 0 -497.522 27.5404 -3.67237 0.812859 -0.559918 12.6274 -0.559918 1.47079 -21.2169 12.6274 -21.2169 473.094 
-98 2 0 -490.897 12.5141 -1.13498 2.41918 0.0405716 -0.59878 0.0405716 0.582946 0.137799 -0.59878 0.137799 0.740091 
-94 9 0 -473.055 48.14 -2.64313 0.743077 0.170861 0.0260061 0.170861 0.546072 -0.0503213 0.0260061 -0.0503213 0.120034 
-106 7 2 -530.96 36.4911 11.4732 80.8691 -50.5534 -30.3124 -50.5534 35.4555 24.002 -30.3124 24.002 19.9588 
-96 3 0 -482.723 16.3752 -1.53154 0.491024 0.0799479 0.0837908 0.0799479 1.07892 0.458717 0.0837908 0.458717 0.462671 
-101 8 2 -506.596 41.3997 11.3802 1.71776 -0.949436 2.35722 -0.949436 1.79343 -2.55579 2.35722 -2.55579 5.29124 
-106 4 0 -532.503 22.4939 -2.75551 0.901738 0.208326 14.138 0.208326 0.582362 7.07435 14.138 7.07435 475.434 
-91 2 0 -457.159 12.6906 -1.49757 0.469666 -0.00563582 -0.118348 -0.00563582 0.559799 -0.0261316 -0.118348 -0.0261316 0.4464 
-90 7 -1 -452.139 38.2194 -5.39911 0.592104 0.121494 5.44306 0.121494 0.848178 5.21205 5.44306 5.21205 292.221 
-101 7 0 -507.391 37.0737 0.807611 0.640977 -0.104324 0.0341292 -0.104324 0.703587 0.0339609 0.0341292 0.0339609 0.15506 
-107 9 0 -536.298 48.1907 1.89231 1.02869 0.0311847 -0.351855 0.0311847 0.84569 0.0269554 -0.351855 0.0269554 0.339713 
-94 5 0 -472.322 27.2783 -4.3636 0.820174 -0.0263882 10.6348 -0.0263882 0.467415 -1.30611 10.6348 -1.30611 347.839 
-93 9 0 -468.247 48.7192 -1.88693 2.30433 -1.47904 -0.0137418 -1.47904 3.74522 -0.116987 -0.0137418 -0.116987 0.0998534 
-90 2 0 -452.966 12.0908 -1.2031 0.690711 0.233016 0.103485 0.233016 0.649735 0.138907 0.103485 0.138907 0.344241 
-109 4 0 -547.966 22.0166 -2.31822 0.706088 -0.0428384 10.8318 -0.0428384 0.482563 0.138038 10.8318 0.138038 365.72 
-100 7 2 -503.285 36.8092 11.914 2.98724 -2.96404 -0.514485 -2.96404 3.76177 0.278679 -0.514485 0.278679 0.464566 
-103 5 0 -517.644 27.6144 -3.10813 0.586908 -0.179076 3.8492 -0.179076 0.871504 -6.95721 3.8492 -6.95721 124.77 
-101 6 0 -507.094 32.6942 1.30791 0.615374 0.18512 -0.0510029 0.18512 0.635927 -0.0425324 -0.0510029 -0.0425324 0.127353 
-103 8 0 -516.381 42.3368 0.454949 0.727911 -0.214824 -0.135779 -0.214824 0.679753 0.0902772 -0.135779 0.0902772 0.15999 
-105 8 0 -527.287 42.0763 -1.95671 0.586009 -0.171871 0.222017 -0.171871 0.621078 -0.0142612 0.222017 -0.0142612 0.546778 
-102 8 0 -512.864 43.0503 -0.433399 0.540479 -0.0534246 0.000674853 -0.0534246 0.544972 0.0471962 0.000674853 0.0471962 0.113284 
-94 -4 0 -471.099 -24.7068 4.50529 153.851 586.841 -6.66736 586.841 3994.85 -44.8792 -6.66736 -44.8792 4.58778 
-94 2 0 -472.332 11.9735 -2.31582 0.314922 0.0528071 0.0115342 0.0528071 0.496297 0.230382 0.0115342 0.230382 0.620236 
-96 -3 1 -481.945 -19.0341 5.69519 0.621591 -1.02964 1.86955 -1.02964 61.3978 -29.7492 1.86955 -29.7492 41.2603 
-101 -3 1 -506.643 -18.5225 5.72289 3619.48 121.423 -1284.63 121.423 2458.74 -292.304 -1284.63 -292.304 485.899 
-101 8 0 -506.911 41.8977 -0.383587 0.586572 0.0312977 -0.0255556 0.0312977 0.695335 0.0922819 -0.0255556 0.0922819 0.13788 
-108 2 0 -543.731 11.7004 -2.08873 1.4432 -1.05996 12.7279 -1.05996 3.33175 7.01863 12.7279 7.01863 330.004 
-100 8 0 -502.588 41.704 -0.494305 0.355318 0.128881 0.0373151 0.128881 0.563522 0.0279875 0.0373151 0.0279875 0.171338 
-100 -3 1 -502.646 -18.5507 6.19982 1.81555 9.22821 6.28764 9.22821 89.7326 -11.8035 6.28764 -11.8035 131.176 
-98 -5 1 -492.297 -25.0947 6.04428 0.508543 2.08354 1.32469 2.08354 402.897 -26.1716 1.32469 -26.1716 25.0207 
-99 8 0 -497.638 41.9151 -1.11918 0.574637 -0.0714273 0.113537 -0.0714273 0.72145 0.0977302 0.113537 0.0977302 0.212298 
-100 2 0 -503.153 13.4802 2.19149 0.754949 -0.185248 0.0634381 -0.185248 1.20599 0.300098 0.0634381 0.300098 0.618333 
-102 9 0 -513.127 46.8956 -1.19688 0.59597 0.102533 0.103378 0.102533 0.465498 0.0551817 0.103378 0.0551817 0.210906 
-90 8 2 -452.995 44.3086 12.0196 15.0433 -3.18227 -17.9391 -3.18227 20.2425 9.76828 -17.9391 9.76828 23.5997 
-99 9 0 -497.511 47.1288 -0.399351 0.634145 0.222451 -0.00641705 0.222451 0.764664 0.0866122 -0.00641705 0.0866122 0.162067 
-108 4 0 -542.219 22.6217 -2.4762 0.779023 0.149156 11.827 0.149156 0.555536 4.85904 11.827 4.85904 461.106 
-91 -4 0 -456.736 -22.7389 -1.46283 8.41892 40.194 -0.0914356 40.194 268.466 -0.766855 -0.0914356 -0.766855 1.26186 
-96 -3 0 -481.644 -19.1251 3.96858 1901.59 438.678 -154.852 438.678 1121.03 33.2588 -154.852 33.2588 19.4118 
-105 0 0 -527.535 -1.06439 -2.16004 2.29787 -0.747955 1.25746 -0.747955 11.8289 48.9836 1.25746 48.9836 216.696 
-103 6 1 -515.598 34.2872 5.71698 1.744 1.39601 -0.915886 1.39601 2.99457 -1.71849 -0.915886 -1.71849 3.39812 
-109 0 0 -548.013 2.35439 -1.80153 1.5071 -0.227083 5.96655 -0.227083 0.728209 -4.14173 5.96655 -4.14173 54.4219 
-107 0 0 -536.401 2.99138 -1.00314 0.751855 0.616834 0.0850929 0.616834 2.96731 0.906046 0.0850929 0.906046 0.835159 
-106 5 1 -533.339 27.7921 5.57803 1.18868 0.166361 0.0134954 0.166361 1.20966 0.000116588 0.0134954 0.000116588 1.54767 
-95 3 0 -477.697 17.2388 -3.56644 0.534036 0.0222615 0.319281 0.0222615 0.690578 0.445724 0.319281 0.445724 1.27338 
-106 2 0 -534.078 10.6804 -2.46803 12.8929 3.89376 133.341 3.89376 6.5702 24.5024 133.341 24.5024 1738.13 
-105 6 2 -528.14 32.2834 11.8661 3.62852 -3.08209 1.59586 -3.08209 3.86289 -2.83827 1.59586 -2.83827 3.47599 
-106 3 0 -532.476 17.56 -1.84725 0.494723 0.0385311 0.0323525 0.0385311 1.19172 0.99168 0.0323525 0.99168 2.09913 
-99 -3 0 -498.274 -18.6085 2.90369 231.419 -122.998 -6.51767 -122.998 80.969 4.96256 -6.51767 4.96256 0.631125 
-92 8 0 -462.791 41.2797 -0.419887 0.738307 -0.0645253 -0.0886099 -0.0645253 1.33591 -0.173284 -0.0886099 -0.173284 0.192013 
-107 3 0 -537.162 17.3186 -1.52231 0.468151 -0.121097 -0.147061 -0.121097 1.3039 0.897731 -0.147061 0.897731 1.56035 
-95 8 2 -479.046 43.1901 11.5925 1.23563 0.301933 -0.0684302 0.301933 0.854946 -0.325592 -0.0684302 -0.325592 0.786302 
-97 9 0 -487.369 47.503 -2.23097 0.554134 -0.0180214 -0.119923 -0.0180214 0.489459 -0.114338 -0.119923 -0.114338 0.314941 
-94 -3 0 -473.306 -19.3543 3.87156 116.987 34.1269 8.80334 34.1269 101.786 -0.163278 8.80334 -0.163278 2.77952 
-108 3 0 -542.597 17.187 -1.55124 0.470688 -0.0649755 -0.0160491 -0.0649755 1.05812 0.853224 -0.0160491 0.853224 1.91002 
-107 4 0 -537.345 22.603 -2.61275 0.839244 0.162104 12.6175 0.162104 0.524065 4.71489 12.6175 4.71489 449.14 
-105 7 0 -527.597 37.233 -1.67383 0.470041 0.0425078 0.0657574 0.0425078 0.498841 0.133766 0.0657574 0.133766 0.256744 
-105 6 0 -527.287 32.6795 1.12777 0.795887 -0.0646507 -0.00725435 -0.0646507 0.678365 -0.0206863 -0.00725435 -0.0206863 0.105468 
-100 8 2 -502.083 42.0243 12.5439 0.882171 -0.0264531 -0.695751 -0.0264531 0.499194 -0.155479 -0.695751 -0.155479 1.56444 
-100 9 0 -502.343 46.8925 -0.0813575 0.909218 -0.490001 -0.018375 -0.490001 0.826412 0.0486639 -0.018375 0.0486639 0.169043 
-107 6 1 -537.065 32.1895 7.73151 1.79348 0.260106 0.952102 0.260106 0.454413 0.173926 0.952102 0.173926 1.02655 
-108 1 0 -542.348 7.67559 -2.12359 0.929689 -0.108933 12.3225 -0.108933 0.365259 -1.19376 12.3225 -1.19376 330.62 
-107 1 0 -537.523 7.63374 -2.29932 1.03455 0.145291 15.1107 0.145291 0.582583 1.45059 15.1107 1.45059 454.65 
-93 1 0 -468.373 9.88631 -1.21532 0.876087 -10.1805 0.252426 -10.1805 384.762 19.9093 0.252426 19.9093 4.17617 
-97 7 2 -487.11 37.3184 11.4207 1.21045 -0.267938 -0.119445 -0.267938 0.646318 0.0509821 -0.119445 0.0509821 1.24946 
-107 2 0 -537.051 12.0716 -2.17002 0.705285 -0.154003 0.584229 -0.154003 1.15874 -5.6001 0.584229 -5.6001 47.9548 
-92 8 1 -462.034 43.2255 6.81564 0.726049 0.0134571 -0.0176849 0.0134571 0.622214 0.151617 -0.0176849 0.151617 0.933647 
-109 2 0 -547.574 12.6955 -1.53221 2.09024 0.168464 4.73837 0.168464 0.686989 1.26406 4.73837 1.26406 14.5402 
-91 9 1 -456.541 46.9695 7.2415 0.593075 -0.258718 -0.325163 -0.258718 0.574016 0.0526526 -0.325163 0.0526526 1.08892 
-95 8 1 -478.263 42.4558 7.16448 0.723756 0.423504 -0.153772 0.423504 0.847954 -0.185675 -0.153772 -0.185675 0.529229 
-105 2 0 -527.711 13.6527 -1.57738 1.26292 -0.474857 0.0312926 -0.474857 0.88042 -0.492427 0.0312926 -0.492427 4.00278 
-92 7 0 -463.085 37.7218 0.990522 0.664967 0.166893 0.000392384 0.166893 0.55276 0.141793 0.000392384 0.141793 0.194111 
-109 3 0 -547.03 17.0407 -1.43624 0.551903 -0.0350852 -0.12856 -0.0350852 0.701814 0.399926 -0.12856 0.399926 1.41109 
-100 5 1 -502.864 29.2741 6.70084 0.858864 0.577946 0.0468852 0.577946 7.44361 -0.922322 0.0468852 -0.922322 0.577022 
-109 6 0 -547.276 32.3796 -2.00489 0.491831 -0.0346556 0.211571 -0.0346556 0.672921 -2.26764 0.211571 -2.26764 27.1298 
-105 8 1 -528.676 41.0361 6.30787 1.81054 0.446209 -0.51226 0.446209 1.91621 0.111256 -0.51226 0.111256 1.10275 
-95 0 0 -477.234 -4.2254 1.76865 1660.29 879.31 -161.712 879.31 1322.35 -85.3377 -161.712 -85.3377 18.1738 
-91 7 -1 -457.661 38.7443 -5.34336 0.815799 -0.177391 8.01163 -0.177391 1.64154 -1.37313 8.01163 -1.37313 217.048 
-108 6 0 -542.553 32.6867 -2.24889 1.36765 -1.03644 20.0036 -1.03644 1.84818 -24.1341 20.0036 -24.1341 446.657 
-99 -4 1 -497.855 -24.954 6.20142 0.697818 6.08754 -3.09993 6.08754 437.907 -60.9782 -3.09993 -60.9782 39.485 
-108 7 0 -542.239 37.2501 -1.79329 0.631264 -0.21243 0.326988 -0.21243 0.593953 -0.464425 0.326988 -0.464425 1.61781 
-106 7 0 -531.535 37.3369 0.509241 0.709581 -0.0663253 -0.117145 -0.0663253 0.50019 -0.0243573 -0.117145 -0.0243573 0.159008 
-106 9 0 -533.533 48.4924 2.38892 1.88113 -1.11502 0.689967 -1.11502 1.79838 -0.642577 0.689967 -0.642577 0.598051 
-105 9 0 -526.923 47.996 -2.03012 0.516441 0.0335198 -0.109211 0.0335198 0.577787 -0.155257 -0.109211 -0.155257 1.04023 
-102 8 2 -513.067 40.9262 12.3685 1.35746 -3.13538 -1.36298 -3.13538 14.5639 3.26622 -1.36298 3.26622 1.78145 
-107 5 1 -536.679 27.7113 7.1613 1.31264 0.223783 0.0209085 0.223783 0.722223 -0.140071 0.0209085 -0.140071 0.878007 
-94 -3 1 -472.307 -19.2796 5.5345 0.603489 1.6437 0.265818 1.6437 39.0994 -16.0836 0.265818 -16.0836 39.529 
-97 8 1 -485.939 41.09 7.89726 1.1853 0.0605489 0.304429 0.0605489 4.28702 0.0138287 0.304429 0.0138287 0.533632 
-109 1 0 -547.648 6.86986 -1.88348 2.49434 0.28384 17.9286 0.28384 0.630741 1.07028 17.9286 1.07028 185.586 
-109 7 0 -547.599 38.2552 0.00380043 1.40442 -0.206689 0.437851 -0.206689 0.631108 -0.180894 0.437851 -0.180894 0.36459 
-97 1 0 -487.467 9.65776 -0.420255 0.506757 0.531752 -0.237372 0.531752 26.1193 -4.01598 -0.237372 -4.01598 3.99472 
-98 1 0 -490.473 9.75266 -0.806595 27.9642 2.72675 -0.940469 2.72675 344.063 11.5644 -0.940469 11.5644 13.7168 
-99 8 2 -495.888 44.0508 12.0874 18.3246 -18.5782 3.3422 -18.5782 19.2441 -3.59807 3.3422 -3.59807 2.08314 
-95 1 0 -479.704 9.77645 0.0942293 24.4922 -18.9329 -0.370497 -18.9329 58.4874 1.67248 -0.370497 1.67248 1.78103 
-101 8 1 -505.869 40.9054 7.17666 1.27131 0.116915 -0.213444 0.116915 3.6854 -0.0422562 -0.213444 -0.0422562 0.448589 
-101 2 0 -506.572 13.4727 2.53845 1.39367 0.173007 -0.103755 0.173007 1.05402 0.0863181 -0.103755 0.0863181 0.703034 
-95 -5 0 -477.351 -25.4778 4.57009 1054.82 -127.714 -83.2698 -127.714 49.8113 5.30752 -83.2698 5.30752 44.0859 
-98 9 0 -492.442 47.479 -0.882978 0.745791 -0.0638631 -0.00156178 -0.0638631 0.78432 -0.0554364 -0.00156178 -0.0554364 0.147766 
-93 7 2 -466.822 37.2966 10.4052 4.40599 4.86504 9.00016 4.86504 5.91197 10.0002 9.00016 10.0002 35.4494 
-105 5 0 -527.394 27.5155 -2.41383 0.541958 0.0273626 0.0252614 0.0273626 0.553987 -0.202539 0.0252614 -0.202539 0.409329 
-94 -6 1 -473.515 -32.0878 5.74278 1.73901 0.0592463 4.30503 0.0592463 0.515386 -0.71802 4.30503 -0.71802 47.3984 
-92 5 0 -462.627 28.3332 -1.0814 0.455756 -0.054109 0.00304642 -0.054109 0.912023 -0.264992 0.00304642 -0.264992 0.156682 
-99 -5 1 -496.205 -25.0753 5.71124 5.30324 -29.4898 -4.41246 -29.4898 361.651 7.96771 -4.41246 7.96771 9.31973 
-104 7 0 -522.854 37.4224 -2.67721 1.55624 -0.0802432 20.7248 -0.0802432 0.474697 -2.83756 20.7248 -2.83756 403.341 
-96 -5 1 -482.168 -26.1538 6.08908 0.519537 0.120711 0.173684 0.120711 0.628319 0.337667 0.173684 0.337667 2.28963 
-94 -4 1 -472.163 -24.003 5.61578 1.36527 -0.705526 6.81049 -0.705526 0.972109 -2.88325 6.81049 -2.88325 57.4661 
-106 8 0 -531.669 41.2538 0.931204 0.486554 -0.00344315 -0.0648132 -0.00344315 2.29285 0.261254 -0.0648132 0.261254 0.202484 
-97 -3 1 -487.777 -18.8809 5.83637 0.466307 0.0827382 -0.232181 0.0827382 32.4182 -17.9224 -0.232181 -17.9224 33.0879 
-99 -3 1 -497.627 -18.6292 5.88893 0.728432 1.69829 -0.708443 1.69829 46.5389 -3.39518 -0.708443 -3.39518 6.9141 
-106 1 0 -533.473 8.46141 -2.47939 2.06064 0.0901677 23.3026 0.0901677 0.482144 3.43854 23.3026 3.43854 426.226 
-98 -3 1 -492.269 -18.8064 5.8964 0.486775 -1.96259 1.09807 -1.96259 68.5067 -13.9993 1.09807 -13.9993 18.5313 
-98 6 1 -493.014 34.0942 6.34318 0.510729 -0.182549 -0.0620919 -0.182549 1.48147 -0.0544979 -0.0620919 -0.0544979 0.408687 
-107 6 0 -537.539 32.3947 -1.77665 0.504992 -0.0706223 -0.101757 -0.0706223 0.456189 -0.0087859 -0.101757 -0.0087859 0.291256 
-100 2 1 -503.87 13.8756 5.86885 1.44316 -0.405831 0.24147 -0.405831 0.955763 -0.339473 0.24147 -0.339473 2.45155 
-100 3 1 -502.97 16.2206 5.40016 1.1814 -0.71146 1.80883 -0.71146 2.54156 -2.50947 1.80883 -2.50947 10.6655 
-101 5 1 -507.24 29.6414 6.78725 0.490191 0.724729 0.134199 0.724729 16.349 0.443131 0.134199 0.443131 0.986266 
-106 6 1 -532.884 32.9251 6.17068 0.601852 0.0553736 -0.11496 0.0553736 0.652399 -0.236836 -0.11496 -0.236836 1.16849 
-105 6 1 -527.348 32.7188 6.42753 1.35287 -0.529768 0.246201 -0.529768 0.754594 -0.175546 0.246201 -0.175546 0.89039 
-101 6 1 -507.324 32.2917 6.41642 0.608719 0.107927 0.0204388 0.107927 0.577907 0.175188 0.0204388 0.175188 1.16382 
