-90 10 2 -452.61 51.2726 12.859 4.41109 1.26922 -5.31753 1.26922 55.8442 30.0185 -5.31753 30.0185 25.3564 
-101 10 2 -508.526 51.3833 12.0288 8.35569 0.69061 -0.104893 0.69061 1.03819 -0.11259 -0.104893 -0.11259 0.484803 
-96 11 3 -482.044 57.3725 16.4205 1.6099 -2.35302 -0.280983 -2.35302 13.1508 3.08333 -0.280983 3.08333 1.51509 
-107 13 1 -536.595 67.5014 7.56983 89.3689 -145.249 0.888282 -145.249 516.382 3.17169 0.888282 3.17169 0.64686 
-98 10 1 -490.96 54.1048 5.98581 1735 -3661.22 -662.871 -3661.22 8281.82 1496.52 -662.871 1496.52 290.56 
-94 16 1 -473.722 82.0866 7.75337 25.5867 -52.7327 3.31992 -52.7327 117.033 -8.16233 3.31992 -8.16233 1.17189 
-105 10 2 -525.58 50.0611 10.639 269.2 -957.561 -92.3954 -957.561 4791.15 421.197 -92.3954 421.197 42.9994 
-100 15 1 -501.037 76.3956 7.72073 78.3876 -141.041 -11.3516 -141.041 407.142 37.4997 -11.3516 37.4997 4.0148 
-94 15 1 -472.924 75.5508 7.10416 44.0831 -69.6549 -4.63745 -69.6549 303.133 19.1075 -4.63745 19.1075 2.24566 
-96 14 1 -480.72 73.5703 7.06497 150.099 -140.052 14.1085 -140.052 290.424 1.62673 14.1085 1.62673 3.44578 
-99 13 1 -495.616 68.8501 7.10628 29.1596 -30.8284 -2.13346 -30.8284 35.1053 2.23548 -2.13346 2.23548 0.877299 
-94 12 1 -470.671 62.8293 6.72816 490.575 0.15363 -32.6195 0.15363 492.735 2.30812 -32.6195 2.30812 2.67479 
-97 12 1 -488.472 60.8481 6.83864 205.658 116.65 -20.1852 116.65 67.0815 -10.9318 -20.1852 -10.9318 2.76836 
-92 14 1 -460.387 73.4286 7.1227 206.44 -0.729848 3.52636 -0.729848 427.034 2.18031 3.52636 2.18031 0.49868 
-92 12 1 -461.335 60.7603 6.1153 296.392 -237.532 36.1769 -237.532 191.19 -29.1734 36.1769 -29.1734 5.74275 
-98 11 1 -492.093 58.9558 6.50558 602.601 -116.925 6.63317 -116.925 383.341 38.4153 6.63317 38.4153 5.18437 
-96 11 1 -480.845 57.8376 7.12985 16.3445 2.98657 -0.383516 2.98657 4.76464 0.00293607 -0.383516 0.00293607 0.555019 
-98 13 1 -492.343 66.5897 6.88058 73.0665 90.2258 -4.85333 90.2258 307.096 -7.56268 -4.85333 -7.56268 0.846198 
-95 11 1 -478.357 56.6919 6.87544 0.409113 -0.225958 0.217862 -0.225958 0.917422 -0.453591 0.217862 -0.453591 0.743144 
-94 10 1 -472.016 51.76 7.04909 4.69524 -1.98481 0.345692 -1.98481 8.05778 0.782227 0.345692 0.782227 0.530636 
-99 10 1 -496.898 53.324 5.47864 125.453 -133.17 12.5659 -133.17 142.246 -15.1695 12.5659 -15.1695 11.9216 
-101 12 0 -507.206 61.6282 -0.683194 1.82495 2.06553 -0.462769 2.06553 2.87209 -0.640752 -0.462769 -0.640752 1.0238 
-90 14 0 -452.188 72.9762 -0.422938 0.476913 0.192435 -0.16824 0.192435 0.747219 -0.17707 -0.16824 -0.17707 0.257654 
-94 14 0 -472.327 72.113 -2.34597 0.803941 -0.814567 5.3045 -0.814567 6.73995 -57.5333 5.3045 -57.5333 605.188 
-91 15 0 -457.366 76.3858 -0.537517 5.8211 -3.76225 -0.0461417 -3.76225 6.56707 -0.808423 -0.0461417 -0.808423 0.441882 
-99 11 0 -498.125 57.6282 -0.123692 0.79414 0.0901831 -0.166989 0.0901831 0.342694 0.0719951 -0.166989 0.0719951 0.37798 
-91 13 1 -459.128 66.0205 7.15743 346.036 177.629 50.5023 177.629 344.824 35.6051 50.5023 35.6051 8.27949 
-98 11 0 -491.622 57.9191 -0.50027 1.16351 0.470524 -0.117505 0.470524 0.857732 -0.185676 -0.117505 -0.185676 0.272582 
-93 12 0 -467.373 62.1769 -3.44419 0.514294 -0.0167386 -0.28297 -0.0167386 1.15534 -2.87007 -0.28297 -2.87007 17.5639 
-95 15 0 -478.549 77.8573 0.0751143 0.993241 0.924626 0.0990176 0.924626 1.6366 -0.00448903 0.0990176 -0.00448903 0.260389 
-90 11 0 -452.866 57.4927 -3.20162 0.651677 -0.118117 0.188103 -0.118117 0.422938 -0.100099 0.188103 -0.100099 0.474673 
-103 11 0 -517.386 57.5936 -0.843974 0.532157 0.0212934 -0.0884414 0.0212934 0.553317 -0.0956439 -0.0884414 -0.0956439 0.602183 
-93 11 0 -467.645 56.9274 -2.96593 0.40858 0.0276967 0.0495027 0.0276967 0.613118 0.197162 0.0495027 0.197162 0.313139 
-100 10 0 -502.281 52.4157 -1.80673 0.45984 -0.0273205 -0.277053 -0.0273205 0.432938 0.0926292 -0.277053 0.0926292 1.36839 
-91 11 0 -457.146 57.0983 -1.26448 0.638104 0.169709 -0.0668469 0.169709 0.81539 -0.00671304 -0.0668469 -0.00671304 0.121198 
-90 12 0 -452.434 62.2584 -3.11827 0.481193 -0.0917313 -0.160441 -0.0917313 0.599425 0.037374 -0.160441 0.037374 0.762055 
-96 10 0 -482.453 52.5558 -2.45803 0.433809 -0.0911625 -0.0217245 -0.0911625 0.519706 -0.102378 -0.0217245 -0.102378 0.307081 
-92 14 0 -461.013 73.4336 1.55003 0.930678 -0.168238 -0.291577 -0.168238 4.35222 0.0890597 -0.291577 0.0890597 0.238353 
-93 14 0 -467.23 71.9897 -1.38739 0.844293 0.471941 -0.0704772 0.471941 1.59467 0.206229 -0.0704772 0.206229 0.32053 
-91 12 0 -457.548 63.1616 -2.14367 0.39853 -0.0365383 0.0510405 -0.0365383 0.486906 -0.0520251 0.0510405 -0.0520251 0.18893 
-101 10 0 -507.757 52.6891 -0.65936 0.897813 -0.345573 0.0721648 -0.345573 1.06128 0.0208203 0.0721648 0.0208203 0.216908 
-101 10 1 -507.933 51.9111 7.01356 6.40791 -6.97892 -0.957198 -6.97892 56.019 5.49296 -0.957198 5.49296 1.07434 
-99 10 0 -497.411 52.6283 -0.390936 0.478577 -0.162812 0.00836013 -0.162812 0.481258 0.0259243 0.00836013 0.0259243 0.189163 
-103 10 0 -517.602 52.5233 -1.75689 0.594623 -0.00759256 0.0955653 -0.00759256 0.604745 -0.327079 0.0955653 -0.327079 0.534042 
-106 13 1 -531.024 68.1258 7.31178 34.3173 1.02346 0.801641 1.02346 2.34492 0.426267 0.801641 0.426267 3.71749 
-100 11 0 -503.156 57.8327 0.16794 0.930171 -0.256987 -0.163104 -0.256987 0.932495 0.216425 -0.163104 0.216425 0.258231 
-104 10 0 -522.571 53.0326 -0.989669 0.625249 0.11097 -0.0886607 0.11097 0.47066 -0.115149 -0.0886607 -0.115149 0.273969 
-103 13 0 -517.905 66.944 0.995484 2.35546 -1.3 1.57229 -1.3 1.79929 -0.850696 1.57229 -0.850696 1.67391 
-94 11 0 -472.122 57.7928 -3.41568 0.56548 0.0476895 -0.359963 0.0476895 0.801618 0.393715 -0.359963 0.393715 2.53081 
-106 14 1 -530.701 73.4042 7.30265 44.4343 -52.8628 2.29252 -52.8628 162.805 -7.30815 2.29252 -7.30815 0.662627 
-109 11 0 -547.638 57.0261 -0.115889 3.07715 -2.28639 24.6278 -2.28639 3.2578 -26.4118 24.6278 -26.4118 251.524 
-90 10 0 -452.36 52.7226 -2.67156 0.592842 0.049672 -0.0591711 0.049672 0.416783 -0.0312158 -0.0591711 -0.0312158 0.137795 
-107 12 0 -537.883 61.0518 1.01361 6.19355 7.85932 0.872148 7.85932 14.7299 0.213832 0.872148 0.213832 0.590921 
-96 13 0 -482.461 67.567 -1.80056 1.09781 -0.538699 8.76458 -0.538699 1.96795 -12.0977 8.76458 -12.0977 120.785 
-97 13 0 -487.04 68.1986 -1.05142 0.640051 -0.0112594 -0.190304 -0.0112594 0.521527 0.0956737 -0.190304 0.0956737 0.622729 
-105 12 1 -525.985 61.096 7.05101 2.04707 -0.855073 -0.261691 -0.855073 5.38009 0.560484 -0.261691 0.560484 0.583699 
-92 11 0 -462.293 57.4935 -3.02325 0.488796 -0.0240585 -0.0706753 -0.0240585 0.414535 -0.0218709 -0.0706753 -0.0218709 0.182955 
-91 10 0 -457.039 52.7892 -3.63842 0.610473 0.00202058 -0.186054 0.00202058 0.670039 -0.088627 -0.186054 -0.088627 0.30748 
-107 13 0 -536.36 67.5926 3.4122 104.795 -133.661 6.69421 -133.661 207.356 -8.20088 6.69421 -8.20088 1.0248 
-96 11 2 -480.893 57.6958 12.9928 8.89057 -27.0648 0.710238 -27.0648 123.937 -0.301477 0.710238 -0.301477 0.71147 
-94 10 0 -472.46 52.2485 -2.99212 0.646249 -0.114444 -0.00116624 -0.114444 0.921229 -0.0290153 -0.00116624 -0.0290153 0.145929 
-91 10 1 -456.008 54.4981 9.14926 84.3484 -49.3737 -37.2116 -49.3737 48.4641 27.2408 -37.2116 27.2408 20.273 
-105 11 0 -527.377 57.433 -0.994708 0.536389 -0.0832312 0.215257 -0.0832312 0.675803 -2.24913 0.215257 -2.24913 17.9547 
-97 10 0 -487.529 51.9644 -1.97882 0.474419 0.0172408 0.0259452 0.0172408 0.529751 0.181852 0.0259452 0.181852 0.361681 
-95 13 0 -476.605 67.3486 -1.49737 0.550596 0.0394372 -0.148747 0.0394372 0.627471 0.0219835 -0.148747 0.0219835 0.309501 
-91 11 2 -457.122 56.762 11.6375 10.0231 -7.12477 2.71793 -7.12477 6.47189 -2.58912 2.71793 -2.58912 1.55417 
-101 13 0 -508.538 67.4746 1.30843 0.824144 -0.265355 0.0152914 -0.265355 0.714138 0.139579 0.0152914 0.139579 0.261121 
-91 13 0 -458.268 66.4446 0.06366 1.90079 -0.0849899 0.302779 -0.0849899 0.855946 0.00466242 0.302779 0.00466242 0.175759 
-96 14 0 -482.04 72.8011 0.340137 2.20987 -0.82936 -1.10174 -0.82936 0.748336 0.257024 -1.10174 0.257024 0.796591 
-92 13 0 -462.939 66.7985 -2.57683 0.787772 0.0720824 -0.708935 0.0720824 1.86922 -0.416854 -0.708935 -0.416854 1.7794 
-104 11 0 -522.261 57.3172 -1.1375 0.631682 0.021334 -0.124487 0.021334 0.41831 -0.102806 -0.124487 -0.102806 1.2141 
-102 10 0 -512.078 52.6641 -1.74369 0.608594 0.139445 -0.170801 0.139445 0.477766 -0.212939 -0.170801 -0.212939 0.577918 
-95 14 0 -478.077 73.0571 -0.874719 0.852142 -0.291549 1.0051 -0.291549 0.756037 -0.736036 1.0051 -0.736036 1.90203 
-95 11 0 -477.086 57.3566 -1.45511 0.427359 -0.158697 -0.0228626 -0.158697 0.904606 0.195143 -0.0228626 0.195143 0.220302 
-94 12 0 -472.332 62.2773 -2.24764 0.425203 0.0830618 -0.160423 0.0830618 0.665462 -0.122985 -0.160423 -0.122985 0.348331 
-101 14 0 -507.809 71.3144 0.420948 1.18815 -5.20013 17.6831 -5.20013 39.1377 -130.381 17.6831 -130.381 446.346 
-107 10 0 -536.998 51.8427 0.734246 0.888717 -0.435854 -0.17535 -0.435854 0.857067 0.130409 -0.17535 0.130409 0.225367 
-100 12 0 -502.749 62.3213 -0.480261 1.01902 -1.15282 0.112538 -1.15282 2.83652 0.269136 0.112538 0.269136 0.630439 
-95 11 3 -479.349 57.7123 15.9029 2.1119 2.35942 0.90885 2.35942 421.11 -60.9133 0.90885 -60.9133 11.7005 
-95 12 0 -477.825 62.6007 -2.17138 0.713188 -0.16915 0.333595 -0.16915 0.455977 -0.105999 0.333595 -0.105999 0.628318 
-109 10 0 -547.648 51.2526 1.31817 1.1667 -0.171081 0.11716 -0.171081 1.54063 0.287062 0.11716 0.287062 0.329175 
-99 13 0 -496.163 68.0818 0.792207 0.95548 -0.232268 -0.105568 -0.232268 0.811342 -0.248245 -0.105568 -0.248245 0.402637 
-102 11 0 -512.412 57.5906 -1.16328 0.46964 -0.0134694 -0.0358799 -0.0134694 0.379547 -0.0110794 -0.0358799 -0.0110794 0.790065 
-98 13 0 -492.777 66.5911 1.5401 2.44449 1.12688 -0.636417 1.12688 3.63715 -0.188903 -0.636417 -0.188903 0.433687 
-90 13 0 -452.771 66.7547 -0.702148 0.645524 -0.266201 0.133828 -0.266201 0.815405 -0.160421 0.133828 -0.160421 0.169927 
-99 12 0 -497.462 62.4223 -1.16549 0.406568 -0.0148326 0.784642 -0.0148326 1.22556 -4.12906 0.784642 -4.12906 25.4676 
-97 11 0 -487.968 57.256 -2.07082 0.568723 -0.00121096 0.20226 -0.00121096 0.440271 -0.0187459 0.20226 -0.0187459 0.391695 
-98 12 0 -491.921 61.8129 -1.62137 0.539221 -0.47385 2.1947 -0.47385 1.73043 -5.73368 2.1947 -5.73368 35.7526 
-90 15 0 -452.308 76.4165 -1.45804 0.902012 0.832955 -4.7343 0.832955 11.0615 -38.3751 -4.7343 -38.3751 145.843 
-94 15 0 -473.344 76.0175 1.25764 18.6163 -17.2333 -3.48899 -17.2333 16.9571 3.44744 -3.48899 3.44744 0.912524 
-91 10 2 -457.045 53.2143 12.0771 4.43065 4.01251 5.63257 4.01251 6.35076 6.23984 5.63257 6.23984 8.04475 
-104 10 1 -523.836 52.7847 5.87655 86.1581 -73.9828 127.231 -73.9828 67.5471 -104.139 127.231 -104.139 197.948 
-108 10 0 -543.12 52.4513 -1.00529 9.74186 -6.67652 59.4661 -6.67652 5.28623 -44.0698 59.4661 -44.0698 405.302 
-94 13 0 -472.212 68.1114 -2.03434 0.602588 -0.142962 -0.245729 -0.142962 0.767756 -0.0790681 -0.245729 -0.0790681 0.467968 
-96 15 0 -482.148 76.0801 -0.811796 1.53123 -0.97118 0.294763 -0.97118 1.32754 -0.176483 0.294763 -0.176483 2.70878 
-106 11 0 -531.015 56.8917 -1.10793 3.90778 -4.82401 22.6067 -4.82401 22.9409 -121.334 22.6067 -121.334 668.683 
-96 11 0 -481.374 57.9447 -0.0773611 0.931737 -0.0921534 -0.114998 -0.0921534 1.95294 -0.0682043 -0.114998 -0.0682043 0.157508 
-103 12 0 -517.584 61.9589 -0.105707 0.450461 0.0187297 -0.0323021 0.0187297 0.538847 -0.235049 -0.0323021 -0.235049 0.908133 
-102 14 1 -512.756 73.4329 6.72418 107.77 -178.205 -1.86426 -178.205 429.494 -6.8944 -1.86426 -6.8944 1.29228 
-96 12 0 -481.509 61.9415 -1.61669 1.47462 0.564128 0.0321984 0.564128 1.12985 0.303702 0.0321984 0.303702 0.664822 
-101 11 0 -507.453 57.7543 0.146783 0.971157 0.687903 -0.0648943 0.687903 1.11429 -0.00387191 -0.0648943 -0.00387191 0.2284 
-100 14 0 -502.674 72.1896 0.276665 1.96094 -3.89139 22.2303 -3.89139 13.4648 -67.5696 22.2303 -67.5696 359.829 
-100 10 2 -503.494 52.2655 11.8656 2.47841 -3.54664 -3.34021 -3.54664 6.2468 5.36738 -3.34021 5.36738 5.97843 
-102 12 0 -513.175 62.1635 -0.65071 0.620765 0.0968331 -0.50552 0.0968331 0.467358 -0.439491 -0.50552 -0.439491 4.32676 
-97 14 0 -486.495 70.7303 -1.21668 1.20663 2.41173 -0.823889 2.41173 45.9826 -139.369 -0.823889 -139.369 509.542 
-97 12 0 -488.132 61.497 -0.547567 0.724388 -0.00242738 0.0575378 -0.00242738 0.540868 0.0584783 0.0575378 0.0584783 0.193354 
-94 16 0 -474.23 81.8512 1.72694 21.9961 -14.4179 -2.06489 -14.4179 11.2077 1.64321 -2.06489 1.64321 0.463649 
-108 11 0 -541.697 56.5831 -0.697044 2.74537 -4.63728 33.9742 -4.63728 11.1295 -73.1796 33.9742 -73.1796 527.519 
-106 12 0 -531.865 62.6386 -0.106981 1.96915 4.19941 -27.2273 4.19941 12.7941 -79.3446 -27.2273 -79.3446 515.705 
-100 13 0 -502.464 67.9486 -0.172288 1.43312 0.500083 0.906796 0.500083 0.526196 1.20816 0.906796 1.20816 21.562 
-104 12 0 -522.476 62.147 -0.174198 0.483131 0.107424 -0.252827 0.107424 1.57508 -5.50705 -0.252827 -5.50705 28.7133 
-105 10 0 -526.535 51.7428 0.163953 0.901471 0.0924999 -0.159885 0.0924999 0.841422 0.132942 -0.159885 0.132942 0.246343 
-108 12 0 -543.405 62.0654 0.170948 0.75466 -0.783926 7.79206 -0.783926 2.38312 -16.1529 7.79206 -16.1529 129.464 
-105 12 0 -526.892 61.8957 1.22007 0.735901 0.0450545 -0.382117 0.0450545 1.02194 0.173397 -0.382117 0.173397 0.611655 
-93 13 0 -467.813 67.5487 -1.95829 0.598238 0.47335 -0.179247 0.47335 0.904499 -0.024998 -0.179247 -0.024998 0.372497 
-93 10 0 -467.37 52.5517 -4.37164 0.468745 0.012196 -0.25343 0.012196 0.76906 -0.763403 -0.25343 -0.763403 2.69248 
-103 14 0 -517.838 71.2746 2.9698 56.6061 -44.7736 -2.8629 -44.7736 521.342 12.1633 -2.8629 12.1633 1.52468 
-98 16 0 -491.047 83.2739 0.475604 2.13502 4.53019 -19.9926 4.53019 15.4764 -71.5667 -19.9926 -71.5667 344.273 
-99 15 0 -497.98 77.6884 0.698463 1.08706 -0.224137 2.08922 -0.224137 1.19729 -3.28252 2.08922 -3.28252 13.598 
-106 10 0 -532.763 51.6921 0.753968 0.495272 0.107442 0.0846335 0.107442 0.605673 0.122149 0.0846335 0.122149 0.137832 
-100 15 0 -501.562 76.5544 2.3855 6.83717 -17.408 -1.29283 -17.408 50.15 2.57588 -1.29283 2.57588 0.805634 
-102 14 0 -512.696 72.6699 1.58185 0.837577 0.449514 0.110898 0.449514 0.889159 -0.30259 0.110898 -0.30259 0.745993 
-97 16 0 -488.267 82.2805 0.550421 2.6123 5.62535 -19.7936 5.62535 24.3967 -78.4371 -19.7936 -78.4371 257.624 
-92 10 0 -462.198 52.5859 -3.13081 0.378774 0.111876 -0.0794944 0.111876 0.817777 -0.120678 -0.0794944 -0.120678 0.164009 
-95 10 0 -477.545 52.5378 -3.65479 0.535371 -0.0190497 0.176772 -0.0190497 0.673202 -0.152126 0.176772 -0.152126 0.790024 
-109 10 1 -547.779 50.4738 7.02917 38.0172 -62.625 -5.93488 -62.625 151.952 13.982 -5.93488 13.982 1.79631 
-106 13 0 -531.61 68.841 2.71993 2.92937 0.68011 -1.35997 0.68011 114.483 15.9394 -1.35997 15.9394 3.37237 
-102 13 0 -513.254 67.2424 0.892329 0.766225 0.012934 0.226379 0.012934 0.406396 -0.00960736 0.226379 -0.00960736 0.466743 
-91 11 1 -456.903 56.5564 7.25698 3.02149 0.060821 0.930561 0.060821 1.71298 0.0596526 0.930561 0.0596526 0.847226 
-106 10 1 -533.574 51.1557 7.07403 2.33682 0.132474 -0.460859 0.132474 2.21699 -0.213985 -0.460859 -0.213985 1.90101 
-106 14 0 -530.662 73.3171 3.86216 155.414 -223.808 -7.39749 -223.808 502.414 -7.94771 -7.39749 -7.94771 4.64563 
-98 10 0 -492.353 52.8771 -1.45314 0.525905 -0.0348174 -0.0699393 -0.0348174 0.515778 -0.138998 -0.0699393 -0.138998 0.300575 
-92 12 0 -461.972 62.1022 -1.84084 0.571041 0.0349494 -0.115957 0.0349494 0.369181 -0.0226479 -0.115957 -0.0226479 0.185483 
-99 14 0 -498.269 71.4965 0.815753 1.49975 2.63709 0.414324 2.63709 6.76092 1.16464 0.414324 1.16464 1.10353 
-107 10 1 -535.673 50.6908 6.59818 3.13751 -0.603259 0.398227 -0.603259 2.45574 0.382121 0.398227 0.382121 0.473325 
-107 11 0 -538.08 57.6081 -0.731916 1.94148 -3.3299 21.1654 -3.3299 9.53259 -61.3353 21.1654 -61.3353 419.17 
-105 10 1 -525.787 50.7644 7.24489 17.1245 -4.1538 -0.612866 -4.1538 6.96978 1.06821 -0.612866 1.06821 0.812264 
