-111 8 2 -559.325 43.1944 12.8574 35.4258 30.862 1.96225 30.862 239.074 38.1045 1.96225 38.1045 6.75743 
-110 6 2 -552.785 32.041 10.6925 0.705889 0.0144647 -1.24757 0.0144647 0.708003 -0.15322 -1.24757 -0.15322 4.83234 
-115 9 1 -578.783 49.2266 8.31815 303.767 -81.2581 -87.5028 -81.2581 56.3911 32.9818 -87.5028 32.9818 29.8134 
-112 5 1 -561.385 28.3587 8.18657 2.86937 -0.973585 1.28209 -0.973585 6.47765 4.66615 1.28209 4.66615 10.9403 
-111 5 1 -557.993 28.0611 7.98398 3.57978 -2.81537 2.96384 -2.81537 4.9335 -2.87833 2.96384 -2.87833 5.40329 
-115 0 1 -576.146 4.65064 8.02373 49.2787 -2.9632 -13.3391 -2.9632 26.4558 -5.41246 -13.3391 -5.41246 7.45717 
-114 7 1 -571.279 38.1797 7.80213 20.6848 -33.5386 -30.0374 -33.5386 80.094 75.8667 -30.0374 75.8667 73.4941 
-113 8 1 -567.033 43.081 7.54989 199.399 -158.817 -17.1319 -158.817 127.261 13.5147 -17.1319 13.5147 1.90341 
-110 6 1 -553.558 32.1825 8.05376 0.882902 0.3748 -0.030175 0.3748 1.9439 0.025073 -0.030175 0.025073 0.701396 
-111 8 1 -559.455 43.6814 7.30345 372.565 -153.398 -29.0307 -153.398 122.964 18.8755 -29.0307 18.8755 3.51802 
-111 9 1 -558.425 49.0308 6.94485 2.6324 -11.8357 -2.02247 -11.8357 65.0232 8.92697 -2.02247 8.92697 2.15662 
-113 9 1 -569.63 46.8086 8.16593 276.731 -26.8441 -30.5815 -26.8441 240.902 1.79078 -30.5815 1.79078 3.68277 
-110 9 1 -551.792 47.0577 6.76548 0.63381 0.576651 0.102468 0.576651 1.11973 -0.367883 0.102468 -0.367883 1.11735 
-112 7 0 -562.034 36.6666 1.06225 0.515068 0.603171 -0.200366 0.603171 1.5045 -0.500773 -0.200366 -0.500773 0.433612 
-111 6 1 -557.111 33.2635 7.30052 0.377864 0.119154 0.0238937 0.119154 0.725469 -0.0332293 0.0238937 -0.0332293 0.510386 
-111 8 0 -558.673 43.6022 1.21347 1.0335 0.0689037 0.406145 0.0689037 1.06154 -0.165642 0.406145 -0.165642 0.439606 
-111 7 0 -557.684 36.7972 1.29935 0.509173 0.263707 0.151318 0.263707 0.810731 0.0991483 0.151318 0.0991483 0.293338 
-113 6 0 -566.686 33.6248 -1.10833 1.50395 -3.67901 16.4297 -3.67901 18.2409 -84.3245 16.4297 -84.3245 402.406 
-111 3 0 -556.935 17.6964 -0.811744 1.00503 -0.822088 -1.04201 -0.822088 1.76492 2.15865 -1.04201 2.15865 3.47265 
-118 1 1 -590.882 6.38549 8.90726 36.9766 -41.5925 25.6525 -41.5925 50.4619 -31.5947 25.6525 -31.5947 21.221 
-112 2 0 -560.831 14.0388 -0.0263989 17.7263 -19.2684 5.32722 -19.2684 26.4607 -6.53593 5.32722 -6.53593 4.24536 
-110 6 0 -552.393 32.3255 -1.47205 0.699416 -0.0919156 0.305375 -0.0919156 0.440118 -0.0728332 0.305375 -0.0728332 0.595071 
-113 7 0 -567.99 37.8043 2.3287 0.914906 -0.339323 0.51115 -0.339323 1.58847 -0.567284 0.51115 -0.567284 0.599766 
-111 5 0 -558.128 27.3003 -1.86766 1.33952 -0.389298 -3.65843 -0.389298 0.887029 1.74381 -3.65843 1.74381 18.5774 
-110 0 0 -550.295 0.0522224 -1.49497 38.422 -1.24144 -6.4032 -1.24144 0.163242 -0.984061 -6.4032 -0.984061 109.303 
-110 5 0 -552.392 27.2923 -2.11623 0.968186 0.230186 -1.0806 0.230186 0.740134 -2.17245 -1.0806 -2.17245 21.5988 
-110 4 0 -551.524 23.3208 -2.21606 1.90207 0.382998 28.1545 0.382998 1.12605 13.7514 28.1545 13.7514 811.714 
-112 1 0 -560.034 6.62422 0.861438 4075.22 198.833 -56.3861 198.833 14.6008 -5.94986 -56.3861 -5.94986 17.5686 
-111 0 0 -559.799 3.21036 0.524958 680.165 40.6952 -16.9761 40.6952 3.22899 -1.5671 -16.9761 -1.5671 3.89493 
-112 6 0 -561.68 32.7973 1.11646 0.7388 -0.284125 -0.0734251 -0.284125 0.705376 -0.0562602 -0.0734251 -0.0562602 0.140014 
-110 9 0 -551.672 47.1333 1.55832 0.32313 -0.138159 -0.0981192 -0.138159 1.46309 0.226539 -0.0981192 0.226539 0.265194 
-114 6 0 -573.135 31.8498 -1.17679 1.39345 -2.10095 12.0271 -2.10095 7.39547 -46.0037 12.0271 -46.0037 304.811 
-113 8 0 -567.675 43.0553 2.35925 0.746951 -0.424246 -0.155613 -0.424246 0.723185 0.127772 -0.155613 0.127772 0.855187 
-110 3 0 -552 17.4043 -0.943268 1.09125 0.873051 0.880202 0.873051 2.00001 1.44001 0.880202 1.44001 1.80248 
-113 5 0 -566.25 27.8138 -1.71712 1.54496 -1.04385 11.1336 -1.04385 4.12307 -46.7615 11.1336 -46.7615 1113.2 
-114 1 1 -574.5 7.06679 7.47151 11.3367 -3.37057 1.5907 -3.37057 2.95409 -0.236842 1.5907 -0.236842 1.60118 
-112 6 1 -561.344 32.5202 7.75648 1.06907 0.660657 -0.815514 0.660657 1.99109 -1.61902 -0.815514 -1.61902 1.76732 
-112 8 0 -561.191 41.8855 1.70315 1.68097 0.790436 -0.0908253 0.790436 0.794781 0.0146466 -0.0908253 0.0146466 0.321685 
-111 9 0 -557.901 47.8172 1.86692 0.68887 0.422613 -0.0178225 0.422613 0.704991 -0.217717 -0.0178225 -0.217717 0.459831 
-111 1 0 -559.949 5.56512 0.564853 3576.12 379.709 -531.526 379.709 50.9961 -64.683 -531.526 -64.683 92.4377 
-110 8 0 -551.879 41.4912 -0.0170652 0.745919 0.0162441 -0.0942762 0.0162441 1.47414 0.0639342 -0.0942762 0.0639342 0.24325 
-114 2 0 -572.109 13.9557 3.5288 4.4844 -0.579728 -3.70102 -0.579728 2.61984 0.983171 -3.70102 0.983171 3.7785 
-112 9 0 -561.923 47.3546 1.52881 1.08619 0.962604 0.528028 0.962604 1.26604 0.550362 0.528028 0.550362 1.16122 
-114 8 0 -571.437 41.7524 2.46461 1.37608 0.196325 -0.207684 0.196325 0.737058 -0.105403 -0.207684 -0.105403 0.933281 
-113 9 0 -567.414 47.9366 2.07616 11.6031 -10.8797 56.127 -10.8797 11.4809 -55.3595 56.127 -55.3595 281.573 
-111 7 2 -557.657 35.9634 11.5167 4.88674 0.537329 -3.50318 0.537329 2.02503 -0.489814 -3.50318 -0.489814 2.87355 
-110 7 0 -552.714 37.1919 -0.379618 0.631651 -0.222669 0.128541 -0.222669 0.560576 -0.128025 0.128541 -0.128025 0.240205 
-114 9 0 -572.286 47.7406 3.13295 0.374913 0.112353 -0.0136767 0.112353 0.725859 -0.819279 -0.0136767 -0.819279 6.06602 
-112 7 1 -560.407 36.8733 7.37354 19.7253 -18.0749 5.53631 -18.0749 33.4679 -11.0231 5.53631 -11.0231 4.09769 
-115 1 1 -575.921 7.04104 7.45093 2.17329 0.177487 -0.161643 0.177487 1.169 0.284744 -0.161643 0.284744 0.580729 
-111 6 2 -557.071 33.1799 11.9135 1.74161 0.669645 2.18807 0.669645 1.04754 1.77959 2.18807 1.77959 4.98674 
-111 6 0 -557.321 33.0059 1.24404 0.40704 0.0672225 0.0052523 0.0672225 0.577015 0.0597314 0.0052523 0.0597314 0.120067 
-112 5 0 -561.601 27.4212 -0.511117 0.770006 0.264218 -0.211289 0.264218 1.56994 -0.504027 -0.211289 -0.504027 0.306787 
-111 7 1 -559.121 36.5659 7.09698 1.89773 -0.207684 -0.128372 -0.207684 1.66354 0.0905437 -0.128372 0.0905437 0.634276 
-110 7 1 -554.532 35.7511 7.19223 333.25 -128.46 -47.9759 -128.46 333.63 28.7228 -47.9759 28.7228 7.75192 
