-112 12 0 -561.797 61.4904 3.44448 4.08165 -0.495434 11.342 -0.495434 0.989131 -1.66591 11.342 -1.66591 34.0586 
-112 11 0 -562.756 57.2993 2.68564 9.05307 -9.22095 47.8126 -9.22095 10.2229 -52.7192 47.8126 -52.7192 289.114 
-111 12 0 -557.906 61.6359 2.55587 10.7694 -9.73604 54.6748 -9.73604 9.88012 -51.215 54.6748 -51.215 286.223 
-110 12 0 -553.102 62.9486 2.49511 2.73429 1.40453 0.627091 1.40453 1.00107 0.293182 0.627091 0.293182 0.658255 
-111 11 0 -556.558 58.2328 1.64901 39.4184 -28.1579 112.428 -28.1579 22.0634 -89.5802 112.428 -89.5802 378.991 
-111 10 0 -558.709 51.1675 1.80943 1.0836 -0.315246 0.916386 -0.315246 1.38892 -0.0268412 0.916386 -0.0268412 1.35722 
-112 10 0 -562.172 51.8735 2.3112 0.58396 0.0100162 -0.557902 0.0100162 0.324895 0.0981847 -0.557902 0.0981847 1.4875 
-110 11 0 -551.187 57.0355 2.12453 1.92212 -0.229182 -0.705145 -0.229182 2.31208 0.63298 -0.705145 0.63298 0.852683 
-110 10 0 -553.375 52.222 1.20266 1.88086 -0.598445 0.751941 -0.598445 1.13425 0.409602 0.751941 0.409602 1.18108 
-113 11 0 -567.123 57.2154 3.61149 6.99577 -7.56664 24.4692 -7.56664 8.74104 -27.0966 24.4692 -27.0966 92.6212 
-114 10 0 -570.872 51.5813 3.47034 78.8061 -63.9862 46.0395 -63.9862 54.6888 -70.5206 46.0395 -70.5206 846.405 
-113 10 0 -568.545 51.4158 2.92639 23.0029 -20.6982 103.668 -20.6982 23.0885 -103.469 103.668 -103.469 497.139 
-110 11 1 -550.596 56.1377 7.36125 263.307 -148.288 -30.9202 -148.288 129.506 24.2101 -30.9202 24.2101 5.19573 
-115 10 1 -576.578 54.2623 7.24337 363.964 -48.0186 -31.8136 -48.0186 181.681 13.4093 -31.8136 13.4093 3.6472 
-112 10 1 -560.059 50.9408 7.94255 433.354 0.134343 5.67393 0.134343 433.186 -10.2446 5.67393 -10.2446 0.750398 
